EUROPEAN CLIMATE ASSESSMENT & DATASET (ECA&D), file created on: 13-05-2019
THESE DATA CAN BE USED FOR NON-COMMERCIAL RESEARCH AND EDUCATION PROVIDED THAT THE FOLLOWING SOURCE IS ACKNOWLEDGED: 

Klein Tank, A.M.G. and Coauthors, 2002. Daily dataset of 20th-century surface
air temperature and precipitation series for the European Climate Assessment.
Int. J. of Climatol., 22, 1441-1453.
Data and metadata available at http://www.ecad.eu

FILE FORMAT (MISSING VALUE CODE = -9999):

01-06 STAID: Station identifier
08-13 SOUID: Source identifier
15-22 DATE : Date YYYYMMDD
24-28 TG   : Mean temperature in 0.1 &#176;C
30-34 Q_TG : quality code for TG (0='valid'; 1='suspect'; 9='missing')

This is the blended series of station NARVIK-FAGERNESFJELLET, NORWAY (STAID: 11095)
Blended and updated with sources:56753 
See files sources.txt and stations.txt for more info.

STAID, SOUID,    DATE,   TG, Q_TG
 11095, 56753,20141001,-9999,    9
 11095, 56753,20141002,-9999,    9
 11095, 56753,20141003,-9999,    9
 11095, 56753,20141004,-9999,    9
 11095, 56753,20141005,-9999,    9
 11095, 56753,20141006,-9999,    9
 11095, 56753,20141007,-9999,    9
 11095, 56753,20141008,-9999,    9
 11095, 56753,20141009,  -26,    0
 11095, 56753,20141010,   -4,    0
 11095, 56753,20141011,  -12,    0
 11095, 56753,20141012,  -34,    0
 11095, 56753,20141013,  -44,    0
 11095, 56753,20141014,  -38,    0
 11095, 56753,20141015,  -46,    0
 11095, 56753,20141016,  -40,    0
 11095, 56753,20141017,  -26,    0
 11095, 56753,20141018,  -35,    0
 11095, 56753,20141019,  -30,    0
 11095, 56753,20141020,  -33,    0
 11095, 56753,20141021,  -33,    0
 11095, 56753,20141022,  -37,    0
 11095, 56753,20141023,  -28,    0
 11095, 56753,20141024,   11,    0
 11095, 56753,20141025,   21,    0
 11095, 56753,20141026,   19,    0
 11095, 56753,20141027,  -11,    0
 11095, 56753,20141028,  -16,    0
 11095, 56753,20141029,  -25,    0
 11095, 56753,20141030,  -37,    0
 11095, 56753,20141031,  -65,    0
 11095, 56753,20141101,  -51,    0
 11095, 56753,20141102,    0,    0
 11095, 56753,20141103,  -10,    0
 11095, 56753,20141104,  -89,    0
 11095, 56753,20141105,  -86,    0
 11095, 56753,20141106,  -49,    0
 11095, 56753,20141107,   -4,    0
 11095, 56753,20141108,    1,    0
 11095, 56753,20141109,   -6,    0
 11095, 56753,20141110,  -33,    0
 11095, 56753,20141111,  -47,    0
 11095, 56753,20141112,  -78,    0
 11095, 56753,20141113,  -53,    0
 11095, 56753,20141114,  -21,    0
 11095, 56753,20141115,  -22,    0
 11095, 56753,20141116,   19,    0
 11095, 56753,20141117,   37,    0
 11095, 56753,20141118,   -7,    0
 11095, 56753,20141119,   13,    0
 11095, 56753,20141120,  -16,    0
 11095, 56753,20141121,   -9,    0
 11095, 56753,20141122,  -37,    0
 11095, 56753,20141123,  -31,    0
 11095, 56753,20141124,  -24,    0
 11095, 56753,20141125,  -16,    0
 11095, 56753,20141126,  -10,    0
 11095, 56753,20141127,   -1,    0
 11095, 56753,20141128,  -10,    0
 11095, 56753,20141129,  -14,    0
 11095, 56753,20141130,  -23,    0
 11095, 56753,20141201,  -62,    0
 11095, 56753,20141202,  -28,    0
 11095, 56753,20141203,  -44,    0
 11095, 56753,20141204,  -27,    0
 11095, 56753,20141205,    0,    0
 11095, 56753,20141206,  -59,    0
 11095, 56753,20141207,  -49,    0
 11095, 56753,20141208,  -53,    0
 11095, 56753,20141209,  -79,    0
 11095, 56753,20141210,  -51,    0
 11095, 56753,20141211,  -47,    0
 11095, 56753,20141212,  -61,    0
 11095, 56753,20141213,  -69,    0
 11095, 56753,20141214,  -62,    0
 11095, 56753,20141215,  -39,    0
 11095, 56753,20141216,  -53,    0
 11095, 56753,20141217,  -66,    0
 11095, 56753,20141218,  -86,    0
 11095, 56753,20141219,  -74,    0
 11095, 56753,20141220,  -91,    0
 11095, 56753,20141221,  -95,    0
 11095, 56753,20141222, -103,    0
 11095, 56753,20141223, -105,    0
 11095, 56753,20141224, -103,    0
 11095, 56753,20141225, -101,    0
 11095, 56753,20141226,  -94,    0
 11095, 56753,20141227, -103,    0
 11095, 56753,20141228, -116,    0
 11095, 56753,20141229,  -70,    0
 11095, 56753,20141230,  -14,    0
 11095, 56753,20141231,  -22,    0
 11095, 56753,20150101,   -1,    0
 11095, 56753,20150102,  -34,    0
 11095, 56753,20150103,  -59,    0
 11095, 56753,20150104,  -72,    0
 11095, 56753,20150105,  -67,    0
 11095, 56753,20150106,  -33,    0
 11095, 56753,20150107,  -26,    0
 11095, 56753,20150108,  -28,    0
 11095, 56753,20150109,  -46,    0
 11095, 56753,20150110, -107,    0
 11095, 56753,20150111, -138,    0
 11095, 56753,20150112, -147,    0
 11095, 56753,20150113, -106,    0
 11095, 56753,20150114,  -65,    0
 11095, 56753,20150115,  -52,    0
 11095, 56753,20150116,  -60,    0
 11095, 56753,20150117,  -64,    0
 11095, 56753,20150118,  -85,    0
 11095, 56753,20150119,  -76,    0
 11095, 56753,20150120,  -74,    0
 11095, 56753,20150121,  -49,    0
 11095, 56753,20150122,  -61,    0
 11095, 56753,20150123,  -64,    0
 11095, 56753,20150124,  -64,    0
 11095, 56753,20150125,  -50,    0
 11095, 56753,20150126,  -35,    0
 11095, 56753,20150127,  -59,    0
 11095, 56753,20150128,  -62,    0
 11095, 56753,20150129, -105,    0
 11095, 56753,20150130, -101,    0
 11095, 56753,20150131,  -78,    0
 11095, 56753,20150201, -100,    0
 11095, 56753,20150202, -122,    0
 11095, 56753,20150203, -129,    0
 11095, 56753,20150204, -106,    0
 11095, 56753,20150205,  -51,    0
 11095, 56753,20150206,  -49,    0
 11095, 56753,20150207,  -75,    0
 11095, 56753,20150208, -112,    0
 11095, 56753,20150209,  -35,    0
 11095, 56753,20150210,  -52,    0
 11095, 56753,20150211,  -68,    0
 11095, 56753,20150212,  -96,    0
 11095, 56753,20150213, -123,    0
 11095, 56753,20150214, -128,    0
 11095, 56753,20150215,  -48,    0
 11095, 56753,20150216,  -20,    0
 11095, 56753,20150217,  -48,    0
 11095, 56753,20150218,  -81,    0
 11095, 56753,20150219,  -26,    0
 11095, 56753,20150220,  -41,    0
 11095, 56753,20150221,  -44,    0
 11095, 56753,20150222,  -69,    0
 11095, 56753,20150223,  -77,    0
 11095, 56753,20150224,  -50,    0
 11095, 56753,20150225,  -42,    0
 11095, 56753,20150226,  -36,    0
 11095, 56753,20150227,  -35,    0
 11095, 56753,20150228,  -27,    0
 11095, 56753,20150301,  -18,    0
 11095, 56753,20150302,  -25,    0
 11095, 56753,20150303,  -47,    0
 11095, 56753,20150304,  -54,    0
 11095, 56753,20150305,  -49,    0
 11095, 56753,20150306,  -43,    0
 11095, 56753,20150307,  -29,    0
 11095, 56753,20150308,  -53,    0
 11095, 56753,20150309,  -63,    0
 11095, 56753,20150310,  -68,    0
 11095, 56753,20150311,  -54,    0
 11095, 56753,20150312,  -28,    0
 11095, 56753,20150313,   -5,    0
 11095, 56753,20150314,  -21,    0
 11095, 56753,20150315,   16,    0
 11095, 56753,20150316,   -1,    0
 11095, 56753,20150317,  -22,    0
 11095, 56753,20150318,  -27,    0
 11095, 56753,20150319,  -59,    0
 11095, 56753,20150320, -114,    0
 11095, 56753,20150321, -117,    0
 11095, 56753,20150322,  -65,    0
 11095, 56753,20150323,  -57,    0
 11095, 56753,20150324, -111,    0
 11095, 56753,20150325,  -75,    0
 11095, 56753,20150326,  -70,    0
 11095, 56753,20150327,  -52,    0
 11095, 56753,20150328,  -42,    0
 11095, 56753,20150329,  -27,    0
 11095, 56753,20150330,  -42,    0
 11095, 56753,20150331,  -58,    0
 11095, 56753,20150401,  -50,    0
 11095, 56753,20150402,  -43,    0
 11095, 56753,20150403,  -57,    0
 11095, 56753,20150404,  -59,    0
 11095, 56753,20150405,  -47,    0
 11095, 56753,20150406,  -28,    0
 11095, 56753,20150407,  -27,    0
 11095, 56753,20150408,  -49,    0
 11095, 56753,20150409,  -45,    0
 11095, 56753,20150410,  -61,    0
 11095, 56753,20150411,  -56,    0
 11095, 56753,20150412,  -25,    0
 11095, 56753,20150413,  -47,    0
 11095, 56753,20150414,  -54,    0
 11095, 56753,20150415,-9999,    9
 11095, 56753,20150416,-9999,    9
 11095, 56753,20150417,-9999,    9
 11095, 56753,20150418,-9999,    9
 11095, 56753,20150419,-9999,    9
 11095, 56753,20150420,-9999,    9
 11095, 56753,20150421,-9999,    9
 11095, 56753,20150422,-9999,    9
 11095, 56753,20150423,-9999,    9
 11095, 56753,20150424,-9999,    9
 11095, 56753,20150425,-9999,    9
 11095, 56753,20150426,-9999,    9
 11095, 56753,20150427,-9999,    9
 11095, 56753,20150428,-9999,    9
 11095, 56753,20150429,-9999,    9
 11095, 56753,20150430,-9999,    9
 11095, 56753,20150501,-9999,    9
 11095, 56753,20150502,-9999,    9
 11095, 56753,20150503,-9999,    9
 11095, 56753,20150504,-9999,    9
 11095, 56753,20150505,-9999,    9
 11095, 56753,20150506,-9999,    9
 11095, 56753,20150507,-9999,    9
 11095, 56753,20150508,-9999,    9
 11095, 56753,20150509,-9999,    9
 11095, 56753,20150510,-9999,    9
 11095, 56753,20150511,-9999,    9
 11095, 56753,20150512,-9999,    9
 11095, 56753,20150513,-9999,    9
 11095, 56753,20150514,-9999,    9
 11095, 56753,20150515,-9999,    9
 11095, 56753,20150516,-9999,    9
 11095, 56753,20150517,-9999,    9
 11095, 56753,20150518,-9999,    9
 11095, 56753,20150519,-9999,    9
 11095, 56753,20150520,-9999,    9
 11095, 56753,20150521,-9999,    9
 11095, 56753,20150522,-9999,    9
 11095, 56753,20150523,-9999,    9
 11095, 56753,20150524,-9999,    9
 11095, 56753,20150525,-9999,    9
 11095, 56753,20150526,-9999,    9
 11095, 56753,20150527,-9999,    9
 11095, 56753,20150528,-9999,    9
 11095, 56753,20150529,-9999,    9
 11095, 56753,20150530,-9999,    9
 11095, 56753,20150531,-9999,    9
 11095, 56753,20150601,-9999,    9
 11095, 56753,20150602,-9999,    9
 11095, 56753,20150603,-9999,    9
 11095, 56753,20150604,-9999,    9
 11095, 56753,20150605,-9999,    9
 11095, 56753,20150606,-9999,    9
 11095, 56753,20150607,-9999,    9
 11095, 56753,20150608,-9999,    9
 11095, 56753,20150609,-9999,    9
 11095, 56753,20150610,-9999,    9
 11095, 56753,20150611,-9999,    9
 11095, 56753,20150612,-9999,    9
 11095, 56753,20150613,-9999,    9
 11095, 56753,20150614,-9999,    9
 11095, 56753,20150615,-9999,    9
 11095, 56753,20150616,-9999,    9
 11095, 56753,20150617,-9999,    9
 11095, 56753,20150618,-9999,    9
 11095, 56753,20150619,-9999,    9
 11095, 56753,20150620,-9999,    9
 11095, 56753,20150621,-9999,    9
 11095, 56753,20150622,-9999,    9
 11095, 56753,20150623,-9999,    9
 11095, 56753,20150624,-9999,    9
 11095, 56753,20150625,-9999,    9
 11095, 56753,20150626,-9999,    9
 11095, 56753,20150627,-9999,    9
 11095, 56753,20150628,-9999,    9
 11095, 56753,20150629,-9999,    9
 11095, 56753,20150630,-9999,    9
 11095, 56753,20150701,-9999,    9
 11095, 56753,20150702,-9999,    9
 11095, 56753,20150703,-9999,    9
 11095, 56753,20150704,-9999,    9
 11095, 56753,20150705,-9999,    9
 11095, 56753,20150706,-9999,    9
 11095, 56753,20150707,-9999,    9
 11095, 56753,20150708,-9999,    9
 11095, 56753,20150709,-9999,    9
 11095, 56753,20150710,-9999,    9
 11095, 56753,20150711,-9999,    9
 11095, 56753,20150712,-9999,    9
 11095, 56753,20150713,-9999,    9
 11095, 56753,20150714,-9999,    9
 11095, 56753,20150715,-9999,    9
 11095, 56753,20150716,-9999,    9
 11095, 56753,20150717,-9999,    9
 11095, 56753,20150718,-9999,    9
 11095, 56753,20150719,-9999,    9
 11095, 56753,20150720,-9999,    9
 11095, 56753,20150721,-9999,    9
 11095, 56753,20150722,-9999,    9
 11095, 56753,20150723,-9999,    9
 11095, 56753,20150724,-9999,    9
 11095, 56753,20150725,-9999,    9
 11095, 56753,20150726,-9999,    9
 11095, 56753,20150727,-9999,    9
 11095, 56753,20150728,-9999,    9
 11095, 56753,20150729,-9999,    9
 11095, 56753,20150730,-9999,    9
 11095, 56753,20150731,-9999,    9
 11095, 56753,20150801,-9999,    9
 11095, 56753,20150802,-9999,    9
 11095, 56753,20150803,-9999,    9
 11095, 56753,20150804,-9999,    9
 11095, 56753,20150805,-9999,    9
 11095, 56753,20150806,-9999,    9
 11095, 56753,20150807,-9999,    9
 11095, 56753,20150808,-9999,    9
 11095, 56753,20150809,-9999,    9
 11095, 56753,20150810,-9999,    9
 11095, 56753,20150811,-9999,    9
 11095, 56753,20150812,-9999,    9
 11095, 56753,20150813,-9999,    9
 11095, 56753,20150814,-9999,    9
 11095, 56753,20150815,-9999,    9
 11095, 56753,20150816,-9999,    9
 11095, 56753,20150817,-9999,    9
 11095, 56753,20150818,-9999,    9
 11095, 56753,20150819,-9999,    9
 11095, 56753,20150820,-9999,    9
 11095, 56753,20150821,-9999,    9
 11095, 56753,20150822,-9999,    9
 11095, 56753,20150823,-9999,    9
 11095, 56753,20150824,-9999,    9
 11095, 56753,20150825,-9999,    9
 11095, 56753,20150826,-9999,    9
 11095, 56753,20150827,-9999,    9
 11095, 56753,20150828,-9999,    9
 11095, 56753,20150829,-9999,    9
 11095, 56753,20150830,-9999,    9
 11095, 56753,20150831,-9999,    9
 11095, 56753,20150901,-9999,    9
 11095, 56753,20150902,-9999,    9
 11095, 56753,20150903,-9999,    9
 11095, 56753,20150904,-9999,    9
 11095, 56753,20150905,-9999,    9
 11095, 56753,20150906,-9999,    9
 11095, 56753,20150907,-9999,    9
 11095, 56753,20150908,-9999,    9
 11095, 56753,20150909,-9999,    9
 11095, 56753,20150910,-9999,    9
 11095, 56753,20150911,-9999,    9
 11095, 56753,20150912,-9999,    9
 11095, 56753,20150913,-9999,    9
 11095, 56753,20150914,-9999,    9
 11095, 56753,20150915,-9999,    9
 11095, 56753,20150916,-9999,    9
 11095, 56753,20150917,-9999,    9
 11095, 56753,20150918,-9999,    9
 11095, 56753,20150919,-9999,    9
 11095, 56753,20150920,-9999,    9
 11095, 56753,20150921,-9999,    9
 11095, 56753,20150922,-9999,    9
 11095, 56753,20150923,-9999,    9
 11095, 56753,20150924,-9999,    9
 11095, 56753,20150925,-9999,    9
 11095, 56753,20150926,-9999,    9
 11095, 56753,20150927,-9999,    9
 11095, 56753,20150928,-9999,    9
 11095, 56753,20150929,-9999,    9
 11095, 56753,20150930,-9999,    9
 11095, 56753,20151001,-9999,    9
 11095, 56753,20151002,-9999,    9
 11095, 56753,20151003,-9999,    9
 11095, 56753,20151004,-9999,    9
 11095, 56753,20151005,-9999,    9
 11095, 56753,20151006,-9999,    9
 11095, 56753,20151007,-9999,    9
 11095, 56753,20151008,-9999,    9
 11095, 56753,20151009,-9999,    9
 11095, 56753,20151010,-9999,    9
 11095, 56753,20151011,-9999,    9
 11095, 56753,20151012,-9999,    9
 11095, 56753,20151013,-9999,    9
 11095, 56753,20151014,-9999,    9
 11095, 56753,20151015,-9999,    9
 11095, 56753,20151016,-9999,    9
 11095, 56753,20151017,-9999,    9
 11095, 56753,20151018,-9999,    9
 11095, 56753,20151019,-9999,    9
 11095, 56753,20151020,-9999,    9
 11095, 56753,20151021,-9999,    9
 11095, 56753,20151022,-9999,    9
 11095, 56753,20151023,-9999,    9
 11095, 56753,20151024,-9999,    9
 11095, 56753,20151025,-9999,    9
 11095, 56753,20151026,-9999,    9
 11095, 56753,20151027,-9999,    9
 11095, 56753,20151028,-9999,    9
 11095, 56753,20151029,-9999,    9
 11095, 56753,20151030,-9999,    9
 11095, 56753,20151031,-9999,    9
 11095, 56753,20151101,-9999,    9
 11095, 56753,20151102,-9999,    9
 11095, 56753,20151103,-9999,    9
 11095, 56753,20151104,-9999,    9
 11095, 56753,20151105,-9999,    9
 11095, 56753,20151106,-9999,    9
 11095, 56753,20151107,-9999,    9
 11095, 56753,20151108,-9999,    9
 11095, 56753,20151109,-9999,    9
 11095, 56753,20151110,-9999,    9
 11095, 56753,20151111,-9999,    9
 11095, 56753,20151112,-9999,    9
 11095, 56753,20151113,-9999,    9
 11095, 56753,20151114,-9999,    9
 11095, 56753,20151115,-9999,    9
 11095, 56753,20151116,-9999,    9
 11095, 56753,20151117,-9999,    9
 11095, 56753,20151118,-9999,    9
 11095, 56753,20151119,-9999,    9
 11095, 56753,20151120,-9999,    9
 11095, 56753,20151121,-9999,    9
 11095, 56753,20151122,-9999,    9
 11095, 56753,20151123,-9999,    9
 11095, 56753,20151124,-9999,    9
 11095, 56753,20151125,-9999,    9
 11095, 56753,20151126,-9999,    9
 11095, 56753,20151127,-9999,    9
 11095, 56753,20151128,-9999,    9
 11095, 56753,20151129,-9999,    9
 11095, 56753,20151130,-9999,    9
 11095, 56753,20151201,-9999,    9
 11095, 56753,20151202,-9999,    9
 11095, 56753,20151203,-9999,    9
 11095, 56753,20151204,-9999,    9
 11095, 56753,20151205,-9999,    9
 11095, 56753,20151206,-9999,    9
 11095, 56753,20151207,-9999,    9
 11095, 56753,20151208,-9999,    9
 11095, 56753,20151209,-9999,    9
 11095, 56753,20151210,-9999,    9
 11095, 56753,20151211,-9999,    9
 11095, 56753,20151212,-9999,    9
 11095, 56753,20151213,-9999,    9
 11095, 56753,20151214,-9999,    9
 11095, 56753,20151215,-9999,    9
 11095, 56753,20151216,-9999,    9
 11095, 56753,20151217,-9999,    9
 11095, 56753,20151218,-9999,    9
 11095, 56753,20151219,-9999,    9
 11095, 56753,20151220,-9999,    9
 11095, 56753,20151221,-9999,    9
 11095, 56753,20151222,-9999,    9
 11095, 56753,20151223,-9999,    9
 11095, 56753,20151224,-9999,    9
 11095, 56753,20151225,-9999,    9
 11095, 56753,20151226,-9999,    9
 11095, 56753,20151227,-9999,    9
 11095, 56753,20151228,-9999,    9
 11095, 56753,20151229,-9999,    9
 11095, 56753,20151230,-9999,    9
 11095, 56753,20151231,-9999,    9
 11095, 56753,20160101,-9999,    9
 11095, 56753,20160102,-9999,    9
 11095, 56753,20160103,-9999,    9
 11095, 56753,20160104,-9999,    9
 11095, 56753,20160105,-9999,    9
 11095, 56753,20160106,-9999,    9
 11095, 56753,20160107,-9999,    9
 11095, 56753,20160108,-9999,    9
 11095, 56753,20160109,-9999,    9
 11095, 56753,20160110,-9999,    9
 11095, 56753,20160111,-9999,    9
 11095, 56753,20160112,-9999,    9
 11095, 56753,20160113,-9999,    9
 11095, 56753,20160114,-9999,    9
 11095, 56753,20160115,-9999,    9
 11095, 56753,20160116,-9999,    9
 11095, 56753,20160117,-9999,    9
 11095, 56753,20160118,-9999,    9
 11095, 56753,20160119,-9999,    9
 11095, 56753,20160120,-9999,    9
 11095, 56753,20160121,-9999,    9
 11095, 56753,20160122,-9999,    9
 11095, 56753,20160123,-9999,    9
 11095, 56753,20160124,-9999,    9
 11095, 56753,20160125,-9999,    9
 11095, 56753,20160126,-9999,    9
 11095, 56753,20160127,-9999,    9
 11095, 56753,20160128,-9999,    9
 11095, 56753,20160129,-9999,    9
 11095, 56753,20160130,-9999,    9
 11095, 56753,20160131,-9999,    9
 11095, 56753,20160201,-9999,    9
 11095, 56753,20160202,-9999,    9
 11095, 56753,20160203,-9999,    9
 11095, 56753,20160204,-9999,    9
 11095, 56753,20160205,-9999,    9
 11095, 56753,20160206,-9999,    9
 11095, 56753,20160207,-9999,    9
 11095, 56753,20160208,-9999,    9
 11095, 56753,20160209,-9999,    9
 11095, 56753,20160210,-9999,    9
 11095, 56753,20160211,-9999,    9
 11095, 56753,20160212,-9999,    9
 11095, 56753,20160213,-9999,    9
 11095, 56753,20160214,-9999,    9
 11095, 56753,20160215,-9999,    9
 11095, 56753,20160216,-9999,    9
 11095, 56753,20160217,-9999,    9
 11095, 56753,20160218,-9999,    9
 11095, 56753,20160219,-9999,    9
 11095, 56753,20160220,-9999,    9
 11095, 56753,20160221,-9999,    9
 11095, 56753,20160222,-9999,    9
 11095, 56753,20160223,-9999,    9
 11095, 56753,20160224,-9999,    9
 11095, 56753,20160225,-9999,    9
 11095, 56753,20160226,-9999,    9
 11095, 56753,20160227,-9999,    9
 11095, 56753,20160228,-9999,    9
 11095, 56753,20160229,-9999,    9
 11095, 56753,20160301,-9999,    9
 11095, 56753,20160302,-9999,    9
 11095, 56753,20160303,-9999,    9
 11095, 56753,20160304,-9999,    9
 11095, 56753,20160305,-9999,    9
 11095, 56753,20160306,-9999,    9
 11095, 56753,20160307,-9999,    9
 11095, 56753,20160308,-9999,    9
 11095, 56753,20160309,-9999,    9
 11095, 56753,20160310,-9999,    9
 11095, 56753,20160311,-9999,    9
 11095, 56753,20160312,-9999,    9
 11095, 56753,20160313,-9999,    9
 11095, 56753,20160314,-9999,    9
 11095, 56753,20160315,-9999,    9
 11095, 56753,20160316,-9999,    9
 11095, 56753,20160317,-9999,    9
 11095, 56753,20160318,-9999,    9
 11095, 56753,20160319,-9999,    9
 11095, 56753,20160320,-9999,    9
 11095, 56753,20160321,-9999,    9
 11095, 56753,20160322,-9999,    9
 11095, 56753,20160323,-9999,    9
 11095, 56753,20160324,-9999,    9
 11095, 56753,20160325,-9999,    9
 11095, 56753,20160326,-9999,    9
 11095, 56753,20160327,-9999,    9
 11095, 56753,20160328,-9999,    9
 11095, 56753,20160329,-9999,    9
 11095, 56753,20160330,-9999,    9
 11095, 56753,20160331,-9999,    9
 11095, 56753,20160401,-9999,    9
 11095, 56753,20160402,-9999,    9
 11095, 56753,20160403,-9999,    9
 11095, 56753,20160404,-9999,    9
 11095, 56753,20160405,-9999,    9
 11095, 56753,20160406,-9999,    9
 11095, 56753,20160407,-9999,    9
 11095, 56753,20160408,-9999,    9
 11095, 56753,20160409,-9999,    9
 11095, 56753,20160410,-9999,    9
 11095, 56753,20160411,-9999,    9
 11095, 56753,20160412,-9999,    9
 11095, 56753,20160413,-9999,    9
 11095, 56753,20160414,-9999,    9
 11095, 56753,20160415,-9999,    9
 11095, 56753,20160416,-9999,    9
 11095, 56753,20160417,-9999,    9
 11095, 56753,20160418,-9999,    9
 11095, 56753,20160419,-9999,    9
 11095, 56753,20160420,-9999,    9
 11095, 56753,20160421,-9999,    9
 11095, 56753,20160422,-9999,    9
 11095, 56753,20160423,-9999,    9
 11095, 56753,20160424,-9999,    9
 11095, 56753,20160425,-9999,    9
 11095, 56753,20160426,-9999,    9
 11095, 56753,20160427,-9999,    9
 11095, 56753,20160428,-9999,    9
 11095, 56753,20160429,-9999,    9
 11095, 56753,20160430,-9999,    9
 11095, 56753,20160501,-9999,    9
 11095, 56753,20160502,-9999,    9
 11095, 56753,20160503,-9999,    9
 11095, 56753,20160504,-9999,    9
 11095, 56753,20160505,-9999,    9
 11095, 56753,20160506,-9999,    9
 11095, 56753,20160507,-9999,    9
 11095, 56753,20160508,-9999,    9
 11095, 56753,20160509,-9999,    9
 11095, 56753,20160510,-9999,    9
 11095, 56753,20160511,-9999,    9
 11095, 56753,20160512,-9999,    9
 11095, 56753,20160513,-9999,    9
 11095, 56753,20160514,-9999,    9
 11095, 56753,20160515,-9999,    9
 11095, 56753,20160516,-9999,    9
 11095, 56753,20160517,-9999,    9
 11095, 56753,20160518,-9999,    9
 11095, 56753,20160519,-9999,    9
 11095, 56753,20160520,-9999,    9
 11095, 56753,20160521,-9999,    9
 11095, 56753,20160522,-9999,    9
 11095, 56753,20160523,-9999,    9
 11095, 56753,20160524,-9999,    9
 11095, 56753,20160525,-9999,    9
 11095, 56753,20160526,-9999,    9
 11095, 56753,20160527,-9999,    9
 11095, 56753,20160528,-9999,    9
 11095, 56753,20160529,-9999,    9
 11095, 56753,20160530,-9999,    9
 11095, 56753,20160531,-9999,    9
 11095, 56753,20160601,-9999,    9
 11095, 56753,20160602,-9999,    9
 11095, 56753,20160603,-9999,    9
 11095, 56753,20160604,-9999,    9
 11095, 56753,20160605,-9999,    9
 11095, 56753,20160606,-9999,    9
 11095, 56753,20160607,-9999,    9
 11095, 56753,20160608,-9999,    9
 11095, 56753,20160609,-9999,    9
 11095, 56753,20160610,-9999,    9
 11095, 56753,20160611,-9999,    9
 11095, 56753,20160612,-9999,    9
 11095, 56753,20160613,-9999,    9
 11095, 56753,20160614,-9999,    9
 11095, 56753,20160615,-9999,    9
 11095, 56753,20160616,-9999,    9
 11095, 56753,20160617,-9999,    9
 11095, 56753,20160618,-9999,    9
 11095, 56753,20160619,-9999,    9
 11095, 56753,20160620,-9999,    9
 11095, 56753,20160621,-9999,    9
 11095, 56753,20160622,-9999,    9
 11095, 56753,20160623,-9999,    9
 11095, 56753,20160624,-9999,    9
 11095, 56753,20160625,-9999,    9
 11095, 56753,20160626,-9999,    9
 11095, 56753,20160627,-9999,    9
 11095, 56753,20160628,-9999,    9
 11095, 56753,20160629,-9999,    9
 11095, 56753,20160630,-9999,    9
 11095, 56753,20160701,-9999,    9
 11095, 56753,20160702,-9999,    9
 11095, 56753,20160703,-9999,    9
 11095, 56753,20160704,-9999,    9
 11095, 56753,20160705,-9999,    9
 11095, 56753,20160706,-9999,    9
 11095, 56753,20160707,-9999,    9
 11095, 56753,20160708,-9999,    9
 11095, 56753,20160709,-9999,    9
 11095, 56753,20160710,-9999,    9
 11095, 56753,20160711,-9999,    9
 11095, 56753,20160712,-9999,    9
 11095, 56753,20160713,-9999,    9
 11095, 56753,20160714,-9999,    9
 11095, 56753,20160715,-9999,    9
 11095, 56753,20160716,-9999,    9
 11095, 56753,20160717,-9999,    9
 11095, 56753,20160718,-9999,    9
 11095, 56753,20160719,-9999,    9
 11095, 56753,20160720,-9999,    9
 11095, 56753,20160721,-9999,    9
 11095, 56753,20160722,-9999,    9
 11095, 56753,20160723,-9999,    9
 11095, 56753,20160724,-9999,    9
 11095, 56753,20160725,-9999,    9
 11095, 56753,20160726,-9999,    9
 11095, 56753,20160727,-9999,    9
 11095, 56753,20160728,-9999,    9
 11095, 56753,20160729,-9999,    9
 11095, 56753,20160730,-9999,    9
 11095, 56753,20160731,-9999,    9
 11095, 56753,20160801,-9999,    9
 11095, 56753,20160802,-9999,    9
 11095, 56753,20160803,-9999,    9
 11095, 56753,20160804,-9999,    9
 11095, 56753,20160805,-9999,    9
 11095, 56753,20160806,-9999,    9
 11095, 56753,20160807,-9999,    9
 11095, 56753,20160808,-9999,    9
 11095, 56753,20160809,-9999,    9
 11095, 56753,20160810,-9999,    9
 11095, 56753,20160811,-9999,    9
 11095, 56753,20160812,-9999,    9
 11095, 56753,20160813,-9999,    9
 11095, 56753,20160814,-9999,    9
 11095, 56753,20160815,-9999,    9
 11095, 56753,20160816,-9999,    9
 11095, 56753,20160817,-9999,    9
 11095, 56753,20160818,-9999,    9
 11095, 56753,20160819,-9999,    9
 11095, 56753,20160820,-9999,    9
 11095, 56753,20160821,-9999,    9
 11095, 56753,20160822,-9999,    9
 11095, 56753,20160823,-9999,    9
 11095, 56753,20160824,-9999,    9
 11095, 56753,20160825,-9999,    9
 11095, 56753,20160826,-9999,    9
 11095, 56753,20160827,-9999,    9
 11095, 56753,20160828,-9999,    9
 11095, 56753,20160829,-9999,    9
 11095, 56753,20160830,-9999,    9
 11095, 56753,20160831,-9999,    9
 11095, 56753,20160901,-9999,    9
 11095, 56753,20160902,-9999,    9
 11095, 56753,20160903,-9999,    9
 11095, 56753,20160904,-9999,    9
 11095, 56753,20160905,-9999,    9
 11095, 56753,20160906,-9999,    9
 11095, 56753,20160907,-9999,    9
 11095, 56753,20160908,-9999,    9
 11095, 56753,20160909,-9999,    9
 11095, 56753,20160910,-9999,    9
 11095, 56753,20160911,-9999,    9
 11095, 56753,20160912,-9999,    9
 11095, 56753,20160913,-9999,    9
 11095, 56753,20160914,-9999,    9
 11095, 56753,20160915,-9999,    9
 11095, 56753,20160916,-9999,    9
 11095, 56753,20160917,-9999,    9
 11095, 56753,20160918,-9999,    9
 11095, 56753,20160919,-9999,    9
 11095, 56753,20160920,-9999,    9
 11095, 56753,20160921,-9999,    9
 11095, 56753,20160922,-9999,    9
 11095, 56753,20160923,-9999,    9
 11095, 56753,20160924,-9999,    9
 11095, 56753,20160925,-9999,    9
 11095, 56753,20160926,-9999,    9
 11095, 56753,20160927,-9999,    9
 11095, 56753,20160928,-9999,    9
 11095, 56753,20160929,-9999,    9
 11095, 56753,20160930,-9999,    9
 11095, 56753,20161001,-9999,    9
 11095, 56753,20161002,-9999,    9
 11095, 56753,20161003,-9999,    9
 11095, 56753,20161004,-9999,    9
 11095, 56753,20161005,-9999,    9
 11095, 56753,20161006,-9999,    9
 11095, 56753,20161007,-9999,    9
 11095, 56753,20161008,-9999,    9
 11095, 56753,20161009,-9999,    9
 11095, 56753,20161010,-9999,    9
 11095, 56753,20161011,-9999,    9
 11095, 56753,20161012,-9999,    9
 11095, 56753,20161013,-9999,    9
 11095, 56753,20161014,-9999,    9
 11095, 56753,20161015,-9999,    9
 11095, 56753,20161016,-9999,    9
 11095, 56753,20161017,-9999,    9
 11095, 56753,20161018,-9999,    9
 11095, 56753,20161019,-9999,    9
 11095, 56753,20161020,-9999,    9
 11095, 56753,20161021,-9999,    9
 11095, 56753,20161022,-9999,    9
 11095, 56753,20161023,-9999,    9
 11095, 56753,20161024,-9999,    9
 11095, 56753,20161025,-9999,    9
 11095, 56753,20161026,-9999,    9
 11095, 56753,20161027,-9999,    9
 11095, 56753,20161028,-9999,    9
 11095, 56753,20161029,-9999,    9
 11095, 56753,20161030,-9999,    9
 11095, 56753,20161031,-9999,    9
 11095, 56753,20161101,-9999,    9
 11095, 56753,20161102,-9999,    9
 11095, 56753,20161103,-9999,    9
 11095, 56753,20161104,-9999,    9
 11095, 56753,20161105,-9999,    9
 11095, 56753,20161106,-9999,    9
 11095, 56753,20161107,-9999,    9
 11095, 56753,20161108,-9999,    9
 11095, 56753,20161109,-9999,    9
 11095, 56753,20161110,-9999,    9
 11095, 56753,20161111,-9999,    9
 11095, 56753,20161112,-9999,    9
 11095, 56753,20161113,-9999,    9
 11095, 56753,20161114,-9999,    9
 11095, 56753,20161115,-9999,    9
 11095, 56753,20161116,-9999,    9
 11095, 56753,20161117,-9999,    9
 11095, 56753,20161118,-9999,    9
 11095, 56753,20161119,-9999,    9
 11095, 56753,20161120,-9999,    9
 11095, 56753,20161121,-9999,    9
 11095, 56753,20161122,-9999,    9
 11095, 56753,20161123,-9999,    9
 11095, 56753,20161124,-9999,    9
 11095, 56753,20161125,-9999,    9
 11095, 56753,20161126,-9999,    9
 11095, 56753,20161127,-9999,    9
 11095, 56753,20161128,-9999,    9
 11095, 56753,20161129,-9999,    9
 11095, 56753,20161130,-9999,    9
 11095, 56753,20161201,-9999,    9
 11095, 56753,20161202,-9999,    9
 11095, 56753,20161203,-9999,    9
 11095, 56753,20161204,-9999,    9
 11095, 56753,20161205,-9999,    9
 11095, 56753,20161206,-9999,    9
 11095, 56753,20161207,-9999,    9
 11095, 56753,20161208,-9999,    9
 11095, 56753,20161209,-9999,    9
 11095, 56753,20161210,-9999,    9
 11095, 56753,20161211,-9999,    9
 11095, 56753,20161212,-9999,    9
 11095, 56753,20161213,-9999,    9
 11095, 56753,20161214,-9999,    9
 11095, 56753,20161215,-9999,    9
 11095, 56753,20161216,-9999,    9
 11095, 56753,20161217,-9999,    9
 11095, 56753,20161218,-9999,    9
 11095, 56753,20161219,-9999,    9
 11095, 56753,20161220,-9999,    9
 11095, 56753,20161221,-9999,    9
 11095, 56753,20161222,-9999,    9
 11095, 56753,20161223,-9999,    9
 11095, 56753,20161224,-9999,    9
 11095, 56753,20161225,-9999,    9
 11095, 56753,20161226,-9999,    9
 11095, 56753,20161227,-9999,    9
 11095, 56753,20161228,-9999,    9
 11095, 56753,20161229,-9999,    9
 11095, 56753,20161230,-9999,    9
 11095, 56753,20161231,-9999,    9
 11095, 56753,20170101,-9999,    9
 11095, 56753,20170102,-9999,    9
 11095, 56753,20170103,-9999,    9
 11095, 56753,20170104,-9999,    9
 11095, 56753,20170105,-9999,    9
 11095, 56753,20170106,-9999,    9
 11095, 56753,20170107,-9999,    9
 11095, 56753,20170108,-9999,    9
 11095, 56753,20170109,-9999,    9
 11095, 56753,20170110,-9999,    9
 11095, 56753,20170111,-9999,    9
 11095, 56753,20170112,-9999,    9
 11095, 56753,20170113,-9999,    9
 11095, 56753,20170114,-9999,    9
 11095, 56753,20170115,-9999,    9
 11095, 56753,20170116,-9999,    9
 11095, 56753,20170117,-9999,    9
 11095, 56753,20170118,-9999,    9
 11095, 56753,20170119,-9999,    9
 11095, 56753,20170120,-9999,    9
 11095, 56753,20170121,-9999,    9
 11095, 56753,20170122,-9999,    9
 11095, 56753,20170123,-9999,    9
 11095, 56753,20170124,-9999,    9
 11095, 56753,20170125,-9999,    9
 11095, 56753,20170126,-9999,    9
 11095, 56753,20170127,-9999,    9
 11095, 56753,20170128,-9999,    9
 11095, 56753,20170129,-9999,    9
 11095, 56753,20170130,-9999,    9
 11095, 56753,20170131,-9999,    9
 11095, 56753,20170201,-9999,    9
 11095, 56753,20170202,-9999,    9
 11095, 56753,20170203,-9999,    9
 11095, 56753,20170204,-9999,    9
 11095, 56753,20170205,-9999,    9
 11095, 56753,20170206,-9999,    9
 11095, 56753,20170207,-9999,    9
 11095, 56753,20170208,-9999,    9
 11095, 56753,20170209,-9999,    9
 11095, 56753,20170210,-9999,    9
 11095, 56753,20170211,-9999,    9
 11095, 56753,20170212,-9999,    9
 11095, 56753,20170213,-9999,    9
 11095, 56753,20170214,-9999,    9
 11095, 56753,20170215,-9999,    9
 11095, 56753,20170216,-9999,    9
 11095, 56753,20170217,-9999,    9
 11095, 56753,20170218,-9999,    9
 11095, 56753,20170219,-9999,    9
 11095, 56753,20170220,-9999,    9
 11095, 56753,20170221,-9999,    9
 11095, 56753,20170222,-9999,    9
 11095, 56753,20170223,-9999,    9
 11095, 56753,20170224,-9999,    9
 11095, 56753,20170225,-9999,    9
 11095, 56753,20170226,-9999,    9
 11095, 56753,20170227,-9999,    9
 11095, 56753,20170228,-9999,    9
 11095, 56753,20170301,-9999,    9
 11095, 56753,20170302,-9999,    9
 11095, 56753,20170303,-9999,    9
 11095, 56753,20170304,-9999,    9
 11095, 56753,20170305,-9999,    9
 11095, 56753,20170306,-9999,    9
 11095, 56753,20170307,-9999,    9
 11095, 56753,20170308,-9999,    9
 11095, 56753,20170309,-9999,    9
 11095, 56753,20170310,-9999,    9
 11095, 56753,20170311,-9999,    9
 11095, 56753,20170312,-9999,    9
 11095, 56753,20170313,-9999,    9
 11095, 56753,20170314,-9999,    9
 11095, 56753,20170315,-9999,    9
 11095, 56753,20170316,-9999,    9
 11095, 56753,20170317,-9999,    9
 11095, 56753,20170318,-9999,    9
 11095, 56753,20170319,-9999,    9
 11095, 56753,20170320,-9999,    9
 11095, 56753,20170321,-9999,    9
 11095, 56753,20170322,-9999,    9
 11095, 56753,20170323,-9999,    9
 11095, 56753,20170324,-9999,    9
 11095, 56753,20170325,-9999,    9
 11095, 56753,20170326,-9999,    9
 11095, 56753,20170327,-9999,    9
 11095, 56753,20170328,-9999,    9
 11095, 56753,20170329,-9999,    9
 11095, 56753,20170330,-9999,    9
 11095, 56753,20170331,-9999,    9
 11095, 56753,20170401,-9999,    9
 11095, 56753,20170402,-9999,    9
 11095, 56753,20170403,-9999,    9
 11095, 56753,20170404,-9999,    9
 11095, 56753,20170405,-9999,    9
 11095, 56753,20170406,-9999,    9
 11095, 56753,20170407,-9999,    9
 11095, 56753,20170408,-9999,    9
 11095, 56753,20170409,-9999,    9
 11095, 56753,20170410,-9999,    9
 11095, 56753,20170411,-9999,    9
 11095, 56753,20170412,-9999,    9
 11095, 56753,20170413,-9999,    9
 11095, 56753,20170414,-9999,    9
 11095, 56753,20170415,-9999,    9
 11095, 56753,20170416,-9999,    9
 11095, 56753,20170417,-9999,    9
 11095, 56753,20170418,-9999,    9
 11095, 56753,20170419,-9999,    9
 11095, 56753,20170420,-9999,    9
 11095, 56753,20170421,-9999,    9
 11095, 56753,20170422,-9999,    9
 11095, 56753,20170423,-9999,    9
 11095, 56753,20170424,-9999,    9
 11095, 56753,20170425,-9999,    9
 11095, 56753,20170426,-9999,    9
 11095, 56753,20170427,-9999,    9
 11095, 56753,20170428,-9999,    9
 11095, 56753,20170429,-9999,    9
 11095, 56753,20170430,-9999,    9
 11095, 56753,20170501,-9999,    9
 11095, 56753,20170502,-9999,    9
 11095, 56753,20170503,-9999,    9
 11095, 56753,20170504,-9999,    9
 11095, 56753,20170505,-9999,    9
 11095, 56753,20170506,-9999,    9
 11095, 56753,20170507,-9999,    9
 11095, 56753,20170508,-9999,    9
 11095, 56753,20170509,-9999,    9
 11095, 56753,20170510,-9999,    9
 11095, 56753,20170511,-9999,    9
 11095, 56753,20170512,-9999,    9
 11095, 56753,20170513,-9999,    9
 11095, 56753,20170514,-9999,    9
 11095, 56753,20170515,-9999,    9
 11095, 56753,20170516,-9999,    9
 11095, 56753,20170517,-9999,    9
 11095, 56753,20170518,-9999,    9
 11095, 56753,20170519,-9999,    9
 11095, 56753,20170520,-9999,    9
 11095, 56753,20170521,-9999,    9
 11095, 56753,20170522,-9999,    9
 11095, 56753,20170523,-9999,    9
 11095, 56753,20170524,-9999,    9
 11095, 56753,20170525,-9999,    9
 11095, 56753,20170526,-9999,    9
 11095, 56753,20170527,-9999,    9
 11095, 56753,20170528,-9999,    9
 11095, 56753,20170529,-9999,    9
 11095, 56753,20170530,-9999,    9
 11095, 56753,20170531,-9999,    9
 11095, 56753,20170601,-9999,    9
 11095, 56753,20170602,-9999,    9
 11095, 56753,20170603,-9999,    9
 11095, 56753,20170604,-9999,    9
 11095, 56753,20170605,-9999,    9
 11095, 56753,20170606,-9999,    9
 11095, 56753,20170607,-9999,    9
 11095, 56753,20170608,-9999,    9
 11095, 56753,20170609,-9999,    9
 11095, 56753,20170610,-9999,    9
 11095, 56753,20170611,-9999,    9
 11095, 56753,20170612,-9999,    9
 11095, 56753,20170613,-9999,    9
 11095, 56753,20170614,-9999,    9
 11095, 56753,20170615,-9999,    9
 11095, 56753,20170616,-9999,    9
 11095, 56753,20170617,-9999,    9
 11095, 56753,20170618,-9999,    9
 11095, 56753,20170619,-9999,    9
 11095, 56753,20170620,-9999,    9
 11095, 56753,20170621,-9999,    9
 11095, 56753,20170622,-9999,    9
 11095, 56753,20170623,-9999,    9
 11095, 56753,20170624,-9999,    9
 11095, 56753,20170625,-9999,    9
 11095, 56753,20170626,-9999,    9
 11095, 56753,20170627,-9999,    9
 11095, 56753,20170628,-9999,    9
 11095, 56753,20170629,-9999,    9
 11095, 56753,20170630,-9999,    9
 11095, 56753,20170701,-9999,    9
 11095, 56753,20170702,-9999,    9
 11095, 56753,20170703,-9999,    9
 11095, 56753,20170704,-9999,    9
 11095, 56753,20170705,-9999,    9
 11095, 56753,20170706,-9999,    9
 11095, 56753,20170707,-9999,    9
 11095, 56753,20170708,-9999,    9
 11095, 56753,20170709,-9999,    9
 11095, 56753,20170710,-9999,    9
 11095, 56753,20170711,-9999,    9
 11095, 56753,20170712,-9999,    9
 11095, 56753,20170713,-9999,    9
 11095, 56753,20170714,-9999,    9
 11095, 56753,20170715,-9999,    9
 11095, 56753,20170716,-9999,    9
 11095, 56753,20170717,-9999,    9
 11095, 56753,20170718,-9999,    9
 11095, 56753,20170719,-9999,    9
 11095, 56753,20170720,-9999,    9
 11095, 56753,20170721,-9999,    9
 11095, 56753,20170722,-9999,    9
 11095, 56753,20170723,-9999,    9
 11095, 56753,20170724,-9999,    9
 11095, 56753,20170725,-9999,    9
 11095, 56753,20170726,-9999,    9
 11095, 56753,20170727,-9999,    9
 11095, 56753,20170728,-9999,    9
 11095, 56753,20170729,-9999,    9
 11095, 56753,20170730,-9999,    9
 11095, 56753,20170731,-9999,    9
 11095, 56753,20170801,-9999,    9
 11095, 56753,20170802,-9999,    9
 11095, 56753,20170803,-9999,    9
 11095, 56753,20170804,-9999,    9
 11095, 56753,20170805,-9999,    9
 11095, 56753,20170806,-9999,    9
 11095, 56753,20170807,-9999,    9
 11095, 56753,20170808,-9999,    9
 11095, 56753,20170809,-9999,    9
 11095, 56753,20170810,-9999,    9
 11095, 56753,20170811,-9999,    9
 11095, 56753,20170812,-9999,    9
 11095, 56753,20170813,-9999,    9
 11095, 56753,20170814,-9999,    9
 11095, 56753,20170815,-9999,    9
 11095, 56753,20170816,-9999,    9
 11095, 56753,20170817,-9999,    9
 11095, 56753,20170818,-9999,    9
 11095, 56753,20170819,-9999,    9
 11095, 56753,20170820,-9999,    9
 11095, 56753,20170821,-9999,    9
 11095, 56753,20170822,-9999,    9
 11095, 56753,20170823,-9999,    9
 11095, 56753,20170824,-9999,    9
 11095, 56753,20170825,-9999,    9
 11095, 56753,20170826,-9999,    9
 11095, 56753,20170827,-9999,    9
 11095, 56753,20170828,-9999,    9
 11095, 56753,20170829,-9999,    9
 11095, 56753,20170830,-9999,    9
 11095, 56753,20170831,-9999,    9
 11095, 56753,20170901,-9999,    9
 11095, 56753,20170902,-9999,    9
 11095, 56753,20170903,-9999,    9
 11095, 56753,20170904,-9999,    9
 11095, 56753,20170905,-9999,    9
 11095, 56753,20170906,-9999,    9
 11095, 56753,20170907,-9999,    9
 11095, 56753,20170908,-9999,    9
 11095, 56753,20170909,-9999,    9
 11095, 56753,20170910,-9999,    9
 11095, 56753,20170911,-9999,    9
 11095, 56753,20170912,-9999,    9
 11095, 56753,20170913,-9999,    9
 11095, 56753,20170914,-9999,    9
 11095, 56753,20170915,-9999,    9
 11095, 56753,20170916,-9999,    9
 11095, 56753,20170917,-9999,    9
 11095, 56753,20170918,-9999,    9
 11095, 56753,20170919,-9999,    9
 11095, 56753,20170920,-9999,    9
 11095, 56753,20170921,-9999,    9
 11095, 56753,20170922,-9999,    9
 11095, 56753,20170923,-9999,    9
 11095, 56753,20170924,-9999,    9
 11095, 56753,20170925,-9999,    9
 11095, 56753,20170926,-9999,    9
 11095, 56753,20170927,-9999,    9
 11095, 56753,20170928,-9999,    9
 11095, 56753,20170929,-9999,    9
 11095, 56753,20170930,-9999,    9
 11095, 56753,20171001,-9999,    9
 11095, 56753,20171002,-9999,    9
 11095, 56753,20171003,-9999,    9
 11095, 56753,20171004,-9999,    9
 11095, 56753,20171005,-9999,    9
 11095, 56753,20171006,-9999,    9
 11095, 56753,20171007,-9999,    9
 11095, 56753,20171008,-9999,    9
 11095, 56753,20171009,-9999,    9
 11095, 56753,20171010,-9999,    9
 11095, 56753,20171011,-9999,    9
 11095, 56753,20171012,-9999,    9
 11095, 56753,20171013,-9999,    9
 11095, 56753,20171014,-9999,    9
 11095, 56753,20171015,-9999,    9
 11095, 56753,20171016,-9999,    9
 11095, 56753,20171017,-9999,    9
 11095, 56753,20171018,-9999,    9
 11095, 56753,20171019,-9999,    9
 11095, 56753,20171020,-9999,    9
 11095, 56753,20171021,-9999,    9
 11095, 56753,20171022,-9999,    9
 11095, 56753,20171023,-9999,    9
 11095, 56753,20171024,-9999,    9
 11095, 56753,20171025,-9999,    9
 11095, 56753,20171026,-9999,    9
 11095, 56753,20171027,-9999,    9
 11095, 56753,20171028,-9999,    9
 11095, 56753,20171029,-9999,    9
 11095, 56753,20171030,-9999,    9
 11095, 56753,20171031,-9999,    9
 11095, 56753,20171101,-9999,    9
 11095, 56753,20171102,-9999,    9
 11095, 56753,20171103,-9999,    9
 11095, 56753,20171104,-9999,    9
 11095, 56753,20171105,-9999,    9
 11095, 56753,20171106,-9999,    9
 11095, 56753,20171107,-9999,    9
 11095, 56753,20171108,-9999,    9
 11095, 56753,20171109,-9999,    9
 11095, 56753,20171110,-9999,    9
 11095, 56753,20171111,-9999,    9
 11095, 56753,20171112,-9999,    9
 11095, 56753,20171113,-9999,    9
 11095, 56753,20171114,-9999,    9
 11095, 56753,20171115,-9999,    9
 11095, 56753,20171116,-9999,    9
 11095, 56753,20171117,-9999,    9
 11095, 56753,20171118,-9999,    9
 11095, 56753,20171119,-9999,    9
 11095, 56753,20171120,-9999,    9
 11095, 56753,20171121,-9999,    9
 11095, 56753,20171122,-9999,    9
 11095, 56753,20171123,-9999,    9
 11095, 56753,20171124,-9999,    9
 11095, 56753,20171125,-9999,    9
 11095, 56753,20171126,-9999,    9
 11095, 56753,20171127,-9999,    9
 11095, 56753,20171128,-9999,    9
 11095, 56753,20171129,-9999,    9
 11095, 56753,20171130,-9999,    9
 11095, 56753,20171201,-9999,    9
 11095, 56753,20171202,-9999,    9
 11095, 56753,20171203,-9999,    9
 11095, 56753,20171204,-9999,    9
 11095, 56753,20171205,-9999,    9
 11095, 56753,20171206,-9999,    9
 11095, 56753,20171207,-9999,    9
 11095, 56753,20171208,-9999,    9
 11095, 56753,20171209,-9999,    9
 11095, 56753,20171210,-9999,    9
 11095, 56753,20171211,-9999,    9
 11095, 56753,20171212,-9999,    9
 11095, 56753,20171213,-9999,    9
 11095, 56753,20171214,-9999,    9
 11095, 56753,20171215,-9999,    9
 11095, 56753,20171216,-9999,    9
 11095, 56753,20171217,-9999,    9
 11095, 56753,20171218,-9999,    9
 11095, 56753,20171219,-9999,    9
 11095, 56753,20171220,-9999,    9
 11095, 56753,20171221,-9999,    9
 11095, 56753,20171222,-9999,    9
 11095, 56753,20171223,-9999,    9
 11095, 56753,20171224,-9999,    9
 11095, 56753,20171225,-9999,    9
 11095, 56753,20171226,-9999,    9
 11095, 56753,20171227,-9999,    9
 11095, 56753,20171228,-9999,    9
 11095, 56753,20171229,-9999,    9
 11095, 56753,20171230,-9999,    9
 11095, 56753,20171231,-9999,    9
 11095, 56753,20180101,-9999,    9
 11095, 56753,20180102,-9999,    9
 11095, 56753,20180103,-9999,    9
 11095, 56753,20180104,-9999,    9
 11095, 56753,20180105,-9999,    9
 11095, 56753,20180106,-9999,    9
 11095, 56753,20180107,-9999,    9
 11095, 56753,20180108,-9999,    9
 11095, 56753,20180109,-9999,    9
 11095, 56753,20180110,-9999,    9
 11095, 56753,20180111,-9999,    9
 11095, 56753,20180112,-9999,    9
 11095, 56753,20180113,-9999,    9
 11095, 56753,20180114,-9999,    9
 11095, 56753,20180115,-9999,    9
 11095, 56753,20180116,-9999,    9
 11095, 56753,20180117,-9999,    9
 11095, 56753,20180118,-9999,    9
 11095, 56753,20180119,-9999,    9
 11095, 56753,20180120,-9999,    9
 11095, 56753,20180121,-9999,    9
 11095, 56753,20180122,-9999,    9
 11095, 56753,20180123,-9999,    9
 11095, 56753,20180124,-9999,    9
 11095, 56753,20180125,-9999,    9
 11095, 56753,20180126,-9999,    9
 11095, 56753,20180127,-9999,    9
 11095, 56753,20180128,-9999,    9
 11095, 56753,20180129,-9999,    9
 11095, 56753,20180130,-9999,    9
 11095, 56753,20180131,-9999,    9
 11095, 56753,20180201,-9999,    9
 11095, 56753,20180202,-9999,    9
 11095, 56753,20180203,-9999,    9
 11095, 56753,20180204,-9999,    9
 11095, 56753,20180205,-9999,    9
 11095, 56753,20180206,-9999,    9
 11095, 56753,20180207,-9999,    9
 11095, 56753,20180208,-9999,    9
 11095, 56753,20180209,-9999,    9
 11095, 56753,20180210,-9999,    9
 11095, 56753,20180211,-9999,    9
 11095, 56753,20180212,-9999,    9
 11095, 56753,20180213,-9999,    9
 11095, 56753,20180214,-9999,    9
 11095, 56753,20180215,-9999,    9
 11095, 56753,20180216,-9999,    9
 11095, 56753,20180217,-9999,    9
 11095, 56753,20180218,-9999,    9
 11095, 56753,20180219,-9999,    9
 11095, 56753,20180220,-9999,    9
 11095, 56753,20180221,-9999,    9
 11095, 56753,20180222,-9999,    9
 11095, 56753,20180223,-9999,    9
 11095, 56753,20180224,-9999,    9
 11095, 56753,20180225,-9999,    9
 11095, 56753,20180226,-9999,    9
 11095, 56753,20180227,-9999,    9
 11095, 56753,20180228,-9999,    9
 11095, 56753,20180301,-9999,    9
 11095, 56753,20180302,-9999,    9
 11095, 56753,20180303,-9999,    9
 11095, 56753,20180304,-9999,    9
 11095, 56753,20180305,-9999,    9
 11095, 56753,20180306,-9999,    9
 11095, 56753,20180307,-9999,    9
 11095, 56753,20180308,-9999,    9
 11095, 56753,20180309,-9999,    9
 11095, 56753,20180310,-9999,    9
 11095, 56753,20180311,-9999,    9
 11095, 56753,20180312,-9999,    9
 11095, 56753,20180313,-9999,    9
 11095, 56753,20180314,-9999,    9
 11095, 56753,20180315,-9999,    9
 11095, 56753,20180316,-9999,    9
 11095, 56753,20180317,-9999,    9
 11095, 56753,20180318,-9999,    9
 11095, 56753,20180319,-9999,    9
 11095, 56753,20180320,-9999,    9
 11095, 56753,20180321,-9999,    9
 11095, 56753,20180322,-9999,    9
 11095, 56753,20180323,-9999,    9
 11095, 56753,20180324,-9999,    9
 11095, 56753,20180325,-9999,    9
 11095, 56753,20180326,-9999,    9
 11095, 56753,20180327,-9999,    9
 11095, 56753,20180328,-9999,    9
 11095, 56753,20180329,-9999,    9
 11095, 56753,20180330,-9999,    9
 11095, 56753,20180331,-9999,    9
 11095, 56753,20180401,-9999,    9
 11095, 56753,20180402,-9999,    9
 11095, 56753,20180403,-9999,    9
 11095, 56753,20180404,-9999,    9
 11095, 56753,20180405,-9999,    9
 11095, 56753,20180406,-9999,    9
 11095, 56753,20180407,-9999,    9
 11095, 56753,20180408,-9999,    9
 11095, 56753,20180409,-9999,    9
 11095, 56753,20180410,-9999,    9
 11095, 56753,20180411,-9999,    9
 11095, 56753,20180412,-9999,    9
 11095, 56753,20180413,-9999,    9
 11095, 56753,20180414,-9999,    9
 11095, 56753,20180415,-9999,    9
 11095, 56753,20180416,-9999,    9
 11095, 56753,20180417,-9999,    9
 11095, 56753,20180418,-9999,    9
 11095, 56753,20180419,-9999,    9
 11095, 56753,20180420,-9999,    9
 11095, 56753,20180421,-9999,    9
 11095, 56753,20180422,-9999,    9
 11095, 56753,20180423,-9999,    9
 11095, 56753,20180424,-9999,    9
 11095, 56753,20180425,-9999,    9
 11095, 56753,20180426,-9999,    9
 11095, 56753,20180427,-9999,    9
 11095, 56753,20180428,-9999,    9
 11095, 56753,20180429,-9999,    9
 11095, 56753,20180430,-9999,    9
 11095, 56753,20180501,-9999,    9
 11095, 56753,20180502,-9999,    9
 11095, 56753,20180503,-9999,    9
 11095, 56753,20180504,-9999,    9
 11095, 56753,20180505,-9999,    9
 11095, 56753,20180506,-9999,    9
 11095, 56753,20180507,-9999,    9
 11095, 56753,20180508,-9999,    9
 11095, 56753,20180509,-9999,    9
 11095, 56753,20180510,-9999,    9
 11095, 56753,20180511,-9999,    9
 11095, 56753,20180512,-9999,    9
 11095, 56753,20180513,-9999,    9
 11095, 56753,20180514,-9999,    9
 11095, 56753,20180515,-9999,    9
 11095, 56753,20180516,-9999,    9
 11095, 56753,20180517,-9999,    9
 11095, 56753,20180518,-9999,    9
 11095, 56753,20180519,-9999,    9
 11095, 56753,20180520,-9999,    9
 11095, 56753,20180521,-9999,    9
 11095, 56753,20180522,-9999,    9
 11095, 56753,20180523,-9999,    9
 11095, 56753,20180524,-9999,    9
 11095, 56753,20180525,-9999,    9
 11095, 56753,20180526,-9999,    9
 11095, 56753,20180527,-9999,    9
 11095, 56753,20180528,-9999,    9
 11095, 56753,20180529,-9999,    9
 11095, 56753,20180530,-9999,    9
 11095, 56753,20180531,-9999,    9
 11095, 56753,20180601,-9999,    9
 11095, 56753,20180602,-9999,    9
 11095, 56753,20180603,-9999,    9
 11095, 56753,20180604,-9999,    9
 11095, 56753,20180605,-9999,    9
 11095, 56753,20180606,-9999,    9
 11095, 56753,20180607,-9999,    9
 11095, 56753,20180608,-9999,    9
 11095, 56753,20180609,-9999,    9
 11095, 56753,20180610,-9999,    9
 11095, 56753,20180611,-9999,    9
 11095, 56753,20180612,-9999,    9
 11095, 56753,20180613,-9999,    9
 11095, 56753,20180614,-9999,    9
 11095, 56753,20180615,-9999,    9
 11095, 56753,20180616,-9999,    9
 11095, 56753,20180617,-9999,    9
 11095, 56753,20180618,-9999,    9
 11095, 56753,20180619,-9999,    9
 11095, 56753,20180620,-9999,    9
 11095, 56753,20180621,-9999,    9
 11095, 56753,20180622,-9999,    9
 11095, 56753,20180623,-9999,    9
 11095, 56753,20180624,-9999,    9
 11095, 56753,20180625,-9999,    9
 11095, 56753,20180626,-9999,    9
 11095, 56753,20180627,-9999,    9
 11095, 56753,20180628,-9999,    9
 11095, 56753,20180629,-9999,    9
 11095, 56753,20180630,-9999,    9
 11095, 56753,20180701,-9999,    9
 11095, 56753,20180702,-9999,    9
 11095, 56753,20180703,-9999,    9
 11095, 56753,20180704,-9999,    9
 11095, 56753,20180705,-9999,    9
 11095, 56753,20180706,-9999,    9
 11095, 56753,20180707,-9999,    9
 11095, 56753,20180708,-9999,    9
 11095, 56753,20180709,-9999,    9
 11095, 56753,20180710,-9999,    9
 11095, 56753,20180711,-9999,    9
 11095, 56753,20180712,-9999,    9
 11095, 56753,20180713,-9999,    9
 11095, 56753,20180714,-9999,    9
 11095, 56753,20180715,-9999,    9
 11095, 56753,20180716,-9999,    9
 11095, 56753,20180717,-9999,    9
 11095, 56753,20180718,-9999,    9
 11095, 56753,20180719,-9999,    9
 11095, 56753,20180720,-9999,    9
 11095, 56753,20180721,-9999,    9
 11095, 56753,20180722,-9999,    9
 11095, 56753,20180723,-9999,    9
 11095, 56753,20180724,-9999,    9
 11095, 56753,20180725,-9999,    9
 11095, 56753,20180726,-9999,    9
 11095, 56753,20180727,-9999,    9
 11095, 56753,20180728,-9999,    9
 11095, 56753,20180729,-9999,    9
 11095, 56753,20180730,-9999,    9
 11095, 56753,20180731,-9999,    9
 11095, 56753,20180801,-9999,    9
 11095, 56753,20180802,-9999,    9
 11095, 56753,20180803,-9999,    9
 11095, 56753,20180804,-9999,    9
 11095, 56753,20180805,-9999,    9
 11095, 56753,20180806,-9999,    9
 11095, 56753,20180807,-9999,    9
 11095, 56753,20180808,-9999,    9
 11095, 56753,20180809,-9999,    9
 11095, 56753,20180810,-9999,    9
 11095, 56753,20180811,-9999,    9
 11095, 56753,20180812,-9999,    9
 11095, 56753,20180813,-9999,    9
 11095, 56753,20180814,-9999,    9
 11095, 56753,20180815,-9999,    9
 11095, 56753,20180816,-9999,    9
 11095, 56753,20180817,-9999,    9
 11095, 56753,20180818,-9999,    9
 11095, 56753,20180819,-9999,    9
 11095, 56753,20180820,-9999,    9
 11095, 56753,20180821,-9999,    9
 11095, 56753,20180822,-9999,    9
 11095, 56753,20180823,-9999,    9
 11095, 56753,20180824,-9999,    9
 11095, 56753,20180825,-9999,    9
 11095, 56753,20180826,-9999,    9
 11095, 56753,20180827,-9999,    9
 11095, 56753,20180828,-9999,    9
 11095, 56753,20180829,-9999,    9
 11095, 56753,20180830,-9999,    9
 11095, 56753,20180831,-9999,    9
 11095, 56753,20180901,-9999,    9
 11095, 56753,20180902,-9999,    9
 11095, 56753,20180903,-9999,    9
 11095, 56753,20180904,-9999,    9
 11095, 56753,20180905,-9999,    9
 11095, 56753,20180906,-9999,    9
 11095, 56753,20180907,-9999,    9
 11095, 56753,20180908,-9999,    9
 11095, 56753,20180909,-9999,    9
 11095, 56753,20180910,-9999,    9
 11095, 56753,20180911,-9999,    9
 11095, 56753,20180912,-9999,    9
 11095, 56753,20180913,-9999,    9
 11095, 56753,20180914,-9999,    9
 11095, 56753,20180915,-9999,    9
 11095, 56753,20180916,-9999,    9
 11095, 56753,20180917,-9999,    9
 11095, 56753,20180918,-9999,    9
 11095, 56753,20180919,-9999,    9
 11095, 56753,20180920,-9999,    9
 11095, 56753,20180921,-9999,    9
 11095, 56753,20180922,-9999,    9
 11095, 56753,20180923,-9999,    9
 11095, 56753,20180924,-9999,    9
 11095, 56753,20180925,-9999,    9
 11095, 56753,20180926,-9999,    9
 11095, 56753,20180927,-9999,    9
 11095, 56753,20180928,-9999,    9
 11095, 56753,20180929,-9999,    9
 11095, 56753,20180930,-9999,    9
 11095, 56753,20181001,-9999,    9
 11095, 56753,20181002,-9999,    9
 11095, 56753,20181003,-9999,    9
 11095, 56753,20181004,-9999,    9
 11095, 56753,20181005,-9999,    9
 11095, 56753,20181006,-9999,    9
 11095, 56753,20181007,-9999,    9
 11095, 56753,20181008,-9999,    9
 11095, 56753,20181009,-9999,    9
 11095, 56753,20181010,-9999,    9
 11095, 56753,20181011,-9999,    9
 11095, 56753,20181012,-9999,    9
 11095, 56753,20181013,-9999,    9
 11095, 56753,20181014,-9999,    9
 11095, 56753,20181015,-9999,    9
 11095, 56753,20181016,-9999,    9
 11095, 56753,20181017,-9999,    9
 11095, 56753,20181018,-9999,    9
 11095, 56753,20181019,-9999,    9
 11095, 56753,20181020,-9999,    9
 11095, 56753,20181021,-9999,    9
 11095, 56753,20181022,-9999,    9
 11095, 56753,20181023,-9999,    9
 11095, 56753,20181024,-9999,    9
 11095, 56753,20181025,-9999,    9
 11095, 56753,20181026,-9999,    9
 11095, 56753,20181027,-9999,    9
 11095, 56753,20181028,-9999,    9
 11095, 56753,20181029,-9999,    9
 11095, 56753,20181030,-9999,    9
 11095, 56753,20181031,-9999,    9
 11095, 56753,20181101,-9999,    9
 11095, 56753,20181102,-9999,    9
 11095, 56753,20181103,-9999,    9
 11095, 56753,20181104,-9999,    9
 11095, 56753,20181105,-9999,    9
 11095, 56753,20181106,-9999,    9
 11095, 56753,20181107,-9999,    9
 11095, 56753,20181108,-9999,    9
 11095, 56753,20181109,-9999,    9
 11095, 56753,20181110,-9999,    9
 11095, 56753,20181111,-9999,    9
 11095, 56753,20181112,-9999,    9
 11095, 56753,20181113,-9999,    9
 11095, 56753,20181114,-9999,    9
 11095, 56753,20181115,-9999,    9
 11095, 56753,20181116,-9999,    9
 11095, 56753,20181117,-9999,    9
 11095, 56753,20181118,-9999,    9
 11095, 56753,20181119,-9999,    9
 11095, 56753,20181120,-9999,    9
 11095, 56753,20181121,-9999,    9
 11095, 56753,20181122,-9999,    9
 11095, 56753,20181123,-9999,    9
 11095, 56753,20181124,-9999,    9
 11095, 56753,20181125,-9999,    9
 11095, 56753,20181126,-9999,    9
 11095, 56753,20181127,-9999,    9
 11095, 56753,20181128,-9999,    9
 11095, 56753,20181129,-9999,    9
 11095, 56753,20181130,-9999,    9
 11095, 56753,20181201,-9999,    9
 11095, 56753,20181202,-9999,    9
 11095, 56753,20181203,-9999,    9
 11095, 56753,20181204,-9999,    9
 11095, 56753,20181205,-9999,    9
 11095, 56753,20181206,-9999,    9
 11095, 56753,20181207,-9999,    9
 11095, 56753,20181208,-9999,    9
 11095, 56753,20181209,-9999,    9
 11095, 56753,20181210,-9999,    9
 11095, 56753,20181211,-9999,    9
 11095, 56753,20181212,-9999,    9
 11095, 56753,20181213,-9999,    9
 11095, 56753,20181214,-9999,    9
 11095, 56753,20181215,-9999,    9
 11095, 56753,20181216,-9999,    9
 11095, 56753,20181217,-9999,    9
 11095, 56753,20181218,-9999,    9
 11095, 56753,20181219,-9999,    9
 11095, 56753,20181220,-9999,    9
 11095, 56753,20181221,-9999,    9
 11095, 56753,20181222,-9999,    9
 11095, 56753,20181223,-9999,    9
 11095, 56753,20181224,-9999,    9
 11095, 56753,20181225,-9999,    9
 11095, 56753,20181226,-9999,    9
 11095, 56753,20181227,-9999,    9
 11095, 56753,20181228,-9999,    9
 11095, 56753,20181229,-9999,    9
 11095, 56753,20181230,-9999,    9
 11095, 56753,20181231,-9999,    9
 11095, 56753,20190101,-9999,    9
 11095, 56753,20190102,-9999,    9
 11095, 56753,20190103,-9999,    9
 11095, 56753,20190104,-9999,    9
 11095, 56753,20190105,-9999,    9
 11095, 56753,20190106,-9999,    9
 11095, 56753,20190107,-9999,    9
 11095, 56753,20190108,-9999,    9
 11095, 56753,20190109,-9999,    9
 11095, 56753,20190110,-9999,    9
 11095, 56753,20190111,-9999,    9
 11095, 56753,20190112,-9999,    9
 11095, 56753,20190113,-9999,    9
 11095, 56753,20190114,-9999,    9
 11095, 56753,20190115,-9999,    9
 11095, 56753,20190116,-9999,    9
 11095, 56753,20190117,-9999,    9
 11095, 56753,20190118,-9999,    9
 11095, 56753,20190119,-9999,    9
 11095, 56753,20190120,-9999,    9
 11095, 56753,20190121,-9999,    9
 11095, 56753,20190122,-9999,    9
 11095, 56753,20190123,-9999,    9
 11095, 56753,20190124,-9999,    9
 11095, 56753,20190125,-9999,    9
 11095, 56753,20190126,-9999,    9
 11095, 56753,20190127,-9999,    9
 11095, 56753,20190128,-9999,    9
 11095, 56753,20190129,-9999,    9
 11095, 56753,20190130,-9999,    9
 11095, 56753,20190131,-9999,    9
 11095, 56753,20190201,-9999,    9
 11095, 56753,20190202,-9999,    9
 11095, 56753,20190203,-9999,    9
 11095, 56753,20190204,-9999,    9
 11095, 56753,20190205,-9999,    9
 11095, 56753,20190206,-9999,    9
 11095, 56753,20190207,-9999,    9
 11095, 56753,20190208,-9999,    9
 11095, 56753,20190209,-9999,    9
 11095, 56753,20190210,-9999,    9
 11095, 56753,20190211,-9999,    9
 11095, 56753,20190212,-9999,    9
 11095, 56753,20190213,-9999,    9
 11095, 56753,20190214,-9999,    9
 11095, 56753,20190215,-9999,    9
 11095, 56753,20190216,-9999,    9
 11095, 56753,20190217,-9999,    9
 11095, 56753,20190218,-9999,    9
 11095, 56753,20190219,-9999,    9
 11095, 56753,20190220,-9999,    9
 11095, 56753,20190221,-9999,    9
 11095, 56753,20190222,-9999,    9
 11095, 56753,20190223,-9999,    9
 11095, 56753,20190224,-9999,    9
 11095, 56753,20190225,-9999,    9
 11095, 56753,20190226,-9999,    9
 11095, 56753,20190227,-9999,    9
 11095, 56753,20190228,-9999,    9
 11095, 56753,20190301,-9999,    9
 11095, 56753,20190302,-9999,    9
 11095, 56753,20190303,-9999,    9
 11095, 56753,20190304,-9999,    9
 11095, 56753,20190305,-9999,    9
 11095, 56753,20190306,-9999,    9
 11095, 56753,20190307,-9999,    9
 11095, 56753,20190308,-9999,    9
 11095, 56753,20190309,-9999,    9
 11095, 56753,20190310,-9999,    9
 11095, 56753,20190311,-9999,    9
 11095, 56753,20190312,-9999,    9
 11095, 56753,20190313,-9999,    9
 11095, 56753,20190314,-9999,    9
 11095, 56753,20190315,-9999,    9
 11095, 56753,20190316,-9999,    9
 11095, 56753,20190317,-9999,    9
 11095, 56753,20190318,-9999,    9
 11095, 56753,20190319,-9999,    9
 11095, 56753,20190320,-9999,    9
 11095, 56753,20190321,-9999,    9
 11095, 56753,20190322,-9999,    9
 11095, 56753,20190323,-9999,    9
 11095, 56753,20190324,-9999,    9
 11095, 56753,20190325,-9999,    9
 11095, 56753,20190326,-9999,    9
 11095, 56753,20190327,-9999,    9
 11095, 56753,20190328,-9999,    9
 11095, 56753,20190329,-9999,    9
 11095, 56753,20190330,-9999,    9
 11095, 56753,20190331,-9999,    9
 11095, 56753,20190401,-9999,    9
 11095, 56753,20190402,-9999,    9
 11095, 56753,20190403,-9999,    9
 11095, 56753,20190404,-9999,    9
 11095, 56753,20190405,-9999,    9
 11095, 56753,20190406,-9999,    9
 11095, 56753,20190407,-9999,    9
 11095, 56753,20190408,-9999,    9
 11095, 56753,20190409,-9999,    9
 11095, 56753,20190410,-9999,    9
 11095, 56753,20190411,-9999,    9
 11095, 56753,20190412,-9999,    9
 11095, 56753,20190413,-9999,    9
 11095, 56753,20190414,-9999,    9
 11095, 56753,20190415,-9999,    9
 11095, 56753,20190416,-9999,    9
 11095, 56753,20190417,-9999,    9
 11095, 56753,20190418,-9999,    9
 11095, 56753,20190419,-9999,    9
 11095, 56753,20190420,-9999,    9
 11095, 56753,20190421,-9999,    9
 11095, 56753,20190422,-9999,    9
 11095, 56753,20190423,-9999,    9
 11095, 56753,20190424,-9999,    9
 11095, 56753,20190425,-9999,    9
 11095, 56753,20190426,-9999,    9
 11095, 56753,20190427,-9999,    9
 11095, 56753,20190428,-9999,    9
 11095, 56753,20190429,-9999,    9
 11095, 56753,20190430,-9999,    9
