EUROPEAN CLIMATE ASSESSMENT & DATASET (ECA&D), file created on: 13-05-2019
THESE DATA CAN BE USED FOR NON-COMMERCIAL RESEARCH AND EDUCATION PROVIDED THAT THE FOLLOWING SOURCE IS ACKNOWLEDGED: 

Klein Tank, A.M.G. and Coauthors, 2002. Daily dataset of 20th-century surface
air temperature and precipitation series for the European Climate Assessment.
Int. J. of Climatol., 22, 1441-1453.
Data and metadata available at http://www.ecad.eu

FILE FORMAT (MISSING VALUE CODE = -9999):

01-06 STAID: Station identifier
08-13 SOUID: Source identifier
15-22 DATE : Date YYYYMMDD
24-28 TG   : Mean temperature in 0.1 &#176;C
30-34 Q_TG : quality code for TG (0='valid'; 1='suspect'; 9='missing')

This is the blended series of station PUIGCERDA, SPAIN (STAID: 11347)
Blended and updated with sources:73109 
See files sources.txt and stations.txt for more info.

STAID, SOUID,    DATE,   TG, Q_TG
 11347, 73109,20160101,-9999,    9
 11347, 73109,20160102,-9999,    9
 11347, 73109,20160103,-9999,    9
 11347, 73109,20160104,   49,    0
 11347, 73109,20160105,   33,    0
 11347, 73109,20160106,  115,    0
 11347, 73109,20160107,  177,    0
 11347, 73109,20160108,  176,    0
 11347, 73109,20160109,  193,    0
 11347, 73109,20160110,  128,    0
 11347, 73109,20160111,   81,    0
 11347, 73109,20160112,    4,    0
 11347, 73109,20160113,-9999,    9
 11347, 73109,20160114,-9999,    9
 11347, 73109,20160115,-9999,    9
 11347, 73109,20160116,-9999,    9
 11347, 73109,20160117,-9999,    9
 11347, 73109,20160118,-9999,    9
 11347, 73109,20160119,-9999,    9
 11347, 73109,20160120,-9999,    9
 11347, 73109,20160121,-9999,    9
 11347, 73109,20160122,-9999,    9
 11347, 73109,20160123,-9999,    9
 11347, 73109,20160124,-9999,    9
 11347, 73109,20160125,-9999,    9
 11347, 73109,20160126,-9999,    9
 11347, 73109,20160127,-9999,    9
 11347, 73109,20160128,-9999,    9
 11347, 73109,20160129,-9999,    9
 11347, 73109,20160130,-9999,    9
 11347, 73109,20160131,-9999,    9
 11347, 73109,20160201,-9999,    9
 11347, 73109,20160202,-9999,    9
 11347, 73109,20160203,-9999,    9
 11347, 73109,20160204,   49,    0
 11347, 73109,20160205,   83,    0
 11347, 73109,20160206,  134,    0
 11347, 73109,20160207,  181,    0
 11347, 73109,20160208,  193,    0
 11347, 73109,20160209,  192,    0
 11347, 73109,20160210,  136,    0
 11347, 73109,20160211,   83,    0
 11347, 73109,20160212,    5,    0
 11347, 73109,20160213,-9999,    9
 11347, 73109,20160214,-9999,    9
 11347, 73109,20160215,-9999,    9
 11347, 73109,20160216,-9999,    9
 11347, 73109,20160217,-9999,    9
 11347, 73109,20160218,-9999,    9
 11347, 73109,20160219,-9999,    9
 11347, 73109,20160220,-9999,    9
 11347, 73109,20160221,-9999,    9
 11347, 73109,20160222,-9999,    9
 11347, 73109,20160223,-9999,    9
 11347, 73109,20160224,-9999,    9
 11347, 73109,20160225,-9999,    9
 11347, 73109,20160226,-9999,    9
 11347, 73109,20160227,-9999,    9
 11347, 73109,20160228,-9999,    9
 11347, 73109,20160229,-9999,    9
 11347, 73109,20160301,-9999,    9
 11347, 73109,20160302,-9999,    9
 11347, 73109,20160303,-9999,    9
 11347, 73109,20160304,   80,    0
 11347, 73109,20160305,   96,    0
 11347, 73109,20160306,  135,    0
 11347, 73109,20160307,  195,    0
 11347, 73109,20160308,  215,    0
 11347, 73109,20160309,  177,    0
 11347, 73109,20160310,  140,    0
 11347, 73109,20160311,   81,    0
 11347, 73109,20160312,    5,    0
 11347, 73109,20160313,-9999,    9
 11347, 73109,20160314,-9999,    9
 11347, 73109,20160315,-9999,    9
 11347, 73109,20160316,-9999,    9
 11347, 73109,20160317,-9999,    9
 11347, 73109,20160318,-9999,    9
 11347, 73109,20160319,-9999,    9
 11347, 73109,20160320,-9999,    9
 11347, 73109,20160321,-9999,    9
 11347, 73109,20160322,-9999,    9
 11347, 73109,20160323,   51,    0
 11347, 73109,20160324,   76,    0
 11347, 73109,20160325,   74,    0
 11347, 73109,20160326,   97,    0
 11347, 73109,20160327,   90,    0
 11347, 73109,20160328,   70,    0
 11347, 73109,20160329,   77,    0
 11347, 73109,20160330,  103,    0
 11347, 73109,20160331,  109,    0
 11347, 73109,20160401,   49,    0
 11347, 73109,20160402,   49,    0
 11347, 73109,20160403,   80,    0
 11347, 73109,20160404,   70,    0
 11347, 73109,20160405,   52,    0
 11347, 73109,20160406,   79,    0
 11347, 73109,20160407,   67,    0
 11347, 73109,20160408,   26,    0
 11347, 73109,20160409,   58,    0
 11347, 73109,20160410,   74,    0
 11347, 73109,20160411,   79,    0
 11347, 73109,20160412,   91,    0
 11347, 73109,20160413,   78,    0
 11347, 73109,20160414,   88,    0
 11347, 73109,20160415,  116,    0
 11347, 73109,20160416,  118,    0
 11347, 73109,20160417,   94,    0
 11347, 73109,20160418,   83,    0
 11347, 73109,20160419,  107,    0
 11347, 73109,20160420,  124,    0
 11347, 73109,20160421,   73,    0
 11347, 73109,20160422,   80,    0
 11347, 73109,20160423,   81,    0
 11347, 73109,20160424,   67,    0
 11347, 73109,20160425,   73,    0
 11347, 73109,20160426,   75,    0
 11347, 73109,20160427,   83,    0
 11347, 73109,20160428,   55,    0
 11347, 73109,20160429,   85,    0
 11347, 73109,20160430,   54,    0
 11347, 73109,20160501,   33,    0
 11347, 73109,20160502,   83,    0
 11347, 73109,20160503,   96,    0
 11347, 73109,20160504,  117,    0
 11347, 73109,20160505,  133,    0
 11347, 73109,20160506,   98,    0
 11347, 73109,20160507,   96,    0
 11347, 73109,20160508,   98,    0
 11347, 73109,20160509,   89,    0
 11347, 73109,20160510,   79,    0
 11347, 73109,20160511,   79,    0
 11347, 73109,20160512,   81,    0
 11347, 73109,20160513,   94,    0
 11347, 73109,20160514,  106,    0
 11347, 73109,20160515,  111,    0
 11347, 73109,20160516,  104,    0
 11347, 73109,20160517,  116,    0
 11347, 73109,20160518,  114,    0
 11347, 73109,20160519,  121,    0
 11347, 73109,20160520,  140,    0
 11347, 73109,20160521,  162,    0
 11347, 73109,20160522,  117,    0
 11347, 73109,20160523,   94,    0
 11347, 73109,20160524,  120,    0
 11347, 73109,20160525,  156,    0
 11347, 73109,20160526,  163,    0
 11347, 73109,20160527,  175,    0
 11347, 73109,20160528,  155,    0
 11347, 73109,20160529,  106,    0
 11347, 73109,20160530,   92,    0
 11347, 73109,20160531,  100,    0
 11347, 73109,20160601,  115,    0
 11347, 73109,20160602,  134,    0
 11347, 73109,20160603,  135,    0
 11347, 73109,20160604,  119,    0
 11347, 73109,20160605,  138,    0
 11347, 73109,20160606,  148,    0
 11347, 73109,20160607,  158,    0
 11347, 73109,20160608,  174,    0
 11347, 73109,20160609,  172,    0
 11347, 73109,20160610,  153,    0
 11347, 73109,20160611,  152,    0
 11347, 73109,20160612,  158,    0
 11347, 73109,20160613,  154,    0
 11347, 73109,20160614,  136,    0
 11347, 73109,20160615,  140,    0
 11347, 73109,20160616,  105,    0
 11347, 73109,20160617,  110,    0
 11347, 73109,20160618,  103,    0
 11347, 73109,20160619,  120,    0
 11347, 73109,20160620,  151,    0
 11347, 73109,20160621,  189,    0
 11347, 73109,20160622,  206,    0
 11347, 73109,20160623,  212,    0
 11347, 73109,20160624,  200,    0
 11347, 73109,20160625,  156,    0
 11347, 73109,20160626,  154,    0
 11347, 73109,20160627,  164,    0
 11347, 73109,20160628,  192,    0
 11347, 73109,20160629,  181,    0
 11347, 73109,20160630,  165,    0
 11347, 73109,20160701,  177,    0
 11347, 73109,20160702,  181,    0
 11347, 73109,20160703,  195,    0
 11347, 73109,20160704,  184,    0
 11347, 73109,20160705,  174,    0
 11347, 73109,20160706,  191,    0
 11347, 73109,20160707,  208,    0
 11347, 73109,20160708,  179,    0
 11347, 73109,20160709,  192,    0
 11347, 73109,20160710,  203,    0
 11347, 73109,20160711,  202,    0
 11347, 73109,20160712,  170,    0
 11347, 73109,20160713,  134,    0
 11347, 73109,20160714,  125,    0
 11347, 73109,20160715,  138,    0
 11347, 73109,20160716,  164,    0
 11347, 73109,20160717,  191,    0
 11347, 73109,20160718,  209,    0
 11347, 73109,20160719,  228,    0
 11347, 73109,20160720,  210,    0
 11347, 73109,20160721,  211,    0
 11347, 73109,20160722,  159,    0
 11347, 73109,20160723,  159,    0
 11347, 73109,20160724,  173,    0
 11347, 73109,20160725,  187,    0
 11347, 73109,20160726,  188,    0
 11347, 73109,20160727,  186,    0
 11347, 73109,20160728,  191,    0
 11347, 73109,20160729,  211,    0
 11347, 73109,20160730,  235,    0
 11347, 73109,20160731,  192,    0
 11347, 73109,20160801,  176,    0
 11347, 73109,20160802,  193,    0
 11347, 73109,20160803,  215,    0
 11347, 73109,20160804,  220,    0
 11347, 73109,20160805,  179,    0
 11347, 73109,20160806,  169,    0
 11347, 73109,20160807,  190,    0
 11347, 73109,20160808,  205,    0
 11347, 73109,20160809,  153,    0
 11347, 73109,20160810,  145,    0
 11347, 73109,20160811,  137,    0
 11347, 73109,20160812,  165,    0
 11347, 73109,20160813,  181,    0
 11347, 73109,20160814,  192,    0
 11347, 73109,20160815,  181,    0
 11347, 73109,20160816,  171,    0
 11347, 73109,20160817,  171,    0
 11347, 73109,20160818,  186,    0
 11347, 73109,20160819,  204,    0
 11347, 73109,20160820,  171,    0
 11347, 73109,20160821,  160,    0
 11347, 73109,20160822,  180,    0
 11347, 73109,20160823,  203,    0
 11347, 73109,20160824,  209,    0
 11347, 73109,20160825,  200,    0
 11347, 73109,20160826,  200,    0
 11347, 73109,20160827,  201,    0
 11347, 73109,20160828,  213,    0
 11347, 73109,20160829,  167,    0
 11347, 73109,20160830,  160,    0
 11347, 73109,20160831,  180,    0
 11347, 73109,20160901,  193,    0
 11347, 73109,20160902,  192,    0
 11347, 73109,20160903,  177,    0
 11347, 73109,20160904,  195,    0
 11347, 73109,20160905,  210,    0
 11347, 73109,20160906,  209,    0
 11347, 73109,20160907,  187,    0
 11347, 73109,20160908,  177,    0
 11347, 73109,20160909,  174,    0
 11347, 73109,20160910,  166,    0
 11347, 73109,20160911,  172,    0
 11347, 73109,20160912,  184,    0
 11347, 73109,20160913,  178,    0
 11347, 73109,20160914,  140,    0
 11347, 73109,20160915,  101,    0
 11347, 73109,20160916,  122,    0
 11347, 73109,20160917,  118,    0
 11347, 73109,20160918,  108,    0
 11347, 73109,20160919,  130,    0
 11347, 73109,20160920,  124,    0
 11347, 73109,20160921,  134,    0
 11347, 73109,20160922,  137,    0
 11347, 73109,20160923,  129,    0
 11347, 73109,20160924,  129,    0
 11347, 73109,20160925,  122,    0
 11347, 73109,20160926,  115,    0
 11347, 73109,20160927,  129,    0
 11347, 73109,20160928,  132,    0
 11347, 73109,20160929,  129,    0
 11347, 73109,20160930,  124,    0
 11347, 73109,20161001,  128,    0
 11347, 73109,20161002,  136,    0
 11347, 73109,20161003,  140,    0
 11347, 73109,20161004,  151,    0
 11347, 73109,20161005,  136,    0
 11347, 73109,20161006,   94,    0
 11347, 73109,20161007,   97,    0
 11347, 73109,20161008,  112,    0
 11347, 73109,20161009,   93,    0
 11347, 73109,20161010,   89,    0
 11347, 73109,20161011,   79,    0
 11347, 73109,20161012,   76,    0
 11347, 73109,20161013,   96,    0
 11347, 73109,20161014,   92,    0
 11347, 73109,20161015,   88,    0
 11347, 73109,20161016,   96,    0
 11347, 73109,20161017,  108,    0
 11347, 73109,20161018,  114,    0
 11347, 73109,20161019,  105,    0
 11347, 73109,20161020,   83,    0
 11347, 73109,20161021,   66,    0
 11347, 73109,20161022,   69,    0
 11347, 73109,20161023,  118,    0
 11347, 73109,20161024,  137,    0
 11347, 73109,20161025,  123,    0
 11347, 73109,20161026,  121,    0
 11347, 73109,20161027,  104,    0
 11347, 73109,20161028,   90,    0
 11347, 73109,20161029,  110,    0
 11347, 73109,20161030,  104,    0
 11347, 73109,20161031,   94,    0
 11347, 73109,20161101,   81,    0
 11347, 73109,20161102,   83,    0
 11347, 73109,20161103,   81,    0
 11347, 73109,20161104,   71,    0
 11347, 73109,20161105,   87,    0
 11347, 73109,20161106,   45,    0
 11347, 73109,20161107,    9,    0
 11347, 73109,20161108,    9,    0
 11347, 73109,20161109,   32,    0
 11347, 73109,20161110,   42,    0
 11347, 73109,20161111,   45,    0
 11347, 73109,20161112,   50,    0
 11347, 73109,20161113,   62,    0
 11347, 73109,20161114,   39,    0
 11347, 73109,20161115,   54,    0
 11347, 73109,20161116,   74,    0
 11347, 73109,20161117,   71,    0
 11347, 73109,20161118,   47,    0
 11347, 73109,20161119,   47,    0
 11347, 73109,20161120,   56,    0
 11347, 73109,20161121,   81,    0
 11347, 73109,20161122,   80,    0
 11347, 73109,20161123,   86,    0
 11347, 73109,20161124,   27,    0
 11347, 73109,20161125,    4,    0
 11347, 73109,20161126,    2,    0
 11347, 73109,20161127,   35,    0
 11347, 73109,20161128,   19,    0
 11347, 73109,20161129,   23,    0
 11347, 73109,20161130,   22,    0
 11347, 73109,20161201,    4,    0
 11347, 73109,20161202,    5,    0
 11347, 73109,20161203,    5,    0
 11347, 73109,20161204,   23,    0
 11347, 73109,20161205,   38,    0
 11347, 73109,20161206,   30,    0
 11347, 73109,20161207,   16,    0
 11347, 73109,20161208,    7,    0
 11347, 73109,20161209,   22,    0
 11347, 73109,20161210,   32,    0
 11347, 73109,20161211,   31,    0
 11347, 73109,20161212,   47,    0
 11347, 73109,20161213,   25,    0
 11347, 73109,20161214,    6,    0
 11347, 73109,20161215,    9,    0
 11347, 73109,20161216,   25,    0
 11347, 73109,20161217,   30,    0
 11347, 73109,20161218,   -5,    0
 11347, 73109,20161219,   -2,    0
 11347, 73109,20161220,   19,    0
 11347, 73109,20161221,   18,    0
 11347, 73109,20161222,   18,    0
 11347, 73109,20161223,   33,    0
 11347, 73109,20161224,   28,    0
 11347, 73109,20161225,   45,    0
 11347, 73109,20161226,   60,    0
 11347, 73109,20161227,   48,    0
 11347, 73109,20161228,   19,    0
 11347, 73109,20161229,   30,    0
 11347, 73109,20161230,    7,    0
 11347, 73109,20161231,   -9,    0
 11347, 73109,20170101,  -10,    0
 11347, 73109,20170102,   -8,    0
 11347, 73109,20170103,   19,    0
 11347, 73109,20170104,   25,    0
 11347, 73109,20170105,   36,    0
 11347, 73109,20170106,   11,    0
 11347, 73109,20170107,   26,    0
 11347, 73109,20170108,   28,    0
 11347, 73109,20170109,   32,    0
 11347, 73109,20170110,    2,    0
 11347, 73109,20170111,   21,    0
 11347, 73109,20170112,   46,    0
 11347, 73109,20170113,   -7,    0
 11347, 73109,20170114,  -25,    0
 11347, 73109,20170115,  -29,    0
 11347, 73109,20170116,  -16,    0
 11347, 73109,20170117,  -75,    0
 11347, 73109,20170118,  -88,    0
 11347, 73109,20170119,  -49,    0
 11347, 73109,20170120,   -4,    0
 11347, 73109,20170121,    8,    0
 11347, 73109,20170122,    5,    0
 11347, 73109,20170123,   16,    0
 11347, 73109,20170124,   26,    0
 11347, 73109,20170125,  -29,    0
 11347, 73109,20170126,  -35,    0
 11347, 73109,20170127,   -3,    0
 11347, 73109,20170128,   26,    0
 11347, 73109,20170129,   -2,    0
 11347, 73109,20170130,   15,    0
 11347, 73109,20170131,   32,    0
 11347, 73109,20170201,   33,    0
 11347, 73109,20170202,   33,    0
 11347, 73109,20170203,   15,    0
 11347, 73109,20170204,   50,    0
 11347, 73109,20170205,   26,    0
 11347, 73109,20170206,   29,    0
 11347, 73109,20170207,   50,    0
 11347, 73109,20170208,   21,    0
 11347, 73109,20170209,    8,    0
 11347, 73109,20170210,   -4,    0
 11347, 73109,20170211,    6,    0
 11347, 73109,20170212,   57,    0
 11347, 73109,20170213,   57,    0
 11347, 73109,20170214,   49,    0
 11347, 73109,20170215,   47,    0
 11347, 73109,20170216,   48,    0
 11347, 73109,20170217,   44,    0
 11347, 73109,20170218,   40,    0
 11347, 73109,20170219,   37,    0
 11347, 73109,20170220,   45,    0
 11347, 73109,20170221,   62,    0
 11347, 73109,20170222,   69,    0
 11347, 73109,20170223,   63,    0
 11347, 73109,20170224,   53,    0
 11347, 73109,20170225,   45,    0
 11347, 73109,20170226,   59,    0
 11347, 73109,20170227,   61,    0
 11347, 73109,20170228,   43,    0
 11347, 73109,20170301,   40,    0
 11347, 73109,20170302,   62,    0
 11347, 73109,20170303,   56,    0
 11347, 73109,20170304,   11,    0
 11347, 73109,20170305,   18,    0
 11347, 73109,20170306,   63,    0
 11347, 73109,20170307,   81,    0
 11347, 73109,20170308,  110,    0
 11347, 73109,20170309,  110,    0
 11347, 73109,20170310,  121,    0
 11347, 73109,20170311,  112,    0
 11347, 73109,20170312,   86,    0
 11347, 73109,20170313,   63,    0
 11347, 73109,20170314,   83,    0
 11347, 73109,20170315,   86,    0
 11347, 73109,20170316,   90,    0
 11347, 73109,20170317,   95,    0
 11347, 73109,20170318,  101,    0
 11347, 73109,20170319,  110,    0
 11347, 73109,20170320,  100,    0
 11347, 73109,20170321,   82,    0
 11347, 73109,20170322,   65,    0
 11347, 73109,20170323,   33,    0
 11347, 73109,20170324,   11,    0
 11347, 73109,20170325,   22,    0
 11347, 73109,20170326,   48,    0
 11347, 73109,20170327,   36,    0
 11347, 73109,20170328,   63,    0
 11347, 73109,20170329,   85,    0
 11347, 73109,20170330,   96,    0
 11347, 73109,20170331,   84,    0
 11347, 73109,20170401,   61,    0
 11347, 73109,20170402,   60,    0
 11347, 73109,20170403,   84,    0
 11347, 73109,20170404,   82,    0
 11347, 73109,20170405,   74,    0
 11347, 73109,20170406,   81,    0
 11347, 73109,20170407,   88,    0
 11347, 73109,20170408,  103,    0
 11347, 73109,20170409,   96,    0
 11347, 73109,20170410,  107,    0
 11347, 73109,20170411,  108,    0
 11347, 73109,20170412,  109,    0
 11347, 73109,20170413,  125,    0
 11347, 73109,20170414,  127,    0
 11347, 73109,20170415,  100,    0
 11347, 73109,20170416,  107,    0
 11347, 73109,20170417,  110,    0
 11347, 73109,20170418,  106,    0
 11347, 73109,20170419,   53,    0
 11347, 73109,20170420,   51,    0
 11347, 73109,20170421,   71,    0
 11347, 73109,20170422,   97,    0
 11347, 73109,20170423,  115,    0
 11347, 73109,20170424,  115,    0
 11347, 73109,20170425,  101,    0
 11347, 73109,20170426,   55,    0
 11347, 73109,20170427,    0,    0
 11347, 73109,20170428,   27,    0
 11347, 73109,20170429,   63,    0
 11347, 73109,20170430,   71,    0
 11347, 73109,20170501,   65,    0
 11347, 73109,20170502,   76,    0
 11347, 73109,20170503,   89,    0
 11347, 73109,20170504,  117,    0
 11347, 73109,20170505,  137,    0
 11347, 73109,20170506,  117,    0
 11347, 73109,20170507,  112,    0
 11347, 73109,20170508,  117,    0
 11347, 73109,20170509,  121,    0
 11347, 73109,20170510,  121,    0
 11347, 73109,20170511,   94,    0
 11347, 73109,20170512,  106,    0
 11347, 73109,20170513,  122,    0
 11347, 73109,20170514,  127,    0
 11347, 73109,20170515,  146,    0
 11347, 73109,20170516,  158,    0
 11347, 73109,20170517,  162,    0
 11347, 73109,20170518,  109,    0
 11347, 73109,20170519,   71,    0
 11347, 73109,20170520,  102,    0
 11347, 73109,20170521,  147,    0
 11347, 73109,20170522,  149,    0
 11347, 73109,20170523,  148,    0
 11347, 73109,20170524,  171,    0
 11347, 73109,20170525,  181,    0
 11347, 73109,20170526,  187,    0
 11347, 73109,20170527,  186,    0
 11347, 73109,20170528,  185,    0
 11347, 73109,20170529,  167,    0
 11347, 73109,20170530,  127,    0
 11347, 73109,20170531,  130,    0
 11347, 73109,20170601,  131,    0
 11347, 73109,20170602,  141,    0
 11347, 73109,20170603,  147,    0
 11347, 73109,20170604,  106,    0
 11347, 73109,20170605,  131,    0
 11347, 73109,20170606,  131,    0
 11347, 73109,20170607,  142,    0
 11347, 73109,20170608,  178,    0
 11347, 73109,20170609,  186,    0
 11347, 73109,20170610,  199,    0
 11347, 73109,20170611,  215,    0
 11347, 73109,20170612,  220,    0
 11347, 73109,20170613,  228,    0
 11347, 73109,20170614,  230,    0
 11347, 73109,20170615,  202,    0
 11347, 73109,20170616,  203,    0
 11347, 73109,20170617,  205,    0
 11347, 73109,20170618,  203,    0
 11347, 73109,20170619,  215,    0
 11347, 73109,20170620,  171,    0
 11347, 73109,20170621,  184,    0
 11347, 73109,20170622,  190,    0
 11347, 73109,20170623,  191,    0
 11347, 73109,20170624,  215,    0
 11347, 73109,20170625,  204,    0
 11347, 73109,20170626,  169,    0
 11347, 73109,20170627,  167,    0
 11347, 73109,20170628,  135,    0
 11347, 73109,20170629,  112,    0
 11347, 73109,20170630,  105,    0
 11347, 73109,20170701,  127,    0
 11347, 73109,20170702,  152,    0
 11347, 73109,20170703,  177,    0
 11347, 73109,20170704,  201,    0
 11347, 73109,20170705,  204,    0
 11347, 73109,20170706,  213,    0
 11347, 73109,20170707,  221,    0
 11347, 73109,20170708,  187,    0
 11347, 73109,20170709,  173,    0
 11347, 73109,20170710,  169,    0
 11347, 73109,20170711,  194,    0
 11347, 73109,20170712,  206,    0
 11347, 73109,20170713,  208,    0
 11347, 73109,20170714,  191,    0
 11347, 73109,20170715,  191,    0
 11347, 73109,20170716,  203,    0
 11347, 73109,20170717,  201,    0
 11347, 73109,20170718,  209,    0
 11347, 73109,20170719,  213,    0
 11347, 73109,20170720,  173,    0
 11347, 73109,20170721,  168,    0
 11347, 73109,20170722,  193,    0
 11347, 73109,20170723,  182,    0
 11347, 73109,20170724,  172,    0
 11347, 73109,20170725,  156,    0
 11347, 73109,20170726,  165,    0
 11347, 73109,20170727,  197,    0
 11347, 73109,20170728,  213,    0
 11347, 73109,20170729,  227,    0
 11347, 73109,20170730,  231,    0
 11347, 73109,20170731,  246,    0
 11347, 73109,20170801,  225,    0
 11347, 73109,20170802,  236,    0
 11347, 73109,20170803,  235,    0
 11347, 73109,20170804,  229,    0
 11347, 73109,20170805,  215,    0
 11347, 73109,20170806,  195,    0
 11347, 73109,20170807,  204,    0
 11347, 73109,20170808,  166,    0
 11347, 73109,20170809,  104,    0
 11347, 73109,20170810,  115,    0
 11347, 73109,20170811,  123,    0
 11347, 73109,20170812,  147,    0
 11347, 73109,20170813,  175,    0
 11347, 73109,20170814,  195,    0
 11347, 73109,20170815,  182,    0
 11347, 73109,20170816,  190,    0
 11347, 73109,20170817,  204,    0
 11347, 73109,20170818,  198,    0
 11347, 73109,20170819,  180,    0
 11347, 73109,20170820,  173,    0
 11347, 73109,20170821,  189,    0
 11347, 73109,20170822,  211,    0
 11347, 73109,20170823,  205,    0
 11347, 73109,20170824,  210,    0
 11347, 73109,20170825,  206,    0
 11347, 73109,20170826,  219,    0
 11347, 73109,20170827,  212,    0
 11347, 73109,20170828,  191,    0
 11347, 73109,20170829,  200,    0
 11347, 73109,20170830,  178,    0
 11347, 73109,20170831,  137,    0
 11347, 73109,20170901,  133,    0
 11347, 73109,20170902,  123,    0
 11347, 73109,20170903,  124,    0
 11347, 73109,20170904,  159,    0
 11347, 73109,20170905,  185,    0
 11347, 73109,20170906,  162,    0
 11347, 73109,20170907,  140,    0
 11347, 73109,20170908,  137,    0
 11347, 73109,20170909,   96,    0
 11347, 73109,20170910,  105,    0
 11347, 73109,20170911,  138,    0
 11347, 73109,20170912,  125,    0
 11347, 73109,20170913,  152,    0
 11347, 73109,20170914,  128,    0
 11347, 73109,20170915,   62,    0
 11347, 73109,20170916,   56,    0
 11347, 73109,20170917,   75,    0
 11347, 73109,20170918,   87,    0
 11347, 73109,20170919,   83,    0
 11347, 73109,20170920,  100,    0
 11347, 73109,20170921,  127,    0
 11347, 73109,20170922,  108,    0
 11347, 73109,20170923,  126,    0
 11347, 73109,20170924,  136,    0
 11347, 73109,20170925,  119,    0
 11347, 73109,20170926,  117,    0
 11347, 73109,20170927,  130,    0
 11347, 73109,20170928,  136,    0
 11347, 73109,20170929,  144,    0
 11347, 73109,20170930,  104,    0
 11347, 73109,20171001,  124,    0
 11347, 73109,20171002,  151,    0
 11347, 73109,20171003,  141,    0
 11347, 73109,20171004,  133,    0
 11347, 73109,20171005,  141,    0
 11347, 73109,20171006,  123,    0
 11347, 73109,20171007,  102,    0
 11347, 73109,20171008,  111,    0
 11347, 73109,20171009,  109,    0
 11347, 73109,20171010,  112,    0
 11347, 73109,20171011,  124,    0
 11347, 73109,20171012,  130,    0
 11347, 73109,20171013,  131,    0
 11347, 73109,20171014,  136,    0
 11347, 73109,20171015,  134,    0
 11347, 73109,20171016,  130,    0
 11347, 73109,20171017,  113,    0
 11347, 73109,20171018,  100,    0
 11347, 73109,20171019,   98,    0
 11347, 73109,20171020,  116,    0
 11347, 73109,20171021,  116,    0
 11347, 73109,20171022,   98,    0
 11347, 73109,20171023,  100,    0
 11347, 73109,20171024,  135,    0
 11347, 73109,20171025,  126,    0
 11347, 73109,20171026,  130,    0
 11347, 73109,20171027,  120,    0
 11347, 73109,20171028,  111,    0
 11347, 73109,20171029,  104,    0
 11347, 73109,20171030,   83,    0
 11347, 73109,20171031,   62,    0
 11347, 73109,20171101,   70,    0
 11347, 73109,20171102,   81,    0
 11347, 73109,20171103,   93,    0
 11347, 73109,20171104,   73,    0
 11347, 73109,20171105,   57,    0
 11347, 73109,20171106,    7,    0
 11347, 73109,20171107,   25,    0
 11347, 73109,20171108,   20,    0
 11347, 73109,20171109,    7,    0
 11347, 73109,20171110,   49,    0
 11347, 73109,20171111,   90,    0
 11347, 73109,20171112,   82,    0
 11347, 73109,20171113,   12,    0
 11347, 73109,20171114,   21,    0
 11347, 73109,20171115,   40,    0
 11347, 73109,20171116,   54,    0
 11347, 73109,20171117,   79,    0
 11347, 73109,20171118,   50,    0
 11347, 73109,20171119,   43,    0
 11347, 73109,20171120,   59,    0
 11347, 73109,20171121,   55,    0
 11347, 73109,20171122,   44,    0
 11347, 73109,20171123,   47,    0
 11347, 73109,20171124,   61,    0
 11347, 73109,20171125,   57,    0
 11347, 73109,20171126,   14,    0
 11347, 73109,20171127,   -1,    0
 11347, 73109,20171128,   11,    0
 11347, 73109,20171129,   -7,    0
 11347, 73109,20171130,  -25,    0
 11347, 73109,20171201,  -39,    0
 11347, 73109,20171202,  -49,    0
 11347, 73109,20171203,  -22,    0
 11347, 73109,20171204,  -12,    0
 11347, 73109,20171205,    2,    0
 11347, 73109,20171206,    1,    0
 11347, 73109,20171207,   -7,    0
 11347, 73109,20171208,   18,    0
 11347, 73109,20171209,   18,    0
 11347, 73109,20171210,   14,    0
 11347, 73109,20171211,   36,    0
 11347, 73109,20171212,  -11,    0
 11347, 73109,20171213,  -34,    0
 11347, 73109,20171214,   13,    0
 11347, 73109,20171215,   16,    0
 11347, 73109,20171216,   -1,    0
 11347, 73109,20171217,    7,    0
 11347, 73109,20171218,   -6,    0
 11347, 73109,20171219,    7,    0
 11347, 73109,20171220,   40,    0
 11347, 73109,20171221,   70,    0
 11347, 73109,20171222,   55,    0
 11347, 73109,20171223,   36,    0
 11347, 73109,20171224,   23,    0
 11347, 73109,20171225,   17,    0
 11347, 73109,20171226,    9,    0
 11347, 73109,20171227,  -13,    0
 11347, 73109,20171228,  -15,    0
 11347, 73109,20171229,  -18,    0
 11347, 73109,20171230,   12,    0
 11347, 73109,20171231,   19,    0
 11347, 73109,20180101,   24,    0
 11347, 73109,20180102,   33,    0
 11347, 73109,20180103,   69,    0
 11347, 73109,20180104,   86,    0
 11347, 73109,20180105,   42,    0
 11347, 73109,20180106,   33,    0
 11347, 73109,20180107,   25,    0
 11347, 73109,20180108,  -23,    0
 11347, 73109,20180109,  -44,    0
 11347, 73109,20180110,  -25,    0
 11347, 73109,20180111,    2,    0
 11347, 73109,20180112,  -16,    0
 11347, 73109,20180113,  -38,    0
 11347, 73109,20180114,   -5,    0
 11347, 73109,20180115,  -10,    0
 11347, 73109,20180116,    7,    0
 11347, 73109,20180117,   29,    0
 11347, 73109,20180118,   10,    0
 11347, 73109,20180119,   26,    0
 11347, 73109,20180120,   42,    0
 11347, 73109,20180121,   82,    0
 11347, 73109,20180122,   87,    0
 11347, 73109,20180123,   60,    0
 11347, 73109,20180124,   41,    0
 11347, 73109,20180125,   40,    0
 11347, 73109,20180126,    5,    0
 11347, 73109,20180127,    7,    0
 11347, 73109,20180128,   10,    0
 11347, 73109,20180129,   21,    0
 11347, 73109,20180130,   29,    0
 11347, 73109,20180131,   21,    0
 11347, 73109,20180201,   -3,    0
 11347, 73109,20180202,  -14,    0
 11347, 73109,20180203,   -7,    0
 11347, 73109,20180204,  -14,    0
 11347, 73109,20180205,   -5,    0
 11347, 73109,20180206,  -24,    0
 11347, 73109,20180207,  -64,    0
 11347, 73109,20180208,  -88,    0
 11347, 73109,20180209,  -71,    0
 11347, 73109,20180210,  -43,    0
 11347, 73109,20180211,  -23,    0
 11347, 73109,20180212,  -11,    0
 11347, 73109,20180213,  -66,    0
 11347, 73109,20180214,  -21,    0
 11347, 73109,20180215,   31,    0
 11347, 73109,20180216,   30,    0
 11347, 73109,20180217,   24,    0
 11347, 73109,20180218,   21,    0
 11347, 73109,20180219,   31,    0
 11347, 73109,20180220,   44,    0
 11347, 73109,20180221,   -5,    0
 11347, 73109,20180222,  -25,    0
 11347, 73109,20180223,  -22,    0
 11347, 73109,20180224,   -2,    0
 11347, 73109,20180225,   38,    0
 11347, 73109,20180226,   -5,    0
 11347, 73109,20180227,  -40,    0
 11347, 73109,20180228,  -12,    0
 11347, 73109,20180301,   36,    0
 11347, 73109,20180302,   34,    0
 11347, 73109,20180303,   47,    0
 11347, 73109,20180304,   39,    0
 11347, 73109,20180305,   29,    0
 11347, 73109,20180306,   27,    0
 11347, 73109,20180307,   21,    0
 11347, 73109,20180308,   33,    0
 11347, 73109,20180309,   71,    0
 11347, 73109,20180310,   92,    0
 11347, 73109,20180311,   51,    0
 11347, 73109,20180312,   32,    0
 11347, 73109,20180313,   20,    0
 11347, 73109,20180314,   45,    0
 11347, 73109,20180315,   55,    0
 11347, 73109,20180316,   26,    0
 11347, 73109,20180317,   11,    0
 11347, 73109,20180318,    8,    0
 11347, 73109,20180319,    6,    0
 11347, 73109,20180320,   -8,    0
 11347, 73109,20180321,  -14,    0
 11347, 73109,20180322,   14,    0
 11347, 73109,20180323,   54,    0
 11347, 73109,20180324,   18,    0
 11347, 73109,20180325,   17,    0
 11347, 73109,20180326,   14,    0
 11347, 73109,20180327,   47,    0
 11347, 73109,20180328,   91,    0
 11347, 73109,20180329,   86,    0
 11347, 73109,20180330,   60,    0
 11347, 73109,20180331,   26,    0
 11347, 73109,20180401,   58,    0
 11347, 73109,20180402,   79,    0
 11347, 73109,20180403,   88,    0
 11347, 73109,20180404,   84,    0
 11347, 73109,20180405,   84,    0
 11347, 73109,20180406,   92,    0
 11347, 73109,20180407,  113,    0
 11347, 73109,20180408,   50,    0
 11347, 73109,20180409,   48,    0
 11347, 73109,20180410,   36,    0
 11347, 73109,20180411,   20,    0
 11347, 73109,20180412,   40,    0
 11347, 73109,20180413,   45,    0
 11347, 73109,20180414,   51,    0
 11347, 73109,20180415,   93,    0
 11347, 73109,20180416,   83,    0
 11347, 73109,20180417,  109,    0
 11347, 73109,20180418,  122,    0
 11347, 73109,20180419,  121,    0
 11347, 73109,20180420,  116,    0
 11347, 73109,20180421,  126,    0
 11347, 73109,20180422,  136,    0
 11347, 73109,20180423,  123,    0
 11347, 73109,20180424,  138,    0
 11347, 73109,20180425,  140,    0
 11347, 73109,20180426,  137,    0
 11347, 73109,20180427,  127,    0
 11347, 73109,20180428,  125,    0
 11347, 73109,20180429,   64,    0
 11347, 73109,20180430,   59,    0
 11347, 73109,20180501,   41,    0
 11347, 73109,20180502,   64,    0
 11347, 73109,20180503,   79,    0
 11347, 73109,20180504,   88,    0
 11347, 73109,20180505,  108,    0
 11347, 73109,20180506,  115,    0
 11347, 73109,20180507,  128,    0
 11347, 73109,20180508,  129,    0
 11347, 73109,20180509,  127,    0
 11347, 73109,20180510,  107,    0
 11347, 73109,20180511,  123,    0
 11347, 73109,20180512,   99,    0
 11347, 73109,20180513,   43,    0
 11347, 73109,20180514,   57,    0
 11347, 73109,20180515,   88,    0
 11347, 73109,20180516,   98,    0
 11347, 73109,20180517,  107,    0
 11347, 73109,20180518,  109,    0
 11347, 73109,20180519,   99,    0
 11347, 73109,20180520,  103,    0
 11347, 73109,20180521,  101,    0
 11347, 73109,20180522,  111,    0
 11347, 73109,20180523,  137,    0
 11347, 73109,20180524,  158,    0
 11347, 73109,20180525,  149,    0
 11347, 73109,20180526,  159,    0
 11347, 73109,20180527,  162,    0
 11347, 73109,20180528,  126,    0
 11347, 73109,20180529,  115,    0
 11347, 73109,20180530,  101,    0
 11347, 73109,20180531,  114,    0
 11347, 73109,20180601,  130,    0
 11347, 73109,20180602,  133,    0
 11347, 73109,20180603,  115,    0
 11347, 73109,20180604,  144,    0
 11347, 73109,20180605,  129,    0
 11347, 73109,20180606,  107,    0
 11347, 73109,20180607,  113,    0
 11347, 73109,20180608,  141,    0
 11347, 73109,20180609,  169,    0
 11347, 73109,20180610,  149,    0
 11347, 73109,20180611,  151,    0
 11347, 73109,20180612,  128,    0
 11347, 73109,20180613,  134,    0
 11347, 73109,20180614,  144,    0
 11347, 73109,20180615,  141,    0
 11347, 73109,20180616,  148,    0
 11347, 73109,20180617,  156,    0
 11347, 73109,20180618,  163,    0
 11347, 73109,20180619,  172,    0
 11347, 73109,20180620,  188,    0
 11347, 73109,20180621,  193,    0
 11347, 73109,20180622,  188,    0
 11347, 73109,20180623,  178,    0
 11347, 73109,20180624,  178,    0
 11347, 73109,20180625,  176,    0
 11347, 73109,20180626,  185,    0
 11347, 73109,20180627,  192,    0
 11347, 73109,20180628,  172,    0
 11347, 73109,20180629,  177,    0
 11347, 73109,20180630,  204,    0
 11347, 73109,20180701,  209,    0
 11347, 73109,20180702,  203,    0
 11347, 73109,20180703,  196,    0
 11347, 73109,20180704,  196,    0
 11347, 73109,20180705,  157,    0
 11347, 73109,20180706,  159,    0
 11347, 73109,20180707,  163,    0
 11347, 73109,20180708,  160,    0
 11347, 73109,20180709,  162,    0
 11347, 73109,20180710,  177,    0
 11347, 73109,20180711,  171,    0
 11347, 73109,20180712,  170,    0
 11347, 73109,20180713,  193,    0
 11347, 73109,20180714,  212,    0
 11347, 73109,20180715,  212,    0
 11347, 73109,20180716,  164,    0
 11347, 73109,20180717,  176,    0
 11347, 73109,20180718,  187,    0
 11347, 73109,20180719,  197,    0
 11347, 73109,20180720,  197,    0
 11347, 73109,20180721,  159,    0
 11347, 73109,20180722,  156,    0
 11347, 73109,20180723,  180,    0
 11347, 73109,20180724,  170,    0
 11347, 73109,20180725,  165,    0
 11347, 73109,20180726,  189,    0
 11347, 73109,20180727,  217,    0
 11347, 73109,20180728,  203,    0
 11347, 73109,20180729,  208,    0
 11347, 73109,20180730,  215,    0
 11347, 73109,20180731,  215,    0
 11347, 73109,20180801,  205,    0
 11347, 73109,20180802,  221,    0
 11347, 73109,20180803,  218,    0
 11347, 73109,20180804,  218,    0
 11347, 73109,20180805,  206,    0
 11347, 73109,20180806,  193,    0
 11347, 73109,20180807,  182,    0
 11347, 73109,20180808,  181,    0
 11347, 73109,20180809,  154,    0
 11347, 73109,20180810,  167,    0
 11347, 73109,20180811,  187,    0
 11347, 73109,20180812,  184,    0
 11347, 73109,20180813,  169,    0
 11347, 73109,20180814,  167,    0
 11347, 73109,20180815,  170,    0
 11347, 73109,20180816,  171,    0
 11347, 73109,20180817,  141,    0
 11347, 73109,20180818,  152,    0
 11347, 73109,20180819,  165,    0
 11347, 73109,20180820,  174,    0
 11347, 73109,20180821,  172,    0
 11347, 73109,20180822,  160,    0
 11347, 73109,20180823,  157,    0
 11347, 73109,20180824,  161,    0
 11347, 73109,20180825,  140,    0
 11347, 73109,20180826,  158,    0
 11347, 73109,20180827,  179,    0
 11347, 73109,20180828,  200,    0
 11347, 73109,20180829,  173,    0
 11347, 73109,20180830,  162,    0
 11347, 73109,20180831,  167,    0
 11347, 73109,20180901,  166,    0
 11347, 73109,20180902,  158,    0
 11347, 73109,20180903,  167,    0
 11347, 73109,20180904,  162,    0
 11347, 73109,20180905,  158,    0
 11347, 73109,20180906,  135,    0
 11347, 73109,20180907,  139,    0
 11347, 73109,20180908,  161,    0
 11347, 73109,20180909,  164,    0
 11347, 73109,20180910,  156,    0
 11347, 73109,20180911,  169,    0
 11347, 73109,20180912,  160,    0
 11347, 73109,20180913,  165,    0
 11347, 73109,20180914,  167,    0
 11347, 73109,20180915,  165,    0
 11347, 73109,20180916,  170,    0
 11347, 73109,20180917,  156,    0
 11347, 73109,20180918,  148,    0
 11347, 73109,20180919,  162,    0
 11347, 73109,20180920,  166,    0
 11347, 73109,20180921,  173,    0
 11347, 73109,20180922,  178,    0
 11347, 73109,20180923,  183,    0
 11347, 73109,20180924,  158,    0
 11347, 73109,20180925,  132,    0
 11347, 73109,20180926,  140,    0
 11347, 73109,20180927,  139,    0
 11347, 73109,20180928,  154,    0
 11347, 73109,20180929,  134,    0
 11347, 73109,20180930,  139,    0
 11347, 73109,20181001,  101,    0
 11347, 73109,20181002,  112,    0
 11347, 73109,20181003,  140,    0
 11347, 73109,20181004,  128,    0
 11347, 73109,20181005,  124,    0
 11347, 73109,20181006,  132,    0
 11347, 73109,20181007,   93,    0
 11347, 73109,20181008,   80,    0
 11347, 73109,20181009,  105,    0
 11347, 73109,20181010,  116,    0
 11347, 73109,20181011,  124,    0
 11347, 73109,20181012,  140,    0
 11347, 73109,20181013,  146,    0
 11347, 73109,20181014,  131,    0
 11347, 73109,20181015,  102,    0
 11347, 73109,20181016,  104,    0
 11347, 73109,20181017,  113,    0
 11347, 73109,20181018,  112,    0
 11347, 73109,20181019,  130,    0
 11347, 73109,20181020,  132,    0
 11347, 73109,20181021,  119,    0
 11347, 73109,20181022,  107,    0
 11347, 73109,20181023,  114,    0
 11347, 73109,20181024,  146,    0
 11347, 73109,20181025,  126,    0
 11347, 73109,20181026,  108,    0
 11347, 73109,20181027,   41,    0
 11347, 73109,20181028,    5,    0
 11347, 73109,20181029,    9,    0
 11347, 73109,20181030,   17,    0
 11347, 73109,20181031,   28,    0
 11347, 73109,20181101,   28,    0
 11347, 73109,20181102,   44,    0
 11347, 73109,20181103,   52,    0
 11347, 73109,20181104,   65,    0
 11347, 73109,20181105,   70,    0
 11347, 73109,20181106,   48,    0
 11347, 73109,20181107,   57,    0
 11347, 73109,20181108,   50,    0
 11347, 73109,20181109,   54,    0
 11347, 73109,20181110,   65,    0
 11347, 73109,20181111,   84,    0
 11347, 73109,20181112,   97,    0
 11347, 73109,20181113,   84,    0
 11347, 73109,20181114,   82,    0
 11347, 73109,20181115,   65,    0
 11347, 73109,20181116,   59,    0
 11347, 73109,20181117,   66,    0
 11347, 73109,20181118,   36,    0
 11347, 73109,20181119,   31,    0
 11347, 73109,20181120,   29,    0
 11347, 73109,20181121,   37,    0
 11347, 73109,20181122,   33,    0
 11347, 73109,20181123,   14,    0
 11347, 73109,20181124,   15,    0
 11347, 73109,20181125,    1,    0
 11347, 73109,20181126,   22,    0
 11347, 73109,20181127,   47,    0
 11347, 73109,20181128,   36,    0
 11347, 73109,20181129,   34,    0
 11347, 73109,20181130,   36,    0
 11347, 73109,20181201,   35,    0
 11347, 73109,20181202,   53,    0
 11347, 73109,20181203,   56,    0
 11347, 73109,20181204,   58,    0
 11347, 73109,20181205,   57,    0
 11347, 73109,20181206,   57,    0
 11347, 73109,20181207,   49,    0
 11347, 73109,20181208,   49,    0
 11347, 73109,20181209,   65,    0
 11347, 73109,20181210,   54,    0
 11347, 73109,20181211,   32,    0
 11347, 73109,20181212,   40,    0
 11347, 73109,20181213,   32,    0
 11347, 73109,20181214,   47,    0
 11347, 73109,20181215,   25,    0
 11347, 73109,20181216,   31,    0
 11347, 73109,20181217,   37,    0
 11347, 73109,20181218,   -1,    0
 11347, 73109,20181219,   25,    0
 11347, 73109,20181220,    7,    0
 11347, 73109,20181221,    6,    0
 11347, 73109,20181222,   44,    0
 11347, 73109,20181223,   51,    0
 11347, 73109,20181224,   55,    0
 11347, 73109,20181225,   42,    0
 11347, 73109,20181226,   30,    0
 11347, 73109,20181227,   31,    0
 11347, 73109,20181228,   35,    0
 11347, 73109,20181229,   63,    0
 11347, 73109,20181230,   80,    0
 11347, 73109,20181231,   83,    0
 11347, 73109,20190101,-9999,    9
 11347, 73109,20190102,-9999,    9
 11347, 73109,20190103,-9999,    9
 11347, 73109,20190104,-9999,    9
 11347, 73109,20190105,-9999,    9
 11347, 73109,20190106,-9999,    9
 11347, 73109,20190107,-9999,    9
 11347, 73109,20190108,-9999,    9
 11347, 73109,20190109,-9999,    9
 11347, 73109,20190110,-9999,    9
 11347, 73109,20190111,-9999,    9
 11347, 73109,20190112,-9999,    9
 11347, 73109,20190113,-9999,    9
 11347, 73109,20190114,-9999,    9
 11347, 73109,20190115,-9999,    9
 11347, 73109,20190116,-9999,    9
 11347, 73109,20190117,-9999,    9
 11347, 73109,20190118,-9999,    9
 11347, 73109,20190119,-9999,    9
 11347, 73109,20190120,-9999,    9
 11347, 73109,20190121,-9999,    9
 11347, 73109,20190122,-9999,    9
 11347, 73109,20190123,-9999,    9
 11347, 73109,20190124,-9999,    9
 11347, 73109,20190125,-9999,    9
 11347, 73109,20190126,-9999,    9
 11347, 73109,20190127,-9999,    9
 11347, 73109,20190128,-9999,    9
 11347, 73109,20190129,-9999,    9
 11347, 73109,20190130,-9999,    9
 11347, 73109,20190131,-9999,    9
 11347, 73109,20190201,-9999,    9
 11347, 73109,20190202,-9999,    9
 11347, 73109,20190203,-9999,    9
 11347, 73109,20190204,-9999,    9
 11347, 73109,20190205,-9999,    9
 11347, 73109,20190206,-9999,    9
 11347, 73109,20190207,-9999,    9
 11347, 73109,20190208,-9999,    9
 11347, 73109,20190209,-9999,    9
 11347, 73109,20190210,-9999,    9
 11347, 73109,20190211,-9999,    9
 11347, 73109,20190212,-9999,    9
 11347, 73109,20190213,-9999,    9
 11347, 73109,20190214,-9999,    9
 11347, 73109,20190215,-9999,    9
 11347, 73109,20190216,-9999,    9
 11347, 73109,20190217,-9999,    9
 11347, 73109,20190218,-9999,    9
 11347, 73109,20190219,-9999,    9
 11347, 73109,20190220,-9999,    9
 11347, 73109,20190221,-9999,    9
 11347, 73109,20190222,-9999,    9
 11347, 73109,20190223,-9999,    9
 11347, 73109,20190224,-9999,    9
 11347, 73109,20190225,-9999,    9
 11347, 73109,20190226,-9999,    9
 11347, 73109,20190227,-9999,    9
 11347, 73109,20190228,-9999,    9
 11347, 73109,20190301,-9999,    9
 11347, 73109,20190302,-9999,    9
 11347, 73109,20190303,-9999,    9
 11347, 73109,20190304,-9999,    9
 11347, 73109,20190305,-9999,    9
 11347, 73109,20190306,-9999,    9
 11347, 73109,20190307,-9999,    9
 11347, 73109,20190308,-9999,    9
 11347, 73109,20190309,-9999,    9
 11347, 73109,20190310,-9999,    9
 11347, 73109,20190311,-9999,    9
 11347, 73109,20190312,-9999,    9
 11347, 73109,20190313,-9999,    9
 11347, 73109,20190314,-9999,    9
 11347, 73109,20190315,-9999,    9
 11347, 73109,20190316,-9999,    9
 11347, 73109,20190317,-9999,    9
 11347, 73109,20190318,-9999,    9
 11347, 73109,20190319,-9999,    9
 11347, 73109,20190320,-9999,    9
 11347, 73109,20190321,-9999,    9
 11347, 73109,20190322,-9999,    9
 11347, 73109,20190323,-9999,    9
 11347, 73109,20190324,-9999,    9
 11347, 73109,20190325,-9999,    9
 11347, 73109,20190326,-9999,    9
 11347, 73109,20190327,-9999,    9
 11347, 73109,20190328,-9999,    9
 11347, 73109,20190329,-9999,    9
 11347, 73109,20190330,-9999,    9
 11347, 73109,20190331,-9999,    9
 11347, 73109,20190401,-9999,    9
 11347, 73109,20190402,-9999,    9
 11347, 73109,20190403,-9999,    9
 11347, 73109,20190404,-9999,    9
 11347, 73109,20190405,-9999,    9
 11347, 73109,20190406,-9999,    9
 11347, 73109,20190407,-9999,    9
 11347, 73109,20190408,-9999,    9
 11347, 73109,20190409,-9999,    9
 11347, 73109,20190410,-9999,    9
 11347, 73109,20190411,-9999,    9
 11347, 73109,20190412,-9999,    9
 11347, 73109,20190413,-9999,    9
 11347, 73109,20190414,-9999,    9
 11347, 73109,20190415,-9999,    9
 11347, 73109,20190416,-9999,    9
 11347, 73109,20190417,-9999,    9
 11347, 73109,20190418,-9999,    9
 11347, 73109,20190419,-9999,    9
 11347, 73109,20190420,-9999,    9
 11347, 73109,20190421,-9999,    9
 11347, 73109,20190422,-9999,    9
 11347, 73109,20190423,-9999,    9
 11347, 73109,20190424,-9999,    9
 11347, 73109,20190425,-9999,    9
 11347, 73109,20190426,-9999,    9
 11347, 73109,20190427,-9999,    9
 11347, 73109,20190428,-9999,    9
 11347, 73109,20190429,-9999,    9
 11347, 73109,20190430,-9999,    9
