EUROPEAN CLIMATE ASSESSMENT & DATASET (ECA&D), file created on: 13-05-2019
THESE DATA CAN BE USED FOR NON-COMMERCIAL RESEARCH AND EDUCATION PROVIDED THAT THE FOLLOWING SOURCE IS ACKNOWLEDGED: 

Klein Tank, A.M.G. and Coauthors, 2002. Daily dataset of 20th-century surface
air temperature and precipitation series for the European Climate Assessment.
Int. J. of Climatol., 22, 1441-1453.
Data and metadata available at http://www.ecad.eu

FILE FORMAT (MISSING VALUE CODE = -9999):

01-06 STAID: Station identifier
08-13 SOUID: Source identifier
15-22 DATE : Date YYYYMMDD
24-28 TG   : Mean temperature in 0.1 &#176;C
30-34 Q_TG : quality code for TG (0='valid'; 1='suspect'; 9='missing')

This is the blended series of station WOBURN, UNITED KINGDOM (STAID: 11113)
Blended and updated with sources:56887 
See files sources.txt and stations.txt for more info.

STAID, SOUID,    DATE,   TG, Q_TG
 11113, 56887,20140101,   75,    0
 11113, 56887,20140102,   79,    0
 11113, 56887,20140103,   71,    0
 11113, 56887,20140104,   63,    0
 11113, 56887,20140105,   70,    0
 11113, 56887,20140106,   72,    0
 11113, 56887,20140107,   94,    0
 11113, 56887,20140108,   89,    1
 11113, 56887,20140109,   77,    0
 11113, 56887,20140110,   57,    0
 11113, 56887,20140111,   56,    0
 11113, 56887,20140112,   25,    0
 11113, 56887,20140113,   55,    0
 11113, 56887,20140114,   48,    0
 11113, 56887,20140115,   63,    0
 11113, 56887,20140116,   70,    0
 11113, 56887,20140117,   73,    0
 11113, 56887,20140118,   69,    0
 11113, 56887,20140119,   67,    0
 11113, 56887,20140120,   33,    0
 11113, 56887,20140121,   23,    0
 11113, 56887,20140122,   45,    0
 11113, 56887,20140123,   53,    0
 11113, 56887,20140124,   38,    0
 11113, 56887,20140125,   73,    0
 11113, 56887,20140126,   61,    0
 11113, 56887,20140127,   46,    0
 11113, 56887,20140128,   60,    1
 11113, 56887,20140129,   45,    0
 11113, 56887,20140130,   31,    0
 11113, 56887,20140131,   56,    0
 11113, 56887,20140201,   54,    0
 11113, 56887,20140202,   62,    0
 11113, 56887,20140203,   60,    0
 11113, 56887,20140204,   56,    0
 11113, 56887,20140205,   66,    0
 11113, 56887,20140206,   76,    0
 11113, 56887,20140207,   56,    0
 11113, 56887,20140208,   60,    0
 11113, 56887,20140209,   64,    0
 11113, 56887,20140210,   53,    0
 11113, 56887,20140211,   43,    0
 11113, 56887,20140212,   52,    0
 11113, 56887,20140213,   44,    0
 11113, 56887,20140214,   67,    0
 11113, 56887,20140215,   69,    0
 11113, 56887,20140216,   56,    0
 11113, 56887,20140217,   53,    0
 11113, 56887,20140218,   85,    0
 11113, 56887,20140219,   77,    0
 11113, 56887,20140220,   93,    1
 11113, 56887,20140221,   57,    0
 11113, 56887,20140222,   71,    0
 11113, 56887,20140223,   88,    0
 11113, 56887,20140224,   94,    0
 11113, 56887,20140225,   89,    0
 11113, 56887,20140226,   71,    0
 11113, 56887,20140227,   77,    1
 11113, 56887,20140228,   33,    0
 11113, 56887,20140301,   46,    0
 11113, 56887,20140302,   50,    0
 11113, 56887,20140303,   56,    0
 11113, 56887,20140304,   43,    0
 11113, 56887,20140305,   48,    0
 11113, 56887,20140306,   84,    0
 11113, 56887,20140307,  117,    0
 11113, 56887,20140308,  100,    0
 11113, 56887,20140309,  137,    1
 11113, 56887,20140310,   65,    0
 11113, 56887,20140311,   78,    0
 11113, 56887,20140312,   66,    0
 11113, 56887,20140313,   73,    0
 11113, 56887,20140314,   84,    0
 11113, 56887,20140315,  103,    0
 11113, 56887,20140316,  121,    0
 11113, 56887,20140317,   97,    0
 11113, 56887,20140318,  100,    0
 11113, 56887,20140319,  105,    0
 11113, 56887,20140320,   98,    0
 11113, 56887,20140321,   80,    0
 11113, 56887,20140322,   65,    0
 11113, 56887,20140323,   57,    0
 11113, 56887,20140324,   40,    0
 11113, 56887,20140325,   74,    0
 11113, 56887,20140326,   46,    0
 11113, 56887,20140327,   46,    0
 11113, 56887,20140328,   65,    0
 11113, 56887,20140329,  104,    0
 11113, 56887,20140330,  113,    0
 11113, 56887,20140331,  125,    0
 11113, 56887,20140401,   99,    0
 11113, 56887,20140402,  117,    0
 11113, 56887,20140403,  130,    0
 11113, 56887,20140404,  114,    0
 11113, 56887,20140405,   99,    0
 11113, 56887,20140406,  130,    0
 11113, 56887,20140407,  130,    1
 11113, 56887,20140408,   85,    0
 11113, 56887,20140409,   97,    0
 11113, 56887,20140410,   88,    0
 11113, 56887,20140411,  111,    0
 11113, 56887,20140412,   79,    0
 11113, 56887,20140413,   97,    0
 11113, 56887,20140414,  101,    0
 11113, 56887,20140415,   59,    0
 11113, 56887,20140416,   74,    0
 11113, 56887,20140417,  104,    0
 11113, 56887,20140418,   63,    0
 11113, 56887,20140419,   58,    0
 11113, 56887,20140420,   81,    0
 11113, 56887,20140421,  107,    0
 11113, 56887,20140422,  116,    0
 11113, 56887,20140423,  119,    0
 11113, 56887,20140424,  124,    1
 11113, 56887,20140425,   98,    0
 11113, 56887,20140426,  112,    0
 11113, 56887,20140427,  106,    0
 11113, 56887,20140428,  122,    0
 11113, 56887,20140429,   92,    0
 11113, 56887,20140430,  106,    0
 11113, 56887,20140501,  112,    0
 11113, 56887,20140502,   95,    0
 11113, 56887,20140503,   56,    0
 11113, 56887,20140504,   95,    0
 11113, 56887,20140505,   97,    0
 11113, 56887,20140506,  137,    0
 11113, 56887,20140507,  125,    0
 11113, 56887,20140508,  119,    0
 11113, 56887,20140509,  132,    0
 11113, 56887,20140510,  131,    0
 11113, 56887,20140511,  113,    0
 11113, 56887,20140512,  117,    0
 11113, 56887,20140513,  101,    0
 11113, 56887,20140514,  113,    0
 11113, 56887,20140515,  116,    0
 11113, 56887,20140516,  136,    0
 11113, 56887,20140517,  151,    0
 11113, 56887,20140518,  155,    0
 11113, 56887,20140519,  164,    0
 11113, 56887,20140520,  149,    0
 11113, 56887,20140521,  125,    0
 11113, 56887,20140522,  138,    0
 11113, 56887,20140523,  135,    0
 11113, 56887,20140524,  112,    0
 11113, 56887,20140525,  134,    1
 11113, 56887,20140526,   84,    0
 11113, 56887,20140527,  106,    0
 11113, 56887,20140528,  116,    0
 11113, 56887,20140529,  152,    1
 11113, 56887,20140530,  129,    0
 11113, 56887,20140531,  140,    0
 11113, 56887,20140601,  134,    0
 11113, 56887,20140602,  158,    0
 11113, 56887,20140603,  156,    1
 11113, 56887,20140604,  127,    0
 11113, 56887,20140605,  131,    0
 11113, 56887,20140606,  131,    0
 11113, 56887,20140607,  159,    0
 11113, 56887,20140608,  168,    0
 11113, 56887,20140609,  178,    0
 11113, 56887,20140610,  168,    0
 11113, 56887,20140611,  157,    0
 11113, 56887,20140612,  154,    0
 11113, 56887,20140613,  164,    0
 11113, 56887,20140614,  174,    0
 11113, 56887,20140615,  151,    0
 11113, 56887,20140616,  127,    0
 11113, 56887,20140617,  159,    0
 11113, 56887,20140618,  174,    0
 11113, 56887,20140619,  138,    0
 11113, 56887,20140620,  157,    0
 11113, 56887,20140621,  156,    0
 11113, 56887,20140622,  162,    0
 11113, 56887,20140623,  196,    0
 11113, 56887,20140624,  162,    0
 11113, 56887,20140625,  132,    0
 11113, 56887,20140626,  144,    0
 11113, 56887,20140627,  159,    0
 11113, 56887,20140628,  135,    0
 11113, 56887,20140629,  138,    0
 11113, 56887,20140630,  131,    0
 11113, 56887,20140701,  147,    0
 11113, 56887,20140702,  147,    0
 11113, 56887,20140703,  195,    0
 11113, 56887,20140704,  190,    0
 11113, 56887,20140705,  182,    0
 11113, 56887,20140706,  169,    0
 11113, 56887,20140707,  160,    0
 11113, 56887,20140708,  141,    0
 11113, 56887,20140709,  169,    0
 11113, 56887,20140710,  179,    0
 11113, 56887,20140711,  156,    0
 11113, 56887,20140712,  200,    0
 11113, 56887,20140713,  188,    0
 11113, 56887,20140714,  166,    0
 11113, 56887,20140715,  196,    0
 11113, 56887,20140716,  171,    0
 11113, 56887,20140717,  199,    0
 11113, 56887,20140718,  229,    0
 11113, 56887,20140719,  225,    0
 11113, 56887,20140720,  207,    0
 11113, 56887,20140721,  200,    0
 11113, 56887,20140722,  194,    0
 11113, 56887,20140723,  212,    0
 11113, 56887,20140724,  217,    0
 11113, 56887,20140725,  208,    0
 11113, 56887,20140726,  210,    0
 11113, 56887,20140727,  204,    0
 11113, 56887,20140728,  167,    0
 11113, 56887,20140729,  182,    0
 11113, 56887,20140730,  176,    0
 11113, 56887,20140731,  184,    0
 11113, 56887,20140801,  195,    0
 11113, 56887,20140802,  182,    0
 11113, 56887,20140803,  169,    0
 11113, 56887,20140804,  172,    0
 11113, 56887,20140805,  166,    0
 11113, 56887,20140806,  206,    0
 11113, 56887,20140807,  190,    0
 11113, 56887,20140808,  198,    0
 11113, 56887,20140809,  174,    0
 11113, 56887,20140810,  173,    0
 11113, 56887,20140811,  158,    0
 11113, 56887,20140812,  154,    0
 11113, 56887,20140813,  162,    0
 11113, 56887,20140814,  152,    0
 11113, 56887,20140815,  160,    0
 11113, 56887,20140816,  147,    0
 11113, 56887,20140817,  166,    0
 11113, 56887,20140818,  153,    0
 11113, 56887,20140819,  131,    0
 11113, 56887,20140820,  122,    0
 11113, 56887,20140821,  112,    0
 11113, 56887,20140822,  151,    0
 11113, 56887,20140823,  125,    0
 11113, 56887,20140824,  115,    0
 11113, 56887,20140825,  134,    0
 11113, 56887,20140826,  154,    0
 11113, 56887,20140827,  127,    0
 11113, 56887,20140828,  185,    0
 11113, 56887,20140829,  162,    0
 11113, 56887,20140830,  156,    0
 11113, 56887,20140831,  167,    0
 11113, 56887,20140901,  155,    0
 11113, 56887,20140902,  154,    0
 11113, 56887,20140903,  163,    0
 11113, 56887,20140904,  150,    0
 11113, 56887,20140905,  164,    0
 11113, 56887,20140906,  162,    0
 11113, 56887,20140907,  158,    0
 11113, 56887,20140908,  133,    0
 11113, 56887,20140909,  138,    0
 11113, 56887,20140910,  142,    0
 11113, 56887,20140911,  111,    0
 11113, 56887,20140912,  173,    0
 11113, 56887,20140913,  150,    0
 11113, 56887,20140914,  142,    0
 11113, 56887,20140915,  162,    0
 11113, 56887,20140916,  150,    0
 11113, 56887,20140917,  166,    0
 11113, 56887,20140918,  192,    0
 11113, 56887,20140919,  181,    1
 11113, 56887,20140920,  155,    0
 11113, 56887,20140921,  132,    0
 11113, 56887,20140922,  107,    0
 11113, 56887,20140923,  116,    0
 11113, 56887,20140924,  141,    0
 11113, 56887,20140925,  126,    0
 11113, 56887,20140926,  167,    0
 11113, 56887,20140927,  165,    0
 11113, 56887,20140928,  173,    0
 11113, 56887,20140929,  155,    0
 11113, 56887,20140930,  170,    0
 11113, 56887,20141001,  161,    0
 11113, 56887,20141002,  153,    0
 11113, 56887,20141003,  149,    0
 11113, 56887,20141004,  146,    0
 11113, 56887,20141005,   83,    0
 11113, 56887,20141006,   96,    0
 11113, 56887,20141007,   92,    0
 11113, 56887,20141008,  113,    0
 11113, 56887,20141009,  135,    0
 11113, 56887,20141010,  133,    0
 11113, 56887,20141011,  121,    0
 11113, 56887,20141012,   77,    0
 11113, 56887,20141013,  102,    0
 11113, 56887,20141014,  126,    0
 11113, 56887,20141015,  124,    0
 11113, 56887,20141016,  139,    0
 11113, 56887,20141017,  155,    0
 11113, 56887,20141018,  174,    0
 11113, 56887,20141019,  166,    1
 11113, 56887,20141020,  135,    1
 11113, 56887,20141021,  117,    0
 11113, 56887,20141022,   95,    0
 11113, 56887,20141023,  128,    0
 11113, 56887,20141024,  146,    1
 11113, 56887,20141025,  107,    0
 11113, 56887,20141026,  127,    0
 11113, 56887,20141027,  157,    0
 11113, 56887,20141028,  154,    0
 11113, 56887,20141029,  129,    0
 11113, 56887,20141030,  143,    0
 11113, 56887,20141031,  178,    1
 11113, 56887,20141101,  145,    0
 11113, 56887,20141102,  134,    1
 11113, 56887,20141103,   92,    0
 11113, 56887,20141104,   75,    0
 11113, 56887,20141105,   69,    0
 11113, 56887,20141106,   51,    0
 11113, 56887,20141107,   93,    0
 11113, 56887,20141108,  101,    0
 11113, 56887,20141109,   84,    0
 11113, 56887,20141110,   90,    0
 11113, 56887,20141111,  102,    0
 11113, 56887,20141112,  109,    0
 11113, 56887,20141113,  108,    0
 11113, 56887,20141114,  123,    1
 11113, 56887,20141115,   72,    0
 11113, 56887,20141116,   74,    0
 11113, 56887,20141117,   83,    0
 11113, 56887,20141118,   74,    0
 11113, 56887,20141119,   78,    0
 11113, 56887,20141120,   65,    0
 11113, 56887,20141121,   63,    0
 11113, 56887,20141122,   99,    1
 11113, 56887,20141123,   81,    0
 11113, 56887,20141124,   36,    0
 11113, 56887,20141125,   19,    0
 11113, 56887,20141126,   39,    0
 11113, 56887,20141127,   89,    0
 11113, 56887,20141128,   91,    0
 11113, 56887,20141129,  100,    0
 11113, 56887,20141130,   64,    0
 11113, 56887,20141201,   69,    0
 11113, 56887,20141202,   62,    0
 11113, 56887,20141203,   48,    1
 11113, 56887,20141204,   34,    0
 11113, 56887,20141205,   37,    0
 11113, 56887,20141206,   32,    0
 11113, 56887,20141207,   39,    0
 11113, 56887,20141208,   40,    0
 11113, 56887,20141209,   49,    0
 11113, 56887,20141210,   44,    0
 11113, 56887,20141211,   70,    0
 11113, 56887,20141212,   56,    0
 11113, 56887,20141213,   16,    0
 11113, 56887,20141214,   36,    0
 11113, 56887,20141215,   59,    0
 11113, 56887,20141216,   57,    0
 11113, 56887,20141217,   75,    0
 11113, 56887,20141218,  118,    1
 11113, 56887,20141219,   79,    0
 11113, 56887,20141220,   67,    0
 11113, 56887,20141221,   82,    0
 11113, 56887,20141222,   97,    0
 11113, 56887,20141223,  110,    1
 11113, 56887,20141224,   71,    0
 11113, 56887,20141225,   46,    0
 11113, 56887,20141226,   34,    0
 11113, 56887,20141227,   20,    0
 11113, 56887,20141228,   11,    0
 11113, 56887,20141229,    3,    0
 11113, 56887,20141230,    5,    0
 11113, 56887,20141231,   43,    0
 11113, 56887,20150101,   82,    1
 11113, 56887,20150102,   72,    1
 11113, 56887,20150103,   35,    0
 11113, 56887,20150104,   10,    0
 11113, 56887,20150105,   41,    0
 11113, 56887,20150106,   75,    0
 11113, 56887,20150107,   65,    0
 11113, 56887,20150108,   74,    0
 11113, 56887,20150109,   95,    0
 11113, 56887,20150110,  117,    1
 11113, 56887,20150111,   55,    0
 11113, 56887,20150112,   70,    0
 11113, 56887,20150113,   68,    0
 11113, 56887,20150114,   58,    0
 11113, 56887,20150115,   51,    0
 11113, 56887,20150116,   47,    0
 11113, 56887,20150117,   20,    0
 11113, 56887,20150118,   18,    0
 11113, 56887,20150119,    4,    0
 11113, 56887,20150120,   -9,    0
 11113, 56887,20150121,  -11,    0
 11113, 56887,20150122,    8,    0
 11113, 56887,20150123,    5,    0
 11113, 56887,20150124,   15,    0
 11113, 56887,20150125,   45,    0
 11113, 56887,20150126,   58,    0
 11113, 56887,20150127,   60,    0
 11113, 56887,20150128,   71,    1
 11113, 56887,20150129,   34,    0
 11113, 56887,20150130,   27,    0
 11113, 56887,20150131,   21,    0
 11113, 56887,20150201,   28,    1
 11113, 56887,20150202,   -9,    0
 11113, 56887,20150203,   10,    0
 11113, 56887,20150204,   11,    0
 11113, 56887,20150205,   15,    0
 11113, 56887,20150206,    5,    0
 11113, 56887,20150207,    6,    0
 11113, 56887,20150208,   31,    0
 11113, 56887,20150209,   51,    0
 11113, 56887,20150210,   16,    0
 11113, 56887,20150211,   25,    0
 11113, 56887,20150212,   44,    0
 11113, 56887,20150213,   54,    0
 11113, 56887,20150214,   58,    0
 11113, 56887,20150215,   60,    0
 11113, 56887,20150216,   27,    0
 11113, 56887,20150217,   44,    0
 11113, 56887,20150218,   51,    0
 11113, 56887,20150219,   63,    0
 11113, 56887,20150220,   45,    0
 11113, 56887,20150221,   38,    0
 11113, 56887,20150222,   39,    0
 11113, 56887,20150223,   38,    0
 11113, 56887,20150224,   59,    0
 11113, 56887,20150225,   76,    0
 11113, 56887,20150226,   85,    0
 11113, 56887,20150227,   40,    0
 11113, 56887,20150228,   72,    0
 11113, 56887,20150301,   75,    0
 11113, 56887,20150302,   43,    0
 11113, 56887,20150303,   51,    0
 11113, 56887,20150304,   51,    0
 11113, 56887,20150305,   45,    0
 11113, 56887,20150306,   87,    0
 11113, 56887,20150307,  110,    0
 11113, 56887,20150308,   92,    0
 11113, 56887,20150309,   37,    0
 11113, 56887,20150310,   75,    0
 11113, 56887,20150311,   64,    0
 11113, 56887,20150312,   99,    0
 11113, 56887,20150313,   84,    0
 11113, 56887,20150314,   56,    0
 11113, 56887,20150315,   55,    0
 11113, 56887,20150316,   63,    0
 11113, 56887,20150317,   51,    0
 11113, 56887,20150318,   51,    0
 11113, 56887,20150319,   44,    0
 11113, 56887,20150320,   85,    1
 11113, 56887,20150321,   57,    0
 11113, 56887,20150322,   64,    0
 11113, 56887,20150323,   64,    0
 11113, 56887,20150324,   54,    0
 11113, 56887,20150325,   43,    0
 11113, 56887,20150326,   48,    0
 11113, 56887,20150327,   72,    0
 11113, 56887,20150328,   90,    0
 11113, 56887,20150329,  106,    0
 11113, 56887,20150330,   83,    0
 11113, 56887,20150331,   91,    0
 11113, 56887,20150401,   72,    0
 11113, 56887,20150402,   83,    0
 11113, 56887,20150403,   89,    0
 11113, 56887,20150404,   80,    0
 11113, 56887,20150405,   84,    0
 11113, 56887,20150406,   78,    0
 11113, 56887,20150407,   85,    0
 11113, 56887,20150408,   92,    0
 11113, 56887,20150409,   99,    0
 11113, 56887,20150410,  114,    0
 11113, 56887,20150411,  102,    0
 11113, 56887,20150412,   92,    0
 11113, 56887,20150413,   72,    0
 11113, 56887,20150414,  135,    0
 11113, 56887,20150415,  153,    0
 11113, 56887,20150416,  105,    0
 11113, 56887,20150417,   78,    0
 11113, 56887,20150418,   91,    0
 11113, 56887,20150419,   70,    0
 11113, 56887,20150420,   76,    0
 11113, 56887,20150421,   80,    0
 11113, 56887,20150422,   82,    0
 11113, 56887,20150423,   88,    0
 11113, 56887,20150424,  103,    0
 11113, 56887,20150425,  139,    1
 11113, 56887,20150426,   88,    0
 11113, 56887,20150427,   59,    0
 11113, 56887,20150428,   71,    0
 11113, 56887,20150429,   93,    0
 11113, 56887,20150430,   87,    0
 11113, 56887,20150501,   72,    0
 11113, 56887,20150502,   63,    0
 11113, 56887,20150503,  136,    0
 11113, 56887,20150504,  133,    0
 11113, 56887,20150505,  132,    0
 11113, 56887,20150506,  114,    0
 11113, 56887,20150507,  117,    0
 11113, 56887,20150508,   98,    0
 11113, 56887,20150509,  129,    0
 11113, 56887,20150510,  118,    0
 11113, 56887,20150511,  160,    0
 11113, 56887,20150512,  124,    0
 11113, 56887,20150513,  103,    1
 11113, 56887,20150514,   73,    0
 11113, 56887,20150515,  102,    0
 11113, 56887,20150516,  128,    0
 11113, 56887,20150517,  105,    0
 11113, 56887,20150518,  108,    0
 11113, 56887,20150519,   92,    0
 11113, 56887,20150520,   89,    0
 11113, 56887,20150521,  102,    0
 11113, 56887,20150522,  141,    0
 11113, 56887,20150523,  123,    0
 11113, 56887,20150524,  144,    0
 11113, 56887,20150525,   90,    0
 11113, 56887,20150526,  123,    0
 11113, 56887,20150527,  107,    0
 11113, 56887,20150528,  130,    0
 11113, 56887,20150529,  103,    0
 11113, 56887,20150530,  110,    0
 11113, 56887,20150531,  132,    0
 11113, 56887,20150601,  109,    0
 11113, 56887,20150602,  139,    0
 11113, 56887,20150603,  141,    0
 11113, 56887,20150604,  126,    0
 11113, 56887,20150605,  171,    0
 11113, 56887,20150606,  122,    0
 11113, 56887,20150607,  110,    0
 11113, 56887,20150608,  106,    0
 11113, 56887,20150609,   92,    0
 11113, 56887,20150610,  116,    0
 11113, 56887,20150611,  147,    0
 11113, 56887,20150612,  158,    1
 11113, 56887,20150613,  144,    0
 11113, 56887,20150614,  138,    0
 11113, 56887,20150615,  129,    0
 11113, 56887,20150616,  161,    0
 11113, 56887,20150617,  166,    0
 11113, 56887,20150618,  146,    0
 11113, 56887,20150619,  134,    0
 11113, 56887,20150620,  138,    0
 11113, 56887,20150621,  162,    0
 11113, 56887,20150622,  142,    0
 11113, 56887,20150623,  151,    0
 11113, 56887,20150624,  155,    0
 11113, 56887,20150625,  163,    0
 11113, 56887,20150626,  182,    0
 11113, 56887,20150627,  170,    0
 11113, 56887,20150628,  162,    0
 11113, 56887,20150629,  175,    0
 11113, 56887,20150630,  192,    0
 11113, 56887,20150701,  240,    0
 11113, 56887,20150702,  203,    0
 11113, 56887,20150703,  168,    0
 11113, 56887,20150704,  208,    0
 11113, 56887,20150705,  163,    0
 11113, 56887,20150706,  160,    0
 11113, 56887,20150707,  182,    0
 11113, 56887,20150708,  159,    0
 11113, 56887,20150709,  148,    0
 11113, 56887,20150710,  176,    0
 11113, 56887,20150711,  178,    0
 11113, 56887,20150712,  186,    0
 11113, 56887,20150713,  168,    0
 11113, 56887,20150714,  184,    0
 11113, 56887,20150715,  178,    0
 11113, 56887,20150716,  165,    0
 11113, 56887,20150717,  182,    0
 11113, 56887,20150718,  162,    0
 11113, 56887,20150719,  180,    0
 11113, 56887,20150720,  155,    0
 11113, 56887,20150721,  183,    0
 11113, 56887,20150722,  183,    0
 11113, 56887,20150723,  136,    0
 11113, 56887,20150724,  127,    0
 11113, 56887,20150725,  152,    0
 11113, 56887,20150726,  137,    0
 11113, 56887,20150727,  153,    0
 11113, 56887,20150728,  155,    0
 11113, 56887,20150729,  134,    0
 11113, 56887,20150730,  146,    0
 11113, 56887,20150731,  126,    0
 11113, 56887,20150801,  141,    0
 11113, 56887,20150802,  171,    0
 11113, 56887,20150803,  191,    0
 11113, 56887,20150804,  161,    0
 11113, 56887,20150805,  171,    0
 11113, 56887,20150806,  179,    0
 11113, 56887,20150807,  158,    0
 11113, 56887,20150808,  184,    0
 11113, 56887,20150809,  183,    0
 11113, 56887,20150810,  189,    0
 11113, 56887,20150811,  147,    0
 11113, 56887,20150812,  172,    0
 11113, 56887,20150813,  167,    0
 11113, 56887,20150814,  171,    0
 11113, 56887,20150815,  160,    0
 11113, 56887,20150816,  140,    0
 11113, 56887,20150817,  152,    0
 11113, 56887,20150818,  159,    0
 11113, 56887,20150819,  166,    0
 11113, 56887,20150820,  182,    0
 11113, 56887,20150821,  216,    0
 11113, 56887,20150822,  223,    0
 11113, 56887,20150823,  196,    1
 11113, 56887,20150824,  126,    0
 11113, 56887,20150825,  142,    0
 11113, 56887,20150826,  172,    0
 11113, 56887,20150827,  159,    0
 11113, 56887,20150828,  158,    0
 11113, 56887,20150829,  176,    0
 11113, 56887,20150830,  162,    1
 11113, 56887,20150831,  140,    0
 11113, 56887,20150901,  154,    0
 11113, 56887,20150902,  134,    0
 11113, 56887,20150903,  119,    0
 11113, 56887,20150904,  128,    0
 11113, 56887,20150905,  114,    0
 11113, 56887,20150906,  107,    0
 11113, 56887,20150907,  112,    0
 11113, 56887,20150908,  107,    0
 11113, 56887,20150909,  151,    0
 11113, 56887,20150910,  140,    0
 11113, 56887,20150911,  132,    0
 11113, 56887,20150912,  171,    0
 11113, 56887,20150913,  126,    0
 11113, 56887,20150914,  141,    0
 11113, 56887,20150915,  142,    0
 11113, 56887,20150916,  126,    0
 11113, 56887,20150917,  127,    0
 11113, 56887,20150918,  154,    0
 11113, 56887,20150919,  133,    0
 11113, 56887,20150920,  127,    0
 11113, 56887,20150921,  131,    0
 11113, 56887,20150922,  115,    0
 11113, 56887,20150923,  128,    0
 11113, 56887,20150924,  146,    0
 11113, 56887,20150925,  129,    0
 11113, 56887,20150926,  103,    0
 11113, 56887,20150927,  103,    0
 11113, 56887,20150928,  112,    0
 11113, 56887,20150929,  121,    0
 11113, 56887,20150930,  126,    0
 11113, 56887,20151001,  133,    0
 11113, 56887,20151002,  112,    0
 11113, 56887,20151003,  103,    0
 11113, 56887,20151004,  101,    0
 11113, 56887,20151005,  139,    0
 11113, 56887,20151006,  164,    1
 11113, 56887,20151007,  139,    0
 11113, 56887,20151008,  112,    0
 11113, 56887,20151009,   99,    0
 11113, 56887,20151010,   87,    0
 11113, 56887,20151011,  107,    0
 11113, 56887,20151012,   96,    0
 11113, 56887,20151013,   96,    0
 11113, 56887,20151014,   81,    0
 11113, 56887,20151015,   99,    0
 11113, 56887,20151016,  108,    0
 11113, 56887,20151017,  105,    0
 11113, 56887,20151018,  110,    0
 11113, 56887,20151019,  116,    0
 11113, 56887,20151020,   94,    0
 11113, 56887,20151021,  102,    0
 11113, 56887,20151022,  122,    0
 11113, 56887,20151023,   74,    0
 11113, 56887,20151024,  112,    0
 11113, 56887,20151025,   68,    0
 11113, 56887,20151026,   89,    0
 11113, 56887,20151027,  136,    0
 11113, 56887,20151028,  128,    0
 11113, 56887,20151029,  111,    0
 11113, 56887,20151030,  132,    0
 11113, 56887,20151031,  126,    0
 11113, 56887,20151101,  113,    0
 11113, 56887,20151102,   72,    0
 11113, 56887,20151103,   86,    0
 11113, 56887,20151104,  106,    0
 11113, 56887,20151105,  129,    0
 11113, 56887,20151106,  150,    0
 11113, 56887,20151107,  141,    0
 11113, 56887,20151108,  113,    0
 11113, 56887,20151109,  116,    0
 11113, 56887,20151110,  133,    0
 11113, 56887,20151111,  139,    0
 11113, 56887,20151112,  118,    1
 11113, 56887,20151113,   89,    0
 11113, 56887,20151114,  101,    0
 11113, 56887,20151115,  115,    0
 11113, 56887,20151116,  118,    0
 11113, 56887,20151117,  126,    0
 11113, 56887,20151118,  115,    1
 11113, 56887,20151119,  100,    1
 11113, 56887,20151120,   73,    1
 11113, 56887,20151121,   27,    0
 11113, 56887,20151122,    4,    0
 11113, 56887,20151123,   28,    0
 11113, 56887,20151124,   38,    0
 11113, 56887,20151125,   80,    0
 11113, 56887,20151126,   79,    0
 11113, 56887,20151127,  104,    1
 11113, 56887,20151128,   58,    0
 11113, 56887,20151129,   77,    0
 11113, 56887,20151130,   91,    0
 11113, 56887,20151201,  104,    0
 11113, 56887,20151202,  121,    0
 11113, 56887,20151203,  118,    1
 11113, 56887,20151204,   83,    0
 11113, 56887,20151205,  100,    0
 11113, 56887,20151206,  123,    0
 11113, 56887,20151207,  129,    0
 11113, 56887,20151208,  119,    1
 11113, 56887,20151209,   76,    0
 11113, 56887,20151210,   87,    1
 11113, 56887,20151211,   78,    0
 11113, 56887,20151212,   80,    0
 11113, 56887,20151213,   67,    0
 11113, 56887,20151214,   72,    0
 11113, 56887,20151215,  104,    0
 11113, 56887,20151216,  118,    0
 11113, 56887,20151217,  136,    0
 11113, 56887,20151218,  128,    0
 11113, 56887,20151219,  138,    1
 11113, 56887,20151220,  118,    0
 11113, 56887,20151221,  103,    0
 11113, 56887,20151222,  106,    0
 11113, 56887,20151223,   93,    0
 11113, 56887,20151224,   96,    0
 11113, 56887,20151225,   95,    0
 11113, 56887,20151226,  110,    0
 11113, 56887,20151227,  120,    0
 11113, 56887,20151228,  114,    0
 11113, 56887,20151229,  108,    0
 11113, 56887,20151230,  112,    1
 11113, 56887,20151231,   81,    0
 11113, 56887,20160101,   40,    0
 11113, 56887,20160102,   61,    0
 11113, 56887,20160103,   66,    0
 11113, 56887,20160104,   70,    0
 11113, 56887,20160105,   70,    0
 11113, 56887,20160106,   58,    0
 11113, 56887,20160107,   74,    0
 11113, 56887,20160108,   55,    0
 11113, 56887,20160109,   68,    0
 11113, 56887,20160110,   62,    1
 11113, 56887,20160111,   42,    0
 11113, 56887,20160112,   48,    0
 11113, 56887,20160113,   38,    0
 11113, 56887,20160114,   26,    0
 11113, 56887,20160115,   26,    0
 11113, 56887,20160116,   10,    0
 11113, 56887,20160117,   14,    0
 11113, 56887,20160118,   21,    0
 11113, 56887,20160119,  -12,    0
 11113, 56887,20160120,    3,    0
 11113, 56887,20160121,   12,    0
 11113, 56887,20160122,   62,    0
 11113, 56887,20160123,   87,    0
 11113, 56887,20160124,  106,    0
 11113, 56887,20160125,  114,    0
 11113, 56887,20160126,   90,    0
 11113, 56887,20160127,  110,    1
 11113, 56887,20160128,   62,    0
 11113, 56887,20160129,   74,    1
 11113, 56887,20160130,   66,    0
 11113, 56887,20160131,   76,    0
 11113, 56887,20160201,   88,    0
 11113, 56887,20160202,   79,    0
 11113, 56887,20160203,   50,    0
 11113, 56887,20160204,   77,    0
 11113, 56887,20160205,   97,    0
 11113, 56887,20160206,  102,    1
 11113, 56887,20160207,   66,    0
 11113, 56887,20160208,   65,    0
 11113, 56887,20160209,   50,    0
 11113, 56887,20160210,   56,    0
 11113, 56887,20160211,   28,    0
 11113, 56887,20160212,   28,    0
 11113, 56887,20160213,   17,    0
 11113, 56887,20160214,   29,    0
 11113, 56887,20160215,   24,    0
 11113, 56887,20160216,    8,    0
 11113, 56887,20160217,   27,    0
 11113, 56887,20160218,   40,    0
 11113, 56887,20160219,   46,    0
 11113, 56887,20160220,   70,    0
 11113, 56887,20160221,  105,    1
 11113, 56887,20160222,   70,    0
 11113, 56887,20160223,   54,    0
 11113, 56887,20160224,   16,    0
 11113, 56887,20160225,   13,    0
 11113, 56887,20160226,   32,    0
 11113, 56887,20160227,   42,    0
 11113, 56887,20160228,   30,    0
 11113, 56887,20160229,   22,    0
 11113, 56887,20160301,   72,    1
 11113, 56887,20160302,   46,    0
 11113, 56887,20160303,   46,    0
 11113, 56887,20160304,   41,    0
 11113, 56887,20160305,   14,    0
 11113, 56887,20160306,   28,    0
 11113, 56887,20160307,   25,    0
 11113, 56887,20160308,   16,    0
 11113, 56887,20160309,   50,    0
 11113, 56887,20160310,   61,    0
 11113, 56887,20160311,   38,    0
 11113, 56887,20160312,   55,    0
 11113, 56887,20160313,   44,    0
 11113, 56887,20160314,   58,    0
 11113, 56887,20160315,   28,    0
 11113, 56887,20160316,   68,    0
 11113, 56887,20160317,   62,    0
 11113, 56887,20160318,   21,    0
 11113, 56887,20160319,   56,    0
 11113, 56887,20160320,   76,    0
 11113, 56887,20160321,   62,    0
 11113, 56887,20160322,   50,    0
 11113, 56887,20160323,   36,    0
 11113, 56887,20160324,   74,    0
 11113, 56887,20160325,   96,    0
 11113, 56887,20160326,   86,    0
 11113, 56887,20160327,   77,    0
 11113, 56887,20160328,   74,    0
 11113, 56887,20160329,   70,    0
 11113, 56887,20160330,   78,    0
 11113, 56887,20160331,   54,    0
 11113, 56887,20160401,   58,    0
 11113, 56887,20160402,  112,    0
 11113, 56887,20160403,  106,    0
 11113, 56887,20160404,  109,    0
 11113, 56887,20160405,   92,    0
 11113, 56887,20160406,   87,    0
 11113, 56887,20160407,   78,    0
 11113, 56887,20160408,   74,    0
 11113, 56887,20160409,   88,    0
 11113, 56887,20160410,   52,    0
 11113, 56887,20160411,  100,    0
 11113, 56887,20160412,  107,    0
 11113, 56887,20160413,   86,    0
 11113, 56887,20160414,  113,    1
 11113, 56887,20160415,   84,    0
 11113, 56887,20160416,   56,    0
 11113, 56887,20160417,   52,    0
 11113, 56887,20160418,   71,    0
 11113, 56887,20160419,  105,    0
 11113, 56887,20160420,   65,    0
 11113, 56887,20160421,   84,    0
 11113, 56887,20160422,   82,    0
 11113, 56887,20160423,   60,    0
 11113, 56887,20160424,   54,    0
 11113, 56887,20160425,   86,    0
 11113, 56887,20160426,   48,    0
 11113, 56887,20160427,   52,    0
 11113, 56887,20160428,   40,    0
 11113, 56887,20160429,   64,    0
 11113, 56887,20160430,   61,    0
 11113, 56887,20160501,   68,    0
 11113, 56887,20160502,  140,    0
 11113, 56887,20160503,   90,    0
 11113, 56887,20160504,   93,    0
 11113, 56887,20160505,  106,    0
 11113, 56887,20160506,  120,    0
 11113, 56887,20160507,  155,    0
 11113, 56887,20160508,  166,    0
 11113, 56887,20160509,  166,    0
 11113, 56887,20160510,  148,    0
 11113, 56887,20160511,  156,    0
 11113, 56887,20160512,  158,    1
 11113, 56887,20160513,  113,    0
 11113, 56887,20160514,   82,    0
 11113, 56887,20160515,   72,    0
 11113, 56887,20160516,  102,    0
 11113, 56887,20160517,  108,    0
 11113, 56887,20160518,  126,    0
 11113, 56887,20160519,  128,    0
 11113, 56887,20160520,  150,    0
 11113, 56887,20160521,  139,    0
 11113, 56887,20160522,  131,    0
 11113, 56887,20160523,  133,    0
 11113, 56887,20160524,  103,    0
 11113, 56887,20160525,   81,    0
 11113, 56887,20160526,  132,    0
 11113, 56887,20160527,  126,    0
 11113, 56887,20160528,  127,    0
 11113, 56887,20160529,  122,    0
 11113, 56887,20160530,  134,    1
 11113, 56887,20160531,  106,    0
 11113, 56887,20160601,  112,    0
 11113, 56887,20160602,  104,    0
 11113, 56887,20160603,  106,    0
 11113, 56887,20160604,  138,    0
 11113, 56887,20160605,  152,    0
 11113, 56887,20160606,  156,    0
 11113, 56887,20160607,  158,    0
 11113, 56887,20160608,  187,    0
 11113, 56887,20160609,  156,    0
 11113, 56887,20160610,  178,    0
 11113, 56887,20160611,  178,    0
 11113, 56887,20160612,  163,    0
 11113, 56887,20160613,  153,    0
 11113, 56887,20160614,  152,    0
 11113, 56887,20160615,  156,    0
 11113, 56887,20160616,  155,    0
 11113, 56887,20160617,  151,    0
 11113, 56887,20160618,  144,    0
 11113, 56887,20160619,  155,    0
 11113, 56887,20160620,  182,    0
 11113, 56887,20160621,  164,    0
 11113, 56887,20160622,  176,    0
 11113, 56887,20160623,  176,    0
 11113, 56887,20160624,  158,    0
 11113, 56887,20160625,  141,    0
 11113, 56887,20160626,  155,    0
 11113, 56887,20160627,  164,    0
 11113, 56887,20160628,  132,    0
 11113, 56887,20160629,  132,    0
 11113, 56887,20160630,  162,    0
 11113, 56887,20160701,  167,    0
 11113, 56887,20160702,  140,    0
 11113, 56887,20160703,  156,    0
 11113, 56887,20160704,  140,    0
 11113, 56887,20160705,  164,    0
 11113, 56887,20160706,  146,    0
 11113, 56887,20160707,  175,    0
 11113, 56887,20160708,  190,    0
 11113, 56887,20160709,  186,    0
 11113, 56887,20160710,  194,    0
 11113, 56887,20160711,  181,    0
 11113, 56887,20160712,  147,    0
 11113, 56887,20160713,  141,    0
 11113, 56887,20160714,  154,    0
 11113, 56887,20160715,  135,    0
 11113, 56887,20160716,  200,    0
 11113, 56887,20160717,  218,    0
 11113, 56887,20160718,  194,    0
 11113, 56887,20160719,  218,    0
 11113, 56887,20160720,  246,    1
 11113, 56887,20160721,  190,    0
 11113, 56887,20160722,  198,    0
 11113, 56887,20160723,  196,    0
 11113, 56887,20160724,  179,    0
 11113, 56887,20160725,  175,    0
 11113, 56887,20160726,  154,    0
 11113, 56887,20160727,  198,    0
 11113, 56887,20160728,  162,    0
 11113, 56887,20160729,  184,    0
 11113, 56887,20160730,  174,    0
 11113, 56887,20160731,  151,    0
 11113, 56887,20160801,  139,    0
 11113, 56887,20160802,  174,    0
 11113, 56887,20160803,  199,    0
 11113, 56887,20160804,  178,    0
 11113, 56887,20160805,  174,    0
 11113, 56887,20160806,  180,    0
 11113, 56887,20160807,  204,    0
 11113, 56887,20160808,  165,    0
 11113, 56887,20160809,  145,    0
 11113, 56887,20160810,  144,    0
 11113, 56887,20160811,  176,    0
 11113, 56887,20160812,  194,    0
 11113, 56887,20160813,  194,    0
 11113, 56887,20160814,  168,    0
 11113, 56887,20160815,  150,    0
 11113, 56887,20160816,  153,    0
 11113, 56887,20160817,  154,    0
 11113, 56887,20160818,  174,    0
 11113, 56887,20160819,  165,    0
 11113, 56887,20160820,  170,    0
 11113, 56887,20160821,  178,    0
 11113, 56887,20160822,  190,    0
 11113, 56887,20160823,  206,    0
 11113, 56887,20160824,  218,    0
 11113, 56887,20160825,  203,    0
 11113, 56887,20160826,  195,    0
 11113, 56887,20160827,  157,    0
 11113, 56887,20160828,  186,    0
 11113, 56887,20160829,  184,    0
 11113, 56887,20160830,  174,    0
 11113, 56887,20160831,  170,    0
 11113, 56887,20160901,  166,    0
 11113, 56887,20160902,  168,    0
 11113, 56887,20160903,  150,    0
 11113, 56887,20160904,  172,    0
 11113, 56887,20160905,  176,    0
 11113, 56887,20160906,  193,    0
 11113, 56887,20160907,  202,    0
 11113, 56887,20160908,  184,    0
 11113, 56887,20160909,  178,    0
 11113, 56887,20160910,  176,    0
 11113, 56887,20160911,  132,    0
 11113, 56887,20160912,  170,    0
 11113, 56887,20160913,  213,    0
 11113, 56887,20160914,  220,    0
 11113, 56887,20160915,  184,    1
 11113, 56887,20160916,  160,    1
 11113, 56887,20160917,  133,    0
 11113, 56887,20160918,  162,    0
 11113, 56887,20160919,  142,    0
 11113, 56887,20160920,  154,    0
 11113, 56887,20160921,  158,    0
 11113, 56887,20160922,  163,    0
 11113, 56887,20160923,  133,    0
 11113, 56887,20160924,  160,    0
 11113, 56887,20160925,  155,    0
 11113, 56887,20160926,  132,    0
 11113, 56887,20160927,  148,    0
 11113, 56887,20160928,  176,    0
 11113, 56887,20160929,  167,    0
 11113, 56887,20160930,  134,    0
 11113, 56887,20161001,   92,    0
 11113, 56887,20161002,  120,    0
 11113, 56887,20161003,   91,    0
 11113, 56887,20161004,  114,    0
 11113, 56887,20161005,  122,    0
 11113, 56887,20161006,   98,    0
 11113, 56887,20161007,  114,    0
 11113, 56887,20161008,  122,    0
 11113, 56887,20161009,   98,    0
 11113, 56887,20161010,   76,    0
 11113, 56887,20161011,   76,    0
 11113, 56887,20161012,  104,    0
 11113, 56887,20161013,   80,    0
 11113, 56887,20161014,  100,    0
 11113, 56887,20161015,  124,    0
 11113, 56887,20161016,  122,    0
 11113, 56887,20161017,  133,    0
 11113, 56887,20161018,  111,    0
 11113, 56887,20161019,  108,    0
 11113, 56887,20161020,  112,    0
 11113, 56887,20161021,   88,    0
 11113, 56887,20161022,   88,    0
 11113, 56887,20161023,   92,    0
 11113, 56887,20161024,   98,    0
 11113, 56887,20161025,   85,    0
 11113, 56887,20161026,  113,    0
 11113, 56887,20161027,  108,    0
 11113, 56887,20161028,  126,    0
 11113, 56887,20161029,  136,    0
 11113, 56887,20161030,  104,    0
 11113, 56887,20161031,  144,    1
 11113, 56887,20161101,   74,    0
 11113, 56887,20161102,   42,    0
 11113, 56887,20161103,   47,    0
 11113, 56887,20161104,   70,    0
 11113, 56887,20161105,   44,    0
 11113, 56887,20161106,   40,    0
 11113, 56887,20161107,   54,    1
 11113, 56887,20161108,   12,    0
 11113, 56887,20161109,   38,    0
 11113, 56887,20161110,   61,    0
 11113, 56887,20161111,   60,    0
 11113, 56887,20161112,   55,    0
 11113, 56887,20161113,   68,    0
 11113, 56887,20161114,   81,    0
 11113, 56887,20161115,  118,    0
 11113, 56887,20161116,  113,    1
 11113, 56887,20161117,   84,    1
 11113, 56887,20161118,   45,    0
 11113, 56887,20161119,   42,    0
 11113, 56887,20161120,   44,    0
 11113, 56887,20161121,   80,    0
 11113, 56887,20161122,   80,    0
 11113, 56887,20161123,   52,    0
 11113, 56887,20161124,   70,    0
 11113, 56887,20161125,   65,    0
 11113, 56887,20161126,   62,    0
 11113, 56887,20161127,   58,    0
 11113, 56887,20161128,   51,    0
 11113, 56887,20161129,   -4,    0
 11113, 56887,20161130,    2,    0
 11113, 56887,20161201,   18,    0
 11113, 56887,20161202,   50,    0
 11113, 56887,20161203,   52,    0
 11113, 56887,20161204,   12,    0
 11113, 56887,20161205,  -10,    0
 11113, 56887,20161206,   26,    0
 11113, 56887,20161207,   70,    0
 11113, 56887,20161208,  116,    0
 11113, 56887,20161209,  124,    1
 11113, 56887,20161210,  112,    1
 11113, 56887,20161211,   72,    0
 11113, 56887,20161212,   50,    0
 11113, 56887,20161213,   83,    0
 11113, 56887,20161214,  109,    1
 11113, 56887,20161215,   68,    0
 11113, 56887,20161216,   66,    0
 11113, 56887,20161217,   51,    0
 11113, 56887,20161218,   58,    1
 11113, 56887,20161219,   36,    0
 11113, 56887,20161220,   60,    0
 11113, 56887,20161221,   62,    0
 11113, 56887,20161222,   46,    0
 11113, 56887,20161223,   69,    0
 11113, 56887,20161224,   76,    0
 11113, 56887,20161225,   92,    1
 11113, 56887,20161226,   65,    0
 11113, 56887,20161227,   20,    0
 11113, 56887,20161228,   10,    0
 11113, 56887,20161229,   23,    0
 11113, 56887,20161230,   28,    0
 11113, 56887,20161231,   36,    0
 11113, 56887,20170101,   70,    1
 11113, 56887,20170102,   18,    0
 11113, 56887,20170103,   19,    0
 11113, 56887,20170104,   48,    0
 11113, 56887,20170105,    2,    0
 11113, 56887,20170106,   19,    0
 11113, 56887,20170107,   58,    0
 11113, 56887,20170108,   87,    0
 11113, 56887,20170109,   78,    0
 11113, 56887,20170110,   65,    0
 11113, 56887,20170111,   82,    1
 11113, 56887,20170112,   45,    0
 11113, 56887,20170113,   25,    0
 11113, 56887,20170114,   21,    0
 11113, 56887,20170115,   44,    0
 11113, 56887,20170116,   45,    0
 11113, 56887,20170117,   25,    0
 11113, 56887,20170118,   22,    0
 11113, 56887,20170119,   12,    0
 11113, 56887,20170120,   -3,    0
 11113, 56887,20170121,   -8,    0
 11113, 56887,20170122,    2,    0
 11113, 56887,20170123,    7,    0
 11113, 56887,20170124,   39,    1
 11113, 56887,20170125,    2,    0
 11113, 56887,20170126,   -6,    0
 11113, 56887,20170127,   11,    0
 11113, 56887,20170128,   49,    0
 11113, 56887,20170129,   48,    0
 11113, 56887,20170130,   46,    0
 11113, 56887,20170131,   75,    0
 11113, 56887,20170201,   81,    0
 11113, 56887,20170202,   99,    0
 11113, 56887,20170203,   83,    0
 11113, 56887,20170204,   50,    1
 11113, 56887,20170205,   20,    0
 11113, 56887,20170206,   25,    0
 11113, 56887,20170207,   48,    1
 11113, 56887,20170208,   22,    1
 11113, 56887,20170209,   11,    0
 11113, 56887,20170210,    9,    0
 11113, 56887,20170211,    9,    0
 11113, 56887,20170212,   20,    0
 11113, 56887,20170213,   55,    0
 11113, 56887,20170214,   58,    0
 11113, 56887,20170215,   79,    0
 11113, 56887,20170216,   88,    0
 11113, 56887,20170217,   93,    0
 11113, 56887,20170218,   62,    0
 11113, 56887,20170219,   75,    0
 11113, 56887,20170220,  120,    0
 11113, 56887,20170221,  108,    0
 11113, 56887,20170222,  112,    1
 11113, 56887,20170223,   93,    1
 11113, 56887,20170224,   55,    0
 11113, 56887,20170225,   62,    0
 11113, 56887,20170226,   93,    0
 11113, 56887,20170227,   78,    1
 11113, 56887,20170228,   40,    0
 11113, 56887,20170301,   56,    0
 11113, 56887,20170302,   72,    0
 11113, 56887,20170303,   72,    0
 11113, 56887,20170304,   86,    0
 11113, 56887,20170305,   75,    0
 11113, 56887,20170306,   57,    0
 11113, 56887,20170307,   67,    0
 11113, 56887,20170308,   89,    0
 11113, 56887,20170309,  108,    0
 11113, 56887,20170310,   86,    0
 11113, 56887,20170311,  116,    0
 11113, 56887,20170312,  103,    0
 11113, 56887,20170313,   93,    0
 11113, 56887,20170314,  106,    0
 11113, 56887,20170315,   92,    0
 11113, 56887,20170316,   75,    0
 11113, 56887,20170317,   78,    0
 11113, 56887,20170318,  102,    0
 11113, 56887,20170319,  124,    0
 11113, 56887,20170320,  114,    1
 11113, 56887,20170321,   63,    0
 11113, 56887,20170322,   70,    0
 11113, 56887,20170323,   58,    0
 11113, 56887,20170324,   84,    0
 11113, 56887,20170325,   78,    0
 11113, 56887,20170326,   80,    0
 11113, 56887,20170327,   74,    0
 11113, 56887,20170328,   98,    0
 11113, 56887,20170329,  110,    0
 11113, 56887,20170330,  164,    0
 11113, 56887,20170331,  139,    0
 11113, 56887,20170401,  117,    0
 11113, 56887,20170402,   96,    0
 11113, 56887,20170403,   84,    0
 11113, 56887,20170404,  112,    0
 11113, 56887,20170405,   82,    0
 11113, 56887,20170406,   84,    0
 11113, 56887,20170407,   70,    0
 11113, 56887,20170408,   97,    0
 11113, 56887,20170409,  152,    1
 11113, 56887,20170410,   97,    0
 11113, 56887,20170411,   97,    0
 11113, 56887,20170412,  106,    0
 11113, 56887,20170413,   76,    0
 11113, 56887,20170414,  102,    0
 11113, 56887,20170415,  107,    0
 11113, 56887,20170416,   91,    0
 11113, 56887,20170417,   83,    0
 11113, 56887,20170418,   64,    0
 11113, 56887,20170419,   58,    0
 11113, 56887,20170420,   98,    0
 11113, 56887,20170421,  113,    0
 11113, 56887,20170422,  107,    0
 11113, 56887,20170423,   88,    0
 11113, 56887,20170424,   75,    0
 11113, 56887,20170425,   49,    0
 11113, 56887,20170426,   50,    0
 11113, 56887,20170427,   30,    0
 11113, 56887,20170428,   88,    0
 11113, 56887,20170429,   90,    0
 11113, 56887,20170430,  119,    0
 11113, 56887,20170501,  112,    0
 11113, 56887,20170502,   88,    0
 11113, 56887,20170503,   87,    0
 11113, 56887,20170504,  112,    0
 11113, 56887,20170505,  104,    0
 11113, 56887,20170506,  101,    0
 11113, 56887,20170507,  122,    1
 11113, 56887,20170508,   77,    0
 11113, 56887,20170509,   86,    0
 11113, 56887,20170510,   75,    0
 11113, 56887,20170511,  109,    0
 11113, 56887,20170512,  144,    0
 11113, 56887,20170513,  141,    0
 11113, 56887,20170514,  149,    0
 11113, 56887,20170515,  139,    0
 11113, 56887,20170516,  170,    1
 11113, 56887,20170517,  152,    0
 11113, 56887,20170518,  122,    0
 11113, 56887,20170519,  119,    0
 11113, 56887,20170520,  102,    0
 11113, 56887,20170521,  131,    0
 11113, 56887,20170522,  156,    0
 11113, 56887,20170523,  149,    0
 11113, 56887,20170524,  168,    0
 11113, 56887,20170525,  176,    0
 11113, 56887,20170526,  181,    0
 11113, 56887,20170527,  178,    0
 11113, 56887,20170528,  171,    0
 11113, 56887,20170529,  167,    0
 11113, 56887,20170530,  161,    0
 11113, 56887,20170531,  161,    0
 11113, 56887,20170601,  168,    0
 11113, 56887,20170602,  177,    0
 11113, 56887,20170603,  164,    0
 11113, 56887,20170604,  131,    0
 11113, 56887,20170605,  131,    0
 11113, 56887,20170606,  128,    0
 11113, 56887,20170607,  140,    0
 11113, 56887,20170608,  146,    0
 11113, 56887,20170609,  158,    0
 11113, 56887,20170610,  182,    0
 11113, 56887,20170611,  181,    0
 11113, 56887,20170612,  152,    0
 11113, 56887,20170613,  158,    0
 11113, 56887,20170614,  173,    0
 11113, 56887,20170615,  176,    0
 11113, 56887,20170616,  164,    0
 11113, 56887,20170617,  206,    0
 11113, 56887,20170618,  214,    0
 11113, 56887,20170619,  226,    0
 11113, 56887,20170620,  219,    0
 11113, 56887,20170621,  216,    0
 11113, 56887,20170622,  194,    0
 11113, 56887,20170623,  159,    0
 11113, 56887,20170624,  199,    0
 11113, 56887,20170625,  176,    0
 11113, 56887,20170626,  140,    0
 11113, 56887,20170627,  159,    1
 11113, 56887,20170628,  138,    0
 11113, 56887,20170629,  138,    0
 11113, 56887,20170630,  157,    0
 11113, 56887,20170701,  175,    0
 11113, 56887,20170702,  174,    0
 11113, 56887,20170703,  182,    0
 11113, 56887,20170704,  166,    0
 11113, 56887,20170705,  181,    0
 11113, 56887,20170706,  224,    0
 11113, 56887,20170707,  210,    0
 11113, 56887,20170708,  203,    0
 11113, 56887,20170709,  193,    0
 11113, 56887,20170710,  186,    1
 11113, 56887,20170711,  152,    0
 11113, 56887,20170712,  167,    0
 11113, 56887,20170713,  158,    0
 11113, 56887,20170714,  168,    0
 11113, 56887,20170715,  164,    0
 11113, 56887,20170716,  194,    0
 11113, 56887,20170717,  166,    0
 11113, 56887,20170718,  201,    0
 11113, 56887,20170719,  188,    0
 11113, 56887,20170720,  179,    0
 11113, 56887,20170721,  167,    0
 11113, 56887,20170722,  159,    0
 11113, 56887,20170723,  159,    0
 11113, 56887,20170724,  155,    0
 11113, 56887,20170725,  165,    0
 11113, 56887,20170726,  177,    0
 11113, 56887,20170727,  164,    0
 11113, 56887,20170728,  165,    0
 11113, 56887,20170729,  161,    0
 11113, 56887,20170730,  164,    0
 11113, 56887,20170731,  169,    0
 11113, 56887,20170801,  168,    0
 11113, 56887,20170802,  160,    0
 11113, 56887,20170803,  177,    0
 11113, 56887,20170804,  174,    0
 11113, 56887,20170805,  153,    0
 11113, 56887,20170806,  140,    0
 11113, 56887,20170807,  168,    1
 11113, 56887,20170808,  128,    0
 11113, 56887,20170809,  140,    0
 11113, 56887,20170810,  142,    0
 11113, 56887,20170811,  147,    0
 11113, 56887,20170812,  184,    0
 11113, 56887,20170813,  149,    0
 11113, 56887,20170814,  149,    0
 11113, 56887,20170815,  171,    0
 11113, 56887,20170816,  152,    0
 11113, 56887,20170817,  185,    0
 11113, 56887,20170818,  171,    0
 11113, 56887,20170819,  153,    0
 11113, 56887,20170820,  147,    0
 11113, 56887,20170821,  158,    0
 11113, 56887,20170822,  182,    0
 11113, 56887,20170823,  179,    0
 11113, 56887,20170824,  159,    0
 11113, 56887,20170825,  159,    0
 11113, 56887,20170826,  170,    0
 11113, 56887,20170827,  184,    0
 11113, 56887,20170828,  191,    0
 11113, 56887,20170829,  186,    1
 11113, 56887,20170830,  132,    0
 11113, 56887,20170831,  123,    0
 11113, 56887,20170901,  127,    0
 11113, 56887,20170902,  131,    0
 11113, 56887,20170903,  127,    0
 11113, 56887,20170904,  177,    0
 11113, 56887,20170905,  176,    1
 11113, 56887,20170906,  136,    0
 11113, 56887,20170907,  143,    0
 11113, 56887,20170908,  159,    0
 11113, 56887,20170909,  131,    0
 11113, 56887,20170910,  121,    0
 11113, 56887,20170911,  139,    0
 11113, 56887,20170912,  133,    0
 11113, 56887,20170913,  141,    0
 11113, 56887,20170914,  118,    0
 11113, 56887,20170915,  102,    0
 11113, 56887,20170916,  102,    0
 11113, 56887,20170917,  109,    0
 11113, 56887,20170918,  127,    0
 11113, 56887,20170919,  104,    0
 11113, 56887,20170920,  124,    0
 11113, 56887,20170921,  146,    0
 11113, 56887,20170922,  105,    0
 11113, 56887,20170923,  156,    0
 11113, 56887,20170924,  159,    0
 11113, 56887,20170925,  153,    0
 11113, 56887,20170926,  153,    0
 11113, 56887,20170927,  164,    0
 11113, 56887,20170928,  168,    0
 11113, 56887,20170929,  147,    0
 11113, 56887,20170930,  137,    0
 11113, 56887,20171001,  152,    0
 11113, 56887,20171002,  143,    0
 11113, 56887,20171003,  122,    0
 11113, 56887,20171004,  124,    0
 11113, 56887,20171005,  137,    0
 11113, 56887,20171006,  106,    0
 11113, 56887,20171007,  130,    0
 11113, 56887,20171008,  132,    0
 11113, 56887,20171009,  123,    0
 11113, 56887,20171010,  138,    0
 11113, 56887,20171011,  151,    0
 11113, 56887,20171012,  132,    0
 11113, 56887,20171013,  152,    0
 11113, 56887,20171014,  174,    0
 11113, 56887,20171015,  156,    0
 11113, 56887,20171016,  159,    1
 11113, 56887,20171017,  124,    0
 11113, 56887,20171018,  117,    0
 11113, 56887,20171019,  128,    0
 11113, 56887,20171020,  128,    0
 11113, 56887,20171021,  127,    0
 11113, 56887,20171022,  111,    0
 11113, 56887,20171023,  124,    0
 11113, 56887,20171024,  153,    0
 11113, 56887,20171025,  153,    1
 11113, 56887,20171026,   89,    0
 11113, 56887,20171027,   93,    0
 11113, 56887,20171028,  103,    0
 11113, 56887,20171029,  104,    0
 11113, 56887,20171030,   53,    0
 11113, 56887,20171031,   82,    0
 11113, 56887,20171101,  117,    1
 11113, 56887,20171102,   66,    0
 11113, 56887,20171103,  109,    0
 11113, 56887,20171104,   96,    1
 11113, 56887,20171105,   60,    0
 11113, 56887,20171106,   44,    0
 11113, 56887,20171107,   69,    0
 11113, 56887,20171108,   67,    0
 11113, 56887,20171109,   65,    0
 11113, 56887,20171110,   83,    0
 11113, 56887,20171111,   78,    1
 11113, 56887,20171112,   62,    0
 11113, 56887,20171113,   43,    0
 11113, 56887,20171114,   65,    0
 11113, 56887,20171115,  101,    0
 11113, 56887,20171116,  114,    1
 11113, 56887,20171117,   33,    0
 11113, 56887,20171118,   39,    0
 11113, 56887,20171119,   52,    0
 11113, 56887,20171120,   74,    0
 11113, 56887,20171121,  117,    0
 11113, 56887,20171122,  128,    1
 11113, 56887,20171123,   86,    1
 11113, 56887,20171124,   40,    0
 11113, 56887,20171125,   19,    0
 11113, 56887,20171126,   48,    0
 11113, 56887,20171127,   63,    1
 11113, 56887,20171128,   39,    0
 11113, 56887,20171129,   32,    0
 11113, 56887,20171130,   11,    0
 11113, 56887,20171201,   27,    0
 11113, 56887,20171202,   43,    0
 11113, 56887,20171203,   62,    0
 11113, 56887,20171204,   60,    0
 11113, 56887,20171205,   77,    0
 11113, 56887,20171206,   93,    0
 11113, 56887,20171207,  108,    1
 11113, 56887,20171208,   22,    0
 11113, 56887,20171209,    8,    0
 11113, 56887,20171210,   -3,    0
 11113, 56887,20171211,   11,    0
 11113, 56887,20171212,    4,    0
 11113, 56887,20171213,   19,    0
 11113, 56887,20171214,   42,    0
 11113, 56887,20171215,   27,    0
 11113, 56887,20171216,   12,    0
 11113, 56887,20171217,   42,    0
 11113, 56887,20171218,   25,    0
 11113, 56887,20171219,   30,    0
 11113, 56887,20171220,   66,    0
 11113, 56887,20171221,   96,    0
 11113, 56887,20171222,   96,    1
 11113, 56887,20171223,   82,    0
 11113, 56887,20171224,   89,    0
 11113, 56887,20171225,   94,    1
 11113, 56887,20171226,   44,    1
 11113, 56887,20171227,   15,    0
 11113, 56887,20171228,   18,    0
 11113, 56887,20171229,   45,    0
 11113, 56887,20171230,   88,    0
 11113, 56887,20171231,   93,    0
 11113, 56887,20180101,-9999,    9
 11113, 56887,20180102,-9999,    9
 11113, 56887,20180103,-9999,    9
 11113, 56887,20180104,-9999,    9
 11113, 56887,20180105,-9999,    9
 11113, 56887,20180106,-9999,    9
 11113, 56887,20180107,-9999,    9
 11113, 56887,20180108,-9999,    9
 11113, 56887,20180109,-9999,    9
 11113, 56887,20180110,-9999,    9
 11113, 56887,20180111,-9999,    9
 11113, 56887,20180112,-9999,    9
 11113, 56887,20180113,-9999,    9
 11113, 56887,20180114,-9999,    9
 11113, 56887,20180115,-9999,    9
 11113, 56887,20180116,-9999,    9
 11113, 56887,20180117,-9999,    9
 11113, 56887,20180118,-9999,    9
 11113, 56887,20180119,-9999,    9
 11113, 56887,20180120,-9999,    9
 11113, 56887,20180121,-9999,    9
 11113, 56887,20180122,-9999,    9
 11113, 56887,20180123,-9999,    9
 11113, 56887,20180124,-9999,    9
 11113, 56887,20180125,-9999,    9
 11113, 56887,20180126,-9999,    9
 11113, 56887,20180127,-9999,    9
 11113, 56887,20180128,-9999,    9
 11113, 56887,20180129,-9999,    9
 11113, 56887,20180130,-9999,    9
 11113, 56887,20180131,-9999,    9
 11113, 56887,20180201,-9999,    9
 11113, 56887,20180202,-9999,    9
 11113, 56887,20180203,-9999,    9
 11113, 56887,20180204,-9999,    9
 11113, 56887,20180205,-9999,    9
 11113, 56887,20180206,-9999,    9
 11113, 56887,20180207,-9999,    9
 11113, 56887,20180208,-9999,    9
 11113, 56887,20180209,-9999,    9
 11113, 56887,20180210,-9999,    9
 11113, 56887,20180211,-9999,    9
 11113, 56887,20180212,-9999,    9
 11113, 56887,20180213,-9999,    9
 11113, 56887,20180214,-9999,    9
 11113, 56887,20180215,-9999,    9
 11113, 56887,20180216,-9999,    9
 11113, 56887,20180217,-9999,    9
 11113, 56887,20180218,-9999,    9
 11113, 56887,20180219,-9999,    9
 11113, 56887,20180220,-9999,    9
 11113, 56887,20180221,-9999,    9
 11113, 56887,20180222,-9999,    9
 11113, 56887,20180223,-9999,    9
 11113, 56887,20180224,-9999,    9
 11113, 56887,20180225,-9999,    9
 11113, 56887,20180226,-9999,    9
 11113, 56887,20180227,-9999,    9
 11113, 56887,20180228,-9999,    9
 11113, 56887,20180301,-9999,    9
 11113, 56887,20180302,-9999,    9
 11113, 56887,20180303,-9999,    9
 11113, 56887,20180304,-9999,    9
 11113, 56887,20180305,-9999,    9
 11113, 56887,20180306,-9999,    9
 11113, 56887,20180307,-9999,    9
 11113, 56887,20180308,-9999,    9
 11113, 56887,20180309,-9999,    9
 11113, 56887,20180310,-9999,    9
 11113, 56887,20180311,-9999,    9
 11113, 56887,20180312,-9999,    9
 11113, 56887,20180313,-9999,    9
 11113, 56887,20180314,-9999,    9
 11113, 56887,20180315,-9999,    9
 11113, 56887,20180316,-9999,    9
 11113, 56887,20180317,-9999,    9
 11113, 56887,20180318,-9999,    9
 11113, 56887,20180319,-9999,    9
 11113, 56887,20180320,-9999,    9
 11113, 56887,20180321,-9999,    9
 11113, 56887,20180322,-9999,    9
 11113, 56887,20180323,-9999,    9
 11113, 56887,20180324,-9999,    9
 11113, 56887,20180325,-9999,    9
 11113, 56887,20180326,-9999,    9
 11113, 56887,20180327,-9999,    9
 11113, 56887,20180328,-9999,    9
 11113, 56887,20180329,-9999,    9
 11113, 56887,20180330,-9999,    9
 11113, 56887,20180331,-9999,    9
 11113, 56887,20180401,-9999,    9
 11113, 56887,20180402,-9999,    9
 11113, 56887,20180403,-9999,    9
 11113, 56887,20180404,-9999,    9
 11113, 56887,20180405,-9999,    9
 11113, 56887,20180406,-9999,    9
 11113, 56887,20180407,-9999,    9
 11113, 56887,20180408,-9999,    9
 11113, 56887,20180409,-9999,    9
 11113, 56887,20180410,-9999,    9
 11113, 56887,20180411,-9999,    9
 11113, 56887,20180412,-9999,    9
 11113, 56887,20180413,-9999,    9
 11113, 56887,20180414,-9999,    9
 11113, 56887,20180415,-9999,    9
 11113, 56887,20180416,-9999,    9
 11113, 56887,20180417,-9999,    9
 11113, 56887,20180418,-9999,    9
 11113, 56887,20180419,-9999,    9
 11113, 56887,20180420,-9999,    9
 11113, 56887,20180421,-9999,    9
 11113, 56887,20180422,-9999,    9
 11113, 56887,20180423,-9999,    9
 11113, 56887,20180424,-9999,    9
 11113, 56887,20180425,-9999,    9
 11113, 56887,20180426,-9999,    9
 11113, 56887,20180427,-9999,    9
 11113, 56887,20180428,-9999,    9
 11113, 56887,20180429,-9999,    9
 11113, 56887,20180430,-9999,    9
 11113, 56887,20180501,-9999,    9
 11113, 56887,20180502,-9999,    9
 11113, 56887,20180503,-9999,    9
 11113, 56887,20180504,-9999,    9
 11113, 56887,20180505,-9999,    9
 11113, 56887,20180506,-9999,    9
 11113, 56887,20180507,-9999,    9
 11113, 56887,20180508,-9999,    9
 11113, 56887,20180509,-9999,    9
 11113, 56887,20180510,-9999,    9
 11113, 56887,20180511,-9999,    9
 11113, 56887,20180512,-9999,    9
 11113, 56887,20180513,-9999,    9
 11113, 56887,20180514,-9999,    9
 11113, 56887,20180515,-9999,    9
 11113, 56887,20180516,-9999,    9
 11113, 56887,20180517,-9999,    9
 11113, 56887,20180518,-9999,    9
 11113, 56887,20180519,-9999,    9
 11113, 56887,20180520,-9999,    9
 11113, 56887,20180521,-9999,    9
 11113, 56887,20180522,-9999,    9
 11113, 56887,20180523,-9999,    9
 11113, 56887,20180524,-9999,    9
 11113, 56887,20180525,-9999,    9
 11113, 56887,20180526,-9999,    9
 11113, 56887,20180527,-9999,    9
 11113, 56887,20180528,-9999,    9
 11113, 56887,20180529,-9999,    9
 11113, 56887,20180530,-9999,    9
 11113, 56887,20180531,-9999,    9
 11113, 56887,20180601,-9999,    9
 11113, 56887,20180602,-9999,    9
 11113, 56887,20180603,-9999,    9
 11113, 56887,20180604,-9999,    9
 11113, 56887,20180605,-9999,    9
 11113, 56887,20180606,-9999,    9
 11113, 56887,20180607,-9999,    9
 11113, 56887,20180608,-9999,    9
 11113, 56887,20180609,-9999,    9
 11113, 56887,20180610,-9999,    9
 11113, 56887,20180611,-9999,    9
 11113, 56887,20180612,-9999,    9
 11113, 56887,20180613,-9999,    9
 11113, 56887,20180614,-9999,    9
 11113, 56887,20180615,-9999,    9
 11113, 56887,20180616,-9999,    9
 11113, 56887,20180617,-9999,    9
 11113, 56887,20180618,-9999,    9
 11113, 56887,20180619,-9999,    9
 11113, 56887,20180620,-9999,    9
 11113, 56887,20180621,-9999,    9
 11113, 56887,20180622,-9999,    9
 11113, 56887,20180623,-9999,    9
 11113, 56887,20180624,-9999,    9
 11113, 56887,20180625,-9999,    9
 11113, 56887,20180626,-9999,    9
 11113, 56887,20180627,-9999,    9
 11113, 56887,20180628,-9999,    9
 11113, 56887,20180629,-9999,    9
 11113, 56887,20180630,-9999,    9
 11113, 56887,20180701,-9999,    9
 11113, 56887,20180702,-9999,    9
 11113, 56887,20180703,-9999,    9
 11113, 56887,20180704,-9999,    9
 11113, 56887,20180705,-9999,    9
 11113, 56887,20180706,-9999,    9
 11113, 56887,20180707,-9999,    9
 11113, 56887,20180708,-9999,    9
 11113, 56887,20180709,-9999,    9
 11113, 56887,20180710,-9999,    9
 11113, 56887,20180711,-9999,    9
 11113, 56887,20180712,-9999,    9
 11113, 56887,20180713,-9999,    9
 11113, 56887,20180714,-9999,    9
 11113, 56887,20180715,-9999,    9
 11113, 56887,20180716,-9999,    9
 11113, 56887,20180717,-9999,    9
 11113, 56887,20180718,-9999,    9
 11113, 56887,20180719,-9999,    9
 11113, 56887,20180720,-9999,    9
 11113, 56887,20180721,-9999,    9
 11113, 56887,20180722,-9999,    9
 11113, 56887,20180723,-9999,    9
 11113, 56887,20180724,-9999,    9
 11113, 56887,20180725,-9999,    9
 11113, 56887,20180726,-9999,    9
 11113, 56887,20180727,-9999,    9
 11113, 56887,20180728,-9999,    9
 11113, 56887,20180729,-9999,    9
 11113, 56887,20180730,-9999,    9
 11113, 56887,20180731,-9999,    9
 11113, 56887,20180801,-9999,    9
 11113, 56887,20180802,-9999,    9
 11113, 56887,20180803,-9999,    9
 11113, 56887,20180804,-9999,    9
 11113, 56887,20180805,-9999,    9
 11113, 56887,20180806,-9999,    9
 11113, 56887,20180807,-9999,    9
 11113, 56887,20180808,-9999,    9
 11113, 56887,20180809,-9999,    9
 11113, 56887,20180810,-9999,    9
 11113, 56887,20180811,-9999,    9
 11113, 56887,20180812,-9999,    9
 11113, 56887,20180813,-9999,    9
 11113, 56887,20180814,-9999,    9
 11113, 56887,20180815,-9999,    9
 11113, 56887,20180816,-9999,    9
 11113, 56887,20180817,-9999,    9
 11113, 56887,20180818,-9999,    9
 11113, 56887,20180819,-9999,    9
 11113, 56887,20180820,-9999,    9
 11113, 56887,20180821,-9999,    9
 11113, 56887,20180822,-9999,    9
 11113, 56887,20180823,-9999,    9
 11113, 56887,20180824,-9999,    9
 11113, 56887,20180825,-9999,    9
 11113, 56887,20180826,-9999,    9
 11113, 56887,20180827,-9999,    9
 11113, 56887,20180828,-9999,    9
 11113, 56887,20180829,-9999,    9
 11113, 56887,20180830,-9999,    9
 11113, 56887,20180831,-9999,    9
 11113, 56887,20180901,-9999,    9
 11113, 56887,20180902,-9999,    9
 11113, 56887,20180903,-9999,    9
 11113, 56887,20180904,-9999,    9
 11113, 56887,20180905,-9999,    9
 11113, 56887,20180906,-9999,    9
 11113, 56887,20180907,-9999,    9
 11113, 56887,20180908,-9999,    9
 11113, 56887,20180909,-9999,    9
 11113, 56887,20180910,-9999,    9
 11113, 56887,20180911,-9999,    9
 11113, 56887,20180912,-9999,    9
 11113, 56887,20180913,-9999,    9
 11113, 56887,20180914,-9999,    9
 11113, 56887,20180915,-9999,    9
 11113, 56887,20180916,-9999,    9
 11113, 56887,20180917,-9999,    9
 11113, 56887,20180918,-9999,    9
 11113, 56887,20180919,-9999,    9
 11113, 56887,20180920,-9999,    9
 11113, 56887,20180921,-9999,    9
 11113, 56887,20180922,-9999,    9
 11113, 56887,20180923,-9999,    9
 11113, 56887,20180924,-9999,    9
 11113, 56887,20180925,-9999,    9
 11113, 56887,20180926,-9999,    9
 11113, 56887,20180927,-9999,    9
 11113, 56887,20180928,-9999,    9
 11113, 56887,20180929,-9999,    9
 11113, 56887,20180930,-9999,    9
 11113, 56887,20181001,-9999,    9
 11113, 56887,20181002,-9999,    9
 11113, 56887,20181003,-9999,    9
 11113, 56887,20181004,-9999,    9
 11113, 56887,20181005,-9999,    9
 11113, 56887,20181006,-9999,    9
 11113, 56887,20181007,-9999,    9
 11113, 56887,20181008,-9999,    9
 11113, 56887,20181009,-9999,    9
 11113, 56887,20181010,-9999,    9
 11113, 56887,20181011,-9999,    9
 11113, 56887,20181012,-9999,    9
 11113, 56887,20181013,-9999,    9
 11113, 56887,20181014,-9999,    9
 11113, 56887,20181015,-9999,    9
 11113, 56887,20181016,-9999,    9
 11113, 56887,20181017,-9999,    9
 11113, 56887,20181018,-9999,    9
 11113, 56887,20181019,-9999,    9
 11113, 56887,20181020,-9999,    9
 11113, 56887,20181021,-9999,    9
 11113, 56887,20181022,-9999,    9
 11113, 56887,20181023,-9999,    9
 11113, 56887,20181024,-9999,    9
 11113, 56887,20181025,-9999,    9
 11113, 56887,20181026,-9999,    9
 11113, 56887,20181027,-9999,    9
 11113, 56887,20181028,-9999,    9
 11113, 56887,20181029,-9999,    9
 11113, 56887,20181030,-9999,    9
 11113, 56887,20181031,-9999,    9
 11113, 56887,20181101,-9999,    9
 11113, 56887,20181102,-9999,    9
 11113, 56887,20181103,-9999,    9
 11113, 56887,20181104,-9999,    9
 11113, 56887,20181105,-9999,    9
 11113, 56887,20181106,-9999,    9
 11113, 56887,20181107,-9999,    9
 11113, 56887,20181108,-9999,    9
 11113, 56887,20181109,-9999,    9
 11113, 56887,20181110,-9999,    9
 11113, 56887,20181111,-9999,    9
 11113, 56887,20181112,-9999,    9
 11113, 56887,20181113,-9999,    9
 11113, 56887,20181114,-9999,    9
 11113, 56887,20181115,-9999,    9
 11113, 56887,20181116,-9999,    9
 11113, 56887,20181117,-9999,    9
 11113, 56887,20181118,-9999,    9
 11113, 56887,20181119,-9999,    9
 11113, 56887,20181120,-9999,    9
 11113, 56887,20181121,-9999,    9
 11113, 56887,20181122,-9999,    9
 11113, 56887,20181123,-9999,    9
 11113, 56887,20181124,-9999,    9
 11113, 56887,20181125,-9999,    9
 11113, 56887,20181126,-9999,    9
 11113, 56887,20181127,-9999,    9
 11113, 56887,20181128,-9999,    9
 11113, 56887,20181129,-9999,    9
 11113, 56887,20181130,-9999,    9
 11113, 56887,20181201,-9999,    9
 11113, 56887,20181202,-9999,    9
 11113, 56887,20181203,-9999,    9
 11113, 56887,20181204,-9999,    9
 11113, 56887,20181205,-9999,    9
 11113, 56887,20181206,-9999,    9
 11113, 56887,20181207,-9999,    9
 11113, 56887,20181208,-9999,    9
 11113, 56887,20181209,-9999,    9
 11113, 56887,20181210,-9999,    9
 11113, 56887,20181211,-9999,    9
 11113, 56887,20181212,-9999,    9
 11113, 56887,20181213,-9999,    9
 11113, 56887,20181214,-9999,    9
 11113, 56887,20181215,-9999,    9
 11113, 56887,20181216,-9999,    9
 11113, 56887,20181217,-9999,    9
 11113, 56887,20181218,-9999,    9
 11113, 56887,20181219,-9999,    9
 11113, 56887,20181220,-9999,    9
 11113, 56887,20181221,-9999,    9
 11113, 56887,20181222,-9999,    9
 11113, 56887,20181223,-9999,    9
 11113, 56887,20181224,-9999,    9
 11113, 56887,20181225,-9999,    9
 11113, 56887,20181226,-9999,    9
 11113, 56887,20181227,-9999,    9
 11113, 56887,20181228,-9999,    9
 11113, 56887,20181229,-9999,    9
 11113, 56887,20181230,-9999,    9
 11113, 56887,20181231,-9999,    9
 11113, 56887,20190101,-9999,    9
 11113, 56887,20190102,-9999,    9
 11113, 56887,20190103,-9999,    9
 11113, 56887,20190104,-9999,    9
 11113, 56887,20190105,-9999,    9
 11113, 56887,20190106,-9999,    9
 11113, 56887,20190107,-9999,    9
 11113, 56887,20190108,-9999,    9
 11113, 56887,20190109,-9999,    9
 11113, 56887,20190110,-9999,    9
 11113, 56887,20190111,-9999,    9
 11113, 56887,20190112,-9999,    9
 11113, 56887,20190113,-9999,    9
 11113, 56887,20190114,-9999,    9
 11113, 56887,20190115,-9999,    9
 11113, 56887,20190116,-9999,    9
 11113, 56887,20190117,-9999,    9
 11113, 56887,20190118,-9999,    9
 11113, 56887,20190119,-9999,    9
 11113, 56887,20190120,-9999,    9
 11113, 56887,20190121,-9999,    9
 11113, 56887,20190122,-9999,    9
 11113, 56887,20190123,-9999,    9
 11113, 56887,20190124,-9999,    9
 11113, 56887,20190125,-9999,    9
 11113, 56887,20190126,-9999,    9
 11113, 56887,20190127,-9999,    9
 11113, 56887,20190128,-9999,    9
 11113, 56887,20190129,-9999,    9
 11113, 56887,20190130,-9999,    9
 11113, 56887,20190131,-9999,    9
 11113, 56887,20190201,-9999,    9
 11113, 56887,20190202,-9999,    9
 11113, 56887,20190203,-9999,    9
 11113, 56887,20190204,-9999,    9
 11113, 56887,20190205,-9999,    9
 11113, 56887,20190206,-9999,    9
 11113, 56887,20190207,-9999,    9
 11113, 56887,20190208,-9999,    9
 11113, 56887,20190209,-9999,    9
 11113, 56887,20190210,-9999,    9
 11113, 56887,20190211,-9999,    9
 11113, 56887,20190212,-9999,    9
 11113, 56887,20190213,-9999,    9
 11113, 56887,20190214,-9999,    9
 11113, 56887,20190215,-9999,    9
 11113, 56887,20190216,-9999,    9
 11113, 56887,20190217,-9999,    9
 11113, 56887,20190218,-9999,    9
 11113, 56887,20190219,-9999,    9
 11113, 56887,20190220,-9999,    9
 11113, 56887,20190221,-9999,    9
 11113, 56887,20190222,-9999,    9
 11113, 56887,20190223,-9999,    9
 11113, 56887,20190224,-9999,    9
 11113, 56887,20190225,-9999,    9
 11113, 56887,20190226,-9999,    9
 11113, 56887,20190227,-9999,    9
 11113, 56887,20190228,-9999,    9
 11113, 56887,20190301,-9999,    9
 11113, 56887,20190302,-9999,    9
 11113, 56887,20190303,-9999,    9
 11113, 56887,20190304,-9999,    9
 11113, 56887,20190305,-9999,    9
 11113, 56887,20190306,-9999,    9
 11113, 56887,20190307,-9999,    9
 11113, 56887,20190308,-9999,    9
 11113, 56887,20190309,-9999,    9
 11113, 56887,20190310,-9999,    9
 11113, 56887,20190311,-9999,    9
 11113, 56887,20190312,-9999,    9
 11113, 56887,20190313,-9999,    9
 11113, 56887,20190314,-9999,    9
 11113, 56887,20190315,-9999,    9
 11113, 56887,20190316,-9999,    9
 11113, 56887,20190317,-9999,    9
 11113, 56887,20190318,-9999,    9
 11113, 56887,20190319,-9999,    9
 11113, 56887,20190320,-9999,    9
 11113, 56887,20190321,-9999,    9
 11113, 56887,20190322,-9999,    9
 11113, 56887,20190323,-9999,    9
 11113, 56887,20190324,-9999,    9
 11113, 56887,20190325,-9999,    9
 11113, 56887,20190326,-9999,    9
 11113, 56887,20190327,-9999,    9
 11113, 56887,20190328,-9999,    9
 11113, 56887,20190329,-9999,    9
 11113, 56887,20190330,-9999,    9
 11113, 56887,20190331,-9999,    9
 11113, 56887,20190401,-9999,    9
 11113, 56887,20190402,-9999,    9
 11113, 56887,20190403,-9999,    9
 11113, 56887,20190404,-9999,    9
 11113, 56887,20190405,-9999,    9
 11113, 56887,20190406,-9999,    9
 11113, 56887,20190407,-9999,    9
 11113, 56887,20190408,-9999,    9
 11113, 56887,20190409,-9999,    9
 11113, 56887,20190410,-9999,    9
 11113, 56887,20190411,-9999,    9
 11113, 56887,20190412,-9999,    9
 11113, 56887,20190413,-9999,    9
 11113, 56887,20190414,-9999,    9
 11113, 56887,20190415,-9999,    9
 11113, 56887,20190416,-9999,    9
 11113, 56887,20190417,-9999,    9
 11113, 56887,20190418,-9999,    9
 11113, 56887,20190419,-9999,    9
 11113, 56887,20190420,-9999,    9
 11113, 56887,20190421,-9999,    9
 11113, 56887,20190422,-9999,    9
 11113, 56887,20190423,-9999,    9
 11113, 56887,20190424,-9999,    9
 11113, 56887,20190425,-9999,    9
 11113, 56887,20190426,-9999,    9
 11113, 56887,20190427,-9999,    9
 11113, 56887,20190428,-9999,    9
 11113, 56887,20190429,-9999,    9
 11113, 56887,20190430,-9999,    9
