EUROPEAN CLIMATE ASSESSMENT & DATASET (ECA&D), file created on: 13-05-2019
THESE DATA CAN BE USED FOR NON-COMMERCIAL RESEARCH AND EDUCATION PROVIDED THAT THE FOLLOWING SOURCE IS ACKNOWLEDGED: 

Klein Tank, A.M.G. and Coauthors, 2002. Daily dataset of 20th-century surface
air temperature and precipitation series for the European Climate Assessment.
Int. J. of Climatol., 22, 1441-1453.
Data and metadata available at http://www.ecad.eu

FILE FORMAT (MISSING VALUE CODE = -9999):

01-06 STAID: Station identifier
08-13 SOUID: Source identifier
15-22 DATE : Date YYYYMMDD
24-28 TG   : Mean temperature in 0.1 &#176;C
30-34 Q_TG : quality code for TG (0='valid'; 1='suspect'; 9='missing')

This is the blended series of station TIVISSA, SPAIN (STAID: 11348)
Blended and updated with sources:73118 
See files sources.txt and stations.txt for more info.

STAID, SOUID,    DATE,   TG, Q_TG
 11348, 73118,20160101,  108,    0
 11348, 73118,20160102,  101,    0
 11348, 73118,20160103,   81,    0
 11348, 73118,20160104,   93,    0
 11348, 73118,20160105,   82,    0
 11348, 73118,20160106,   79,    0
 11348, 73118,20160107,  137,    0
 11348, 73118,20160108,  158,    0
 11348, 73118,20160109,  125,    0
 11348, 73118,20160110,  126,    0
 11348, 73118,20160111,  129,    0
 11348, 73118,20160112,   93,    0
 11348, 73118,20160113,   73,    0
 11348, 73118,20160114,   77,    0
 11348, 73118,20160115,   68,    0
 11348, 73118,20160116,   46,    0
 11348, 73118,20160117,   49,    0
 11348, 73118,20160118,   75,    0
 11348, 73118,20160119,   70,    0
 11348, 73118,20160120,   62,    0
 11348, 73118,20160121,   63,    0
 11348, 73118,20160122,   80,    0
 11348, 73118,20160123,  100,    0
 11348, 73118,20160124,  101,    0
 11348, 73118,20160125,  117,    0
 11348, 73118,20160126,  110,    0
 11348, 73118,20160127,  108,    0
 11348, 73118,20160128,  100,    0
 11348, 73118,20160129,   84,    0
 11348, 73118,20160130,   85,    0
 11348, 73118,20160131,  120,    0
 11348, 73118,20160201,  130,    0
 11348, 73118,20160202,  102,    0
 11348, 73118,20160203,  101,    0
 11348, 73118,20160204,   66,    0
 11348, 73118,20160205,   80,    0
 11348, 73118,20160206,  105,    0
 11348, 73118,20160207,   96,    0
 11348, 73118,20160208,  116,    0
 11348, 73118,20160209,  143,    0
 11348, 73118,20160210,  115,    0
 11348, 73118,20160211,  102,    0
 11348, 73118,20160212,  131,    0
 11348, 73118,20160213,  149,    0
 11348, 73118,20160214,  100,    0
 11348, 73118,20160215,   67,    0
 11348, 73118,20160216,   43,    0
 11348, 73118,20160217,   35,    0
 11348, 73118,20160218,   53,    0
 11348, 73118,20160219,   58,    0
 11348, 73118,20160220,   71,    0
 11348, 73118,20160221,   97,    0
 11348, 73118,20160222,  114,    0
 11348, 73118,20160223,  119,    0
 11348, 73118,20160224,  115,    0
 11348, 73118,20160225,  109,    0
 11348, 73118,20160226,   97,    0
 11348, 73118,20160227,   41,    0
 11348, 73118,20160228,   61,    0
 11348, 73118,20160229,   75,    0
 11348, 73118,20160301,   88,    0
 11348, 73118,20160302,  124,    0
 11348, 73118,20160303,   94,    0
 11348, 73118,20160304,  106,    0
 11348, 73118,20160305,   83,    0
 11348, 73118,20160306,   71,    0
 11348, 73118,20160307,   66,    0
 11348, 73118,20160308,   75,    0
 11348, 73118,20160309,   69,    0
 11348, 73118,20160310,   71,    0
 11348, 73118,20160311,   80,    0
 11348, 73118,20160312,   79,    0
 11348, 73118,20160313,   78,    0
 11348, 73118,20160314,   65,    0
 11348, 73118,20160315,   50,    0
 11348, 73118,20160316,   74,    0
 11348, 73118,20160317,   77,    0
 11348, 73118,20160318,   83,    0
 11348, 73118,20160319,  103,    0
 11348, 73118,20160320,  106,    0
 11348, 73118,20160321,   98,    0
 11348, 73118,20160322,  101,    0
 11348, 73118,20160323,   99,    0
 11348, 73118,20160324,  116,    0
 11348, 73118,20160325,  128,    0
 11348, 73118,20160326,  141,    0
 11348, 73118,20160327,  134,    0
 11348, 73118,20160328,  123,    0
 11348, 73118,20160329,  157,    0
 11348, 73118,20160330,  143,    0
 11348, 73118,20160331,  122,    0
 11348, 73118,20160401,   90,    0
 11348, 73118,20160402,  113,    0
 11348, 73118,20160403,  124,    0
 11348, 73118,20160404,  119,    0
 11348, 73118,20160405,  106,    0
 11348, 73118,20160406,  116,    0
 11348, 73118,20160407,  114,    0
 11348, 73118,20160408,  100,    0
 11348, 73118,20160409,  125,    0
 11348, 73118,20160410,  141,    0
 11348, 73118,20160411,  140,    0
 11348, 73118,20160412,  145,    0
 11348, 73118,20160413,  142,    0
 11348, 73118,20160414,  152,    0
 11348, 73118,20160415,  150,    0
 11348, 73118,20160416,  160,    0
 11348, 73118,20160417,  155,    0
 11348, 73118,20160418,  136,    0
 11348, 73118,20160419,  124,    0
 11348, 73118,20160420,  138,    0
 11348, 73118,20160421,  146,    0
 11348, 73118,20160422,  124,    0
 11348, 73118,20160423,  151,    0
 11348, 73118,20160424,  132,    0
 11348, 73118,20160425,  111,    0
 11348, 73118,20160426,  139,    0
 11348, 73118,20160427,  120,    0
 11348, 73118,20160428,  100,    0
 11348, 73118,20160429,  112,    0
 11348, 73118,20160430,  119,    0
 11348, 73118,20160501,  110,    0
 11348, 73118,20160502,  130,    0
 11348, 73118,20160503,  158,    0
 11348, 73118,20160504,  148,    0
 11348, 73118,20160505,  152,    0
 11348, 73118,20160506,  141,    0
 11348, 73118,20160507,  144,    0
 11348, 73118,20160508,  137,    0
 11348, 73118,20160509,  145,    0
 11348, 73118,20160510,  124,    0
 11348, 73118,20160511,  139,    0
 11348, 73118,20160512,  143,    0
 11348, 73118,20160513,  158,    0
 11348, 73118,20160514,  166,    0
 11348, 73118,20160515,  169,    0
 11348, 73118,20160516,  166,    0
 11348, 73118,20160517,  159,    0
 11348, 73118,20160518,  170,    0
 11348, 73118,20160519,  174,    0
 11348, 73118,20160520,  172,    0
 11348, 73118,20160521,  168,    0
 11348, 73118,20160522,  165,    0
 11348, 73118,20160523,  147,    0
 11348, 73118,20160524,  156,    0
 11348, 73118,20160525,  184,    0
 11348, 73118,20160526,  176,    0
 11348, 73118,20160527,  183,    0
 11348, 73118,20160528,  189,    0
 11348, 73118,20160529,  190,    0
 11348, 73118,20160530,  187,    0
 11348, 73118,20160531,  180,    0
 11348, 73118,20160601,  185,    0
 11348, 73118,20160602,  188,    0
 11348, 73118,20160603,  193,    0
 11348, 73118,20160604,  187,    0
 11348, 73118,20160605,  191,    0
 11348, 73118,20160606,  200,    0
 11348, 73118,20160607,  213,    0
 11348, 73118,20160608,  227,    0
 11348, 73118,20160609,  230,    0
 11348, 73118,20160610,  224,    0
 11348, 73118,20160611,  205,    0
 11348, 73118,20160612,  229,    0
 11348, 73118,20160613,  252,    0
 11348, 73118,20160614,  215,    0
 11348, 73118,20160615,  198,    0
 11348, 73118,20160616,  181,    0
 11348, 73118,20160617,  180,    0
 11348, 73118,20160618,  174,    0
 11348, 73118,20160619,  187,    0
 11348, 73118,20160620,  198,    0
 11348, 73118,20160621,  225,    0
 11348, 73118,20160622,  226,    0
 11348, 73118,20160623,  230,    0
 11348, 73118,20160624,  235,    0
 11348, 73118,20160625,  226,    0
 11348, 73118,20160626,  210,    0
 11348, 73118,20160627,  214,    0
 11348, 73118,20160628,  229,    0
 11348, 73118,20160629,  234,    0
 11348, 73118,20160630,  233,    0
 11348, 73118,20160701,  236,    0
 11348, 73118,20160702,  239,    0
 11348, 73118,20160703,  222,    0
 11348, 73118,20160704,  239,    0
 11348, 73118,20160705,  250,    0
 11348, 73118,20160706,  256,    0
 11348, 73118,20160707,  259,    0
 11348, 73118,20160708,  264,    0
 11348, 73118,20160709,  258,    0
 11348, 73118,20160710,  270,    0
 11348, 73118,20160711,  263,    0
 11348, 73118,20160712,  243,    0
 11348, 73118,20160713,  211,    0
 11348, 73118,20160714,  197,    0
 11348, 73118,20160715,  203,    0
 11348, 73118,20160716,  220,    0
 11348, 73118,20160717,  235,    0
 11348, 73118,20160718,  238,    0
 11348, 73118,20160719,  232,    0
 11348, 73118,20160720,  263,    0
 11348, 73118,20160721,  251,    0
 11348, 73118,20160722,  232,    0
 11348, 73118,20160723,  233,    0
 11348, 73118,20160724,  237,    0
 11348, 73118,20160725,  247,    0
 11348, 73118,20160726,  254,    0
 11348, 73118,20160727,  248,    0
 11348, 73118,20160728,  243,    0
 11348, 73118,20160729,  253,    0
 11348, 73118,20160730,  256,    0
 11348, 73118,20160731,  265,    0
 11348, 73118,20160801,  236,    0
 11348, 73118,20160802,  250,    0
 11348, 73118,20160803,  254,    0
 11348, 73118,20160804,  270,    0
 11348, 73118,20160805,  242,    0
 11348, 73118,20160806,  233,    0
 11348, 73118,20160807,  232,    0
 11348, 73118,20160808,  259,    0
 11348, 73118,20160809,  243,    0
 11348, 73118,20160810,  208,    0
 11348, 73118,20160811,  206,    0
 11348, 73118,20160812,  217,    0
 11348, 73118,20160813,  230,    0
 11348, 73118,20160814,  233,    0
 11348, 73118,20160815,  234,    0
 11348, 73118,20160816,  235,    0
 11348, 73118,20160817,  254,    0
 11348, 73118,20160818,  245,    0
 11348, 73118,20160819,  257,    0
 11348, 73118,20160820,  249,    0
 11348, 73118,20160821,  225,    0
 11348, 73118,20160822,  228,    0
 11348, 73118,20160823,  242,    0
 11348, 73118,20160824,  244,    0
 11348, 73118,20160825,  245,    0
 11348, 73118,20160826,  237,    0
 11348, 73118,20160827,  238,    0
 11348, 73118,20160828,  246,    0
 11348, 73118,20160829,  226,    0
 11348, 73118,20160830,  212,    0
 11348, 73118,20160831,  233,    0
 11348, 73118,20160901,  241,    0
 11348, 73118,20160902,  250,    0
 11348, 73118,20160903,  263,    0
 11348, 73118,20160904,  285,    0
 11348, 73118,20160905,  300,    0
 11348, 73118,20160906,  261,    0
 11348, 73118,20160907,  243,    0
 11348, 73118,20160908,  230,    0
 11348, 73118,20160909,  242,    0
 11348, 73118,20160910,  234,    0
 11348, 73118,20160911,  237,    0
 11348, 73118,20160912,  239,    0
 11348, 73118,20160913,  227,    0
 11348, 73118,20160914,  159,    0
 11348, 73118,20160915,  160,    0
 11348, 73118,20160916,  183,    0
 11348, 73118,20160917,  168,    0
 11348, 73118,20160918,  175,    0
 11348, 73118,20160919,  187,    0
 11348, 73118,20160920,  178,    0
 11348, 73118,20160921,  193,    0
 11348, 73118,20160922,  209,    0
 11348, 73118,20160923,  202,    0
 11348, 73118,20160924,  192,    0
 11348, 73118,20160925,  202,    0
 11348, 73118,20160926,  191,    0
 11348, 73118,20160927,  203,    0
 11348, 73118,20160928,  195,    0
 11348, 73118,20160929,  194,    0
 11348, 73118,20160930,  204,    0
 11348, 73118,20161001,  218,    0
 11348, 73118,20161002,  204,    0
 11348, 73118,20161003,  206,    0
 11348, 73118,20161004,  211,    0
 11348, 73118,20161005,  200,    0
 11348, 73118,20161006,  183,    0
 11348, 73118,20161007,  180,    0
 11348, 73118,20161008,  182,    0
 11348, 73118,20161009,  160,    0
 11348, 73118,20161010,  151,    0
 11348, 73118,20161011,  148,    0
 11348, 73118,20161012,  152,    0
 11348, 73118,20161013,  154,    0
 11348, 73118,20161014,  140,    0
 11348, 73118,20161015,  164,    0
 11348, 73118,20161016,  181,    0
 11348, 73118,20161017,  173,    0
 11348, 73118,20161018,  171,    0
 11348, 73118,20161019,  156,    0
 11348, 73118,20161020,  133,    0
 11348, 73118,20161021,  120,    0
 11348, 73118,20161022,  154,    0
 11348, 73118,20161023,  189,    0
 11348, 73118,20161024,  197,    0
 11348, 73118,20161025,  180,    0
 11348, 73118,20161026,  172,    0
 11348, 73118,20161027,  174,    0
 11348, 73118,20161028,  167,    0
 11348, 73118,20161029,  138,    0
 11348, 73118,20161030,  128,    0
 11348, 73118,20161031,  144,    0
 11348, 73118,20161101,  138,    0
 11348, 73118,20161102,  114,    0
 11348, 73118,20161103,  126,    0
 11348, 73118,20161104,  130,    0
 11348, 73118,20161105,  145,    0
 11348, 73118,20161106,  101,    0
 11348, 73118,20161107,   77,    0
 11348, 73118,20161108,   78,    0
 11348, 73118,20161109,  116,    0
 11348, 73118,20161110,  117,    0
 11348, 73118,20161111,  125,    0
 11348, 73118,20161112,  113,    0
 11348, 73118,20161113,  126,    0
 11348, 73118,20161114,  109,    0
 11348, 73118,20161115,   86,    0
 11348, 73118,20161116,   86,    0
 11348, 73118,20161117,  115,    0
 11348, 73118,20161118,  126,    0
 11348, 73118,20161119,  124,    0
 11348, 73118,20161120,  125,    0
 11348, 73118,20161121,  144,    0
 11348, 73118,20161122,  126,    0
 11348, 73118,20161123,  100,    0
 11348, 73118,20161124,   63,    0
 11348, 73118,20161125,   63,    0
 11348, 73118,20161126,  111,    0
 11348, 73118,20161127,  103,    0
 11348, 73118,20161128,   90,    0
 11348, 73118,20161129,   98,    0
 11348, 73118,20161130,   97,    0
 11348, 73118,20161201,   71,    0
 11348, 73118,20161202,   58,    0
 11348, 73118,20161203,   68,    0
 11348, 73118,20161204,  125,    0
 11348, 73118,20161205,  132,    0
 11348, 73118,20161206,   96,    0
 11348, 73118,20161207,   84,    0
 11348, 73118,20161208,   54,    0
 11348, 73118,20161209,   51,    0
 11348, 73118,20161210,   45,    0
 11348, 73118,20161211,   47,    0
 11348, 73118,20161212,   42,    0
 11348, 73118,20161213,   22,    0
 11348, 73118,20161214,   38,    0
 11348, 73118,20161215,   40,    0
 11348, 73118,20161216,   97,    0
 11348, 73118,20161217,   99,    0
 11348, 73118,20161218,   56,    0
 11348, 73118,20161219,   34,    0
 11348, 73118,20161220,   64,    0
 11348, 73118,20161221,   67,    0
 11348, 73118,20161222,   71,    0
 11348, 73118,20161223,   95,    0
 11348, 73118,20161224,   70,    0
 11348, 73118,20161225,   71,    0
 11348, 73118,20161226,   37,    0
 11348, 73118,20161227,   44,    0
 11348, 73118,20161228,   17,    0
 11348, 73118,20161229,    3,    0
 11348, 73118,20161230,    0,    0
 11348, 73118,20161231,    7,    0
 11348, 73118,20170101,   10,    0
 11348, 73118,20170102,    7,    0
 11348, 73118,20170103,   13,    0
 11348, 73118,20170104,   31,    0
 11348, 73118,20170105,   52,    0
 11348, 73118,20170106,   29,    0
 11348, 73118,20170107,   24,    0
 11348, 73118,20170108,   41,    0
 11348, 73118,20170109,   65,    0
 11348, 73118,20170110,   81,    0
 11348, 73118,20170111,   77,    0
 11348, 73118,20170112,  115,    0
 11348, 73118,20170113,   78,    0
 11348, 73118,20170114,   44,    0
 11348, 73118,20170115,   61,    0
 11348, 73118,20170116,   84,    0
 11348, 73118,20170117,   38,    0
 11348, 73118,20170118,   -9,    0
 11348, 73118,20170119,    8,    0
 11348, 73118,20170120,   68,    0
 11348, 73118,20170121,   62,    0
 11348, 73118,20170122,   51,    0
 11348, 73118,20170123,   55,    0
 11348, 73118,20170124,   65,    0
 11348, 73118,20170125,   47,    0
 11348, 73118,20170126,   59,    0
 11348, 73118,20170127,   90,    0
 11348, 73118,20170128,   75,    0
 11348, 73118,20170129,   72,    0
 11348, 73118,20170130,  100,    0
 11348, 73118,20170131,   98,    0
 11348, 73118,20170201,   92,    0
 11348, 73118,20170202,   78,    0
 11348, 73118,20170203,   92,    0
 11348, 73118,20170204,  126,    0
 11348, 73118,20170205,   90,    0
 11348, 73118,20170206,   98,    0
 11348, 73118,20170207,  124,    0
 11348, 73118,20170208,   72,    0
 11348, 73118,20170209,   66,    0
 11348, 73118,20170210,   80,    0
 11348, 73118,20170211,   92,    0
 11348, 73118,20170212,  111,    0
 11348, 73118,20170213,  112,    0
 11348, 73118,20170214,  106,    0
 11348, 73118,20170215,  113,    0
 11348, 73118,20170216,  113,    0
 11348, 73118,20170217,   88,    0
 11348, 73118,20170218,   85,    0
 11348, 73118,20170219,   77,    0
 11348, 73118,20170220,   81,    0
 11348, 73118,20170221,   86,    0
 11348, 73118,20170222,  111,    0
 11348, 73118,20170223,  112,    0
 11348, 73118,20170224,   96,    0
 11348, 73118,20170225,   81,    0
 11348, 73118,20170226,  100,    0
 11348, 73118,20170227,  116,    0
 11348, 73118,20170228,  123,    0
 11348, 73118,20170301,  105,    0
 11348, 73118,20170302,  118,    0
 11348, 73118,20170303,  102,    0
 11348, 73118,20170304,   77,    0
 11348, 73118,20170305,  107,    0
 11348, 73118,20170306,  146,    0
 11348, 73118,20170307,  136,    0
 11348, 73118,20170308,  150,    0
 11348, 73118,20170309,  169,    0
 11348, 73118,20170310,  174,    0
 11348, 73118,20170311,  146,    0
 11348, 73118,20170312,  136,    0
 11348, 73118,20170313,   97,    0
 11348, 73118,20170314,  119,    0
 11348, 73118,20170315,  118,    0
 11348, 73118,20170316,  128,    0
 11348, 73118,20170317,  129,    0
 11348, 73118,20170318,  134,    0
 11348, 73118,20170319,  142,    0
 11348, 73118,20170320,  139,    0
 11348, 73118,20170321,  127,    0
 11348, 73118,20170322,  115,    0
 11348, 73118,20170323,   86,    0
 11348, 73118,20170324,   67,    0
 11348, 73118,20170325,   86,    0
 11348, 73118,20170326,  119,    0
 11348, 73118,20170327,  110,    0
 11348, 73118,20170328,  119,    0
 11348, 73118,20170329,  146,    0
 11348, 73118,20170330,  141,    0
 11348, 73118,20170331,  136,    0
 11348, 73118,20170401,  123,    0
 11348, 73118,20170402,  120,    0
 11348, 73118,20170403,  119,    0
 11348, 73118,20170404,  142,    0
 11348, 73118,20170405,  121,    0
 11348, 73118,20170406,  135,    0
 11348, 73118,20170407,  129,    0
 11348, 73118,20170408,  147,    0
 11348, 73118,20170409,  146,    0
 11348, 73118,20170410,  157,    0
 11348, 73118,20170411,  174,    0
 11348, 73118,20170412,  151,    0
 11348, 73118,20170413,  175,    0
 11348, 73118,20170414,  184,    0
 11348, 73118,20170415,  158,    0
 11348, 73118,20170416,  151,    0
 11348, 73118,20170417,  154,    0
 11348, 73118,20170418,  163,    0
 11348, 73118,20170419,  118,    0
 11348, 73118,20170420,  107,    0
 11348, 73118,20170421,  111,    0
 11348, 73118,20170422,  127,    0
 11348, 73118,20170423,  142,    0
 11348, 73118,20170424,  149,    0
 11348, 73118,20170425,  148,    0
 11348, 73118,20170426,  122,    0
 11348, 73118,20170427,   67,    0
 11348, 73118,20170428,   91,    0
 11348, 73118,20170429,  109,    0
 11348, 73118,20170430,  141,    0
 11348, 73118,20170501,  119,    0
 11348, 73118,20170502,  145,    0
 11348, 73118,20170503,  145,    0
 11348, 73118,20170504,  157,    0
 11348, 73118,20170505,  155,    0
 11348, 73118,20170506,  177,    0
 11348, 73118,20170507,  182,    0
 11348, 73118,20170508,  174,    0
 11348, 73118,20170509,  155,    0
 11348, 73118,20170510,  165,    0
 11348, 73118,20170511,  174,    0
 11348, 73118,20170512,  170,    0
 11348, 73118,20170513,  179,    0
 11348, 73118,20170514,  192,    0
 11348, 73118,20170515,  196,    0
 11348, 73118,20170516,  211,    0
 11348, 73118,20170517,  204,    0
 11348, 73118,20170518,  154,    0
 11348, 73118,20170519,  144,    0
 11348, 73118,20170520,  166,    0
 11348, 73118,20170521,  178,    0
 11348, 73118,20170522,  194,    0
 11348, 73118,20170523,  204,    0
 11348, 73118,20170524,  229,    0
 11348, 73118,20170525,  242,    0
 11348, 73118,20170526,  218,    0
 11348, 73118,20170527,  195,    0
 11348, 73118,20170528,  207,    0
 11348, 73118,20170529,  207,    0
 11348, 73118,20170530,  197,    0
 11348, 73118,20170531,  202,    0
 11348, 73118,20170601,  210,    0
 11348, 73118,20170602,  215,    0
 11348, 73118,20170603,  198,    0
 11348, 73118,20170604,  156,    0
 11348, 73118,20170605,  166,    0
 11348, 73118,20170606,  205,    0
 11348, 73118,20170607,  187,    0
 11348, 73118,20170608,  201,    0
 11348, 73118,20170609,  213,    0
 11348, 73118,20170610,  234,    0
 11348, 73118,20170611,  253,    0
 11348, 73118,20170612,  249,    0
 11348, 73118,20170613,  259,    0
 11348, 73118,20170614,  266,    0
 11348, 73118,20170615,  267,    0
 11348, 73118,20170616,  262,    0
 11348, 73118,20170617,  263,    0
 11348, 73118,20170618,  255,    0
 11348, 73118,20170619,  248,    0
 11348, 73118,20170620,  252,    0
 11348, 73118,20170621,  261,    0
 11348, 73118,20170622,  266,    0
 11348, 73118,20170623,  269,    0
 11348, 73118,20170624,  253,    0
 11348, 73118,20170625,  244,    0
 11348, 73118,20170626,  254,    0
 11348, 73118,20170627,  239,    0
 11348, 73118,20170628,  226,    0
 11348, 73118,20170629,  200,    0
 11348, 73118,20170630,  191,    0
 11348, 73118,20170701,  185,    0
 11348, 73118,20170702,  206,    0
 11348, 73118,20170703,  222,    0
 11348, 73118,20170704,  233,    0
 11348, 73118,20170705,  233,    0
 11348, 73118,20170706,  255,    0
 11348, 73118,20170707,  263,    0
 11348, 73118,20170708,  239,    0
 11348, 73118,20170709,  242,    0
 11348, 73118,20170710,  244,    0
 11348, 73118,20170711,  249,    0
 11348, 73118,20170712,  275,    0
 11348, 73118,20170713,  261,    0
 11348, 73118,20170714,  250,    0
 11348, 73118,20170715,  245,    0
 11348, 73118,20170716,  254,    0
 11348, 73118,20170717,  247,    0
 11348, 73118,20170718,  248,    0
 11348, 73118,20170719,  250,    0
 11348, 73118,20170720,  241,    0
 11348, 73118,20170721,  226,    0
 11348, 73118,20170722,  239,    0
 11348, 73118,20170723,  212,    0
 11348, 73118,20170724,  233,    0
 11348, 73118,20170725,  216,    0
 11348, 73118,20170726,  221,    0
 11348, 73118,20170727,  257,    0
 11348, 73118,20170728,  253,    0
 11348, 73118,20170729,  252,    0
 11348, 73118,20170730,  260,    0
 11348, 73118,20170731,  250,    0
 11348, 73118,20170801,  247,    0
 11348, 73118,20170802,  272,    0
 11348, 73118,20170803,  300,    0
 11348, 73118,20170804,  295,    0
 11348, 73118,20170805,  273,    0
 11348, 73118,20170806,  234,    0
 11348, 73118,20170807,  248,    0
 11348, 73118,20170808,  242,    0
 11348, 73118,20170809,  188,    0
 11348, 73118,20170810,  189,    0
 11348, 73118,20170811,  198,    0
 11348, 73118,20170812,  208,    0
 11348, 73118,20170813,  228,    0
 11348, 73118,20170814,  237,    0
 11348, 73118,20170815,  235,    0
 11348, 73118,20170816,  254,    0
 11348, 73118,20170817,  251,    0
 11348, 73118,20170818,  267,    0
 11348, 73118,20170819,  237,    0
 11348, 73118,20170820,  231,    0
 11348, 73118,20170821,  245,    0
 11348, 73118,20170822,  245,    0
 11348, 73118,20170823,  242,    0
 11348, 73118,20170824,  249,    0
 11348, 73118,20170825,  248,    0
 11348, 73118,20170826,  250,    0
 11348, 73118,20170827,  244,    0
 11348, 73118,20170828,  248,    0
 11348, 73118,20170829,  216,    0
 11348, 73118,20170830,  216,    0
 11348, 73118,20170831,  209,    0
 11348, 73118,20170901,  203,    0
 11348, 73118,20170902,  191,    0
 11348, 73118,20170903,  211,    0
 11348, 73118,20170904,  227,    0
 11348, 73118,20170905,  236,    0
 11348, 73118,20170906,  229,    0
 11348, 73118,20170907,  204,    0
 11348, 73118,20170908,  204,    0
 11348, 73118,20170909,  181,    0
 11348, 73118,20170910,  176,    0
 11348, 73118,20170911,  225,    0
 11348, 73118,20170912,  194,    0
 11348, 73118,20170913,  213,    0
 11348, 73118,20170914,  222,    0
 11348, 73118,20170915,  125,    0
 11348, 73118,20170916,  144,    0
 11348, 73118,20170917,  165,    0
 11348, 73118,20170918,  186,    0
 11348, 73118,20170919,  178,    0
 11348, 73118,20170920,  175,    0
 11348, 73118,20170921,  203,    0
 11348, 73118,20170922,  187,    0
 11348, 73118,20170923,  191,    0
 11348, 73118,20170924,  211,    0
 11348, 73118,20170925,  202,    0
 11348, 73118,20170926,  189,    0
 11348, 73118,20170927,  200,    0
 11348, 73118,20170928,  203,    0
 11348, 73118,20170929,  203,    0
 11348, 73118,20170930,  186,    0
 11348, 73118,20171001,  192,    0
 11348, 73118,20171002,  207,    0
 11348, 73118,20171003,  207,    0
 11348, 73118,20171004,  206,    0
 11348, 73118,20171005,  213,    0
 11348, 73118,20171006,  194,    0
 11348, 73118,20171007,  162,    0
 11348, 73118,20171008,  176,    0
 11348, 73118,20171009,  171,    0
 11348, 73118,20171010,  184,    0
 11348, 73118,20171011,  197,    0
 11348, 73118,20171012,  202,    0
 11348, 73118,20171013,  207,    0
 11348, 73118,20171014,  203,    0
 11348, 73118,20171015,  201,    0
 11348, 73118,20171016,  193,    0
 11348, 73118,20171017,  186,    0
 11348, 73118,20171018,  176,    0
 11348, 73118,20171019,  129,    0
 11348, 73118,20171020,  159,    0
 11348, 73118,20171021,  174,    0
 11348, 73118,20171022,  144,    0
 11348, 73118,20171023,  134,    0
 11348, 73118,20171024,  166,    0
 11348, 73118,20171025,  172,    0
 11348, 73118,20171026,  170,    0
 11348, 73118,20171027,  179,    0
 11348, 73118,20171028,  161,    0
 11348, 73118,20171029,  139,    0
 11348, 73118,20171030,  151,    0
 11348, 73118,20171031,  126,    0
 11348, 73118,20171101,  159,    0
 11348, 73118,20171102,  171,    0
 11348, 73118,20171103,  169,    0
 11348, 73118,20171104,  155,    0
 11348, 73118,20171105,  123,    0
 11348, 73118,20171106,   94,    0
 11348, 73118,20171107,   86,    0
 11348, 73118,20171108,   93,    0
 11348, 73118,20171109,   84,    0
 11348, 73118,20171110,   98,    0
 11348, 73118,20171111,  131,    0
 11348, 73118,20171112,  138,    0
 11348, 73118,20171113,  103,    0
 11348, 73118,20171114,   73,    0
 11348, 73118,20171115,   67,    0
 11348, 73118,20171116,   76,    0
 11348, 73118,20171117,   94,    0
 11348, 73118,20171118,  100,    0
 11348, 73118,20171119,   82,    0
 11348, 73118,20171120,   88,    0
 11348, 73118,20171121,   87,    0
 11348, 73118,20171122,   95,    0
 11348, 73118,20171123,  113,    0
 11348, 73118,20171124,  141,    0
 11348, 73118,20171125,  116,    0
 11348, 73118,20171126,   78,    0
 11348, 73118,20171127,   56,    0
 11348, 73118,20171128,   51,    0
 11348, 73118,20171129,   68,    0
 11348, 73118,20171130,   52,    0
 11348, 73118,20171201,   45,    0
 11348, 73118,20171202,   35,    0
 11348, 73118,20171203,   32,    0
 11348, 73118,20171204,   54,    0
 11348, 73118,20171205,   51,    0
 11348, 73118,20171206,   39,    0
 11348, 73118,20171207,   29,    0
 11348, 73118,20171208,   65,    0
 11348, 73118,20171209,   79,    0
 11348, 73118,20171210,  110,    0
 11348, 73118,20171211,  108,    0
 11348, 73118,20171212,   64,    0
 11348, 73118,20171213,   55,    0
 11348, 73118,20171214,  110,    0
 11348, 73118,20171215,   97,    0
 11348, 73118,20171216,   64,    0
 11348, 73118,20171217,   55,    0
 11348, 73118,20171218,   72,    0
 11348, 73118,20171219,   64,    0
 11348, 73118,20171220,   47,    0
 11348, 73118,20171221,   63,    0
 11348, 73118,20171222,   82,    0
 11348, 73118,20171223,   68,    0
 11348, 73118,20171224,   46,    0
 11348, 73118,20171225,   33,    0
 11348, 73118,20171226,   49,    0
 11348, 73118,20171227,   75,    0
 11348, 73118,20171228,   76,    0
 11348, 73118,20171229,  108,    0
 11348, 73118,20171230,  134,    0
 11348, 73118,20171231,  100,    0
 11348, 73118,20180101,  104,    0
 11348, 73118,20180102,  127,    0
 11348, 73118,20180103,  154,    0
 11348, 73118,20180104,  158,    0
 11348, 73118,20180105,  122,    0
 11348, 73118,20180106,  104,    0
 11348, 73118,20180107,   64,    0
 11348, 73118,20180108,   38,    0
 11348, 73118,20180109,   45,    0
 11348, 73118,20180110,   70,    0
 11348, 73118,20180111,   68,    0
 11348, 73118,20180112,   60,    0
 11348, 73118,20180113,   71,    0
 11348, 73118,20180114,   60,    0
 11348, 73118,20180115,   71,    0
 11348, 73118,20180116,  112,    0
 11348, 73118,20180117,  110,    0
 11348, 73118,20180118,   79,    0
 11348, 73118,20180119,   94,    0
 11348, 73118,20180120,  108,    0
 11348, 73118,20180121,  146,    0
 11348, 73118,20180122,  137,    0
 11348, 73118,20180123,  126,    0
 11348, 73118,20180124,  110,    0
 11348, 73118,20180125,  105,    0
 11348, 73118,20180126,   55,    0
 11348, 73118,20180127,   57,    0
 11348, 73118,20180128,   69,    0
 11348, 73118,20180129,   73,    0
 11348, 73118,20180130,   78,    0
 11348, 73118,20180131,   71,    0
 11348, 73118,20180201,   55,    0
 11348, 73118,20180202,   46,    0
 11348, 73118,20180203,   57,    0
 11348, 73118,20180204,   47,    0
 11348, 73118,20180205,   40,    0
 11348, 73118,20180206,   22,    0
 11348, 73118,20180207,   30,    0
 11348, 73118,20180208,   17,    0
 11348, 73118,20180209,   31,    0
 11348, 73118,20180210,   49,    0
 11348, 73118,20180211,   87,    0
 11348, 73118,20180212,   69,    0
 11348, 73118,20180213,   38,    0
 11348, 73118,20180214,   94,    0
 11348, 73118,20180215,  126,    0
 11348, 73118,20180216,  127,    0
 11348, 73118,20180217,  105,    0
 11348, 73118,20180218,   88,    0
 11348, 73118,20180219,  106,    0
 11348, 73118,20180220,  107,    0
 11348, 73118,20180221,   83,    0
 11348, 73118,20180222,   50,    0
 11348, 73118,20180223,   39,    0
 11348, 73118,20180224,   41,    0
 11348, 73118,20180225,   65,    0
 11348, 73118,20180226,   61,    0
 11348, 73118,20180227,    1,    0
 11348, 73118,20180228,   41,    0
 11348, 73118,20180301,   96,    0
 11348, 73118,20180302,   91,    0
 11348, 73118,20180303,  118,    0
 11348, 73118,20180304,  108,    0
 11348, 73118,20180305,   99,    0
 11348, 73118,20180306,   94,    0
 11348, 73118,20180307,   88,    0
 11348, 73118,20180308,  109,    0
 11348, 73118,20180309,  128,    0
 11348, 73118,20180310,  131,    0
 11348, 73118,20180311,  123,    0
 11348, 73118,20180312,  117,    0
 11348, 73118,20180313,  105,    0
 11348, 73118,20180314,  115,    0
 11348, 73118,20180315,  112,    0
 11348, 73118,20180316,  105,    0
 11348, 73118,20180317,   69,    0
 11348, 73118,20180318,   80,    0
 11348, 73118,20180319,   66,    0
 11348, 73118,20180320,   49,    0
 11348, 73118,20180321,   58,    0
 11348, 73118,20180322,   67,    0
 11348, 73118,20180323,  113,    0
 11348, 73118,20180324,   81,    0
 11348, 73118,20180325,   91,    0
 11348, 73118,20180326,   98,    0
 11348, 73118,20180327,  126,    0
 11348, 73118,20180328,  168,    0
 11348, 73118,20180329,  131,    0
 11348, 73118,20180330,  100,    0
 11348, 73118,20180331,  102,    0
 11348, 73118,20180401,  109,    0
 11348, 73118,20180402,  121,    0
 11348, 73118,20180403,  137,    0
 11348, 73118,20180404,  145,    0
 11348, 73118,20180405,  137,    0
 11348, 73118,20180406,  130,    0
 11348, 73118,20180407,  125,    0
 11348, 73118,20180408,  106,    0
 11348, 73118,20180409,  100,    0
 11348, 73118,20180410,   93,    0
 11348, 73118,20180411,   73,    0
 11348, 73118,20180412,  105,    0
 11348, 73118,20180413,  111,    0
 11348, 73118,20180414,  100,    0
 11348, 73118,20180415,  148,    0
 11348, 73118,20180416,  114,    0
 11348, 73118,20180417,  151,    0
 11348, 73118,20180418,  173,    0
 11348, 73118,20180419,  158,    0
 11348, 73118,20180420,  157,    0
 11348, 73118,20180421,  162,    0
 11348, 73118,20180422,  173,    0
 11348, 73118,20180423,  185,    0
 11348, 73118,20180424,  184,    0
 11348, 73118,20180425,  186,    0
 11348, 73118,20180426,  169,    0
 11348, 73118,20180427,  175,    0
 11348, 73118,20180428,  150,    0
 11348, 73118,20180429,  128,    0
 11348, 73118,20180430,  115,    0
 11348, 73118,20180501,  100,    0
 11348, 73118,20180502,  128,    0
 11348, 73118,20180503,  136,    0
 11348, 73118,20180504,  136,    0
 11348, 73118,20180505,  149,    0
 11348, 73118,20180506,  156,    0
 11348, 73118,20180507,  168,    0
 11348, 73118,20180508,  173,    0
 11348, 73118,20180509,  175,    0
 11348, 73118,20180510,  163,    0
 11348, 73118,20180511,  165,    0
 11348, 73118,20180512,  148,    0
 11348, 73118,20180513,  121,    0
 11348, 73118,20180514,  130,    0
 11348, 73118,20180515,  150,    0
 11348, 73118,20180516,  168,    0
 11348, 73118,20180517,  165,    0
 11348, 73118,20180518,  167,    0
 11348, 73118,20180519,  174,    0
 11348, 73118,20180520,  166,    0
 11348, 73118,20180521,  168,    0
 11348, 73118,20180522,  177,    0
 11348, 73118,20180523,  185,    0
 11348, 73118,20180524,  196,    0
 11348, 73118,20180525,  185,    0
 11348, 73118,20180526,  175,    0
 11348, 73118,20180527,  188,    0
 11348, 73118,20180528,  161,    0
 11348, 73118,20180529,  185,    0
 11348, 73118,20180530,  151,    0
 11348, 73118,20180531,  180,    0
 11348, 73118,20180601,  200,    0
 11348, 73118,20180602,  192,    0
 11348, 73118,20180603,  175,    0
 11348, 73118,20180604,  190,    0
 11348, 73118,20180605,  186,    0
 11348, 73118,20180606,  162,    0
 11348, 73118,20180607,  175,    0
 11348, 73118,20180608,  200,    0
 11348, 73118,20180609,  199,    0
 11348, 73118,20180610,  193,    0
 11348, 73118,20180611,  211,    0
 11348, 73118,20180612,  195,    0
 11348, 73118,20180613,  190,    0
 11348, 73118,20180614,  195,    0
 11348, 73118,20180615,  202,    0
 11348, 73118,20180616,  215,    0
 11348, 73118,20180617,  214,    0
 11348, 73118,20180618,  225,    0
 11348, 73118,20180619,  220,    0
 11348, 73118,20180620,  233,    0
 11348, 73118,20180621,  254,    0
 11348, 73118,20180622,  251,    0
 11348, 73118,20180623,  222,    0
 11348, 73118,20180624,  229,    0
 11348, 73118,20180625,  231,    0
 11348, 73118,20180626,  236,    0
 11348, 73118,20180627,  235,    0
 11348, 73118,20180628,  232,    0
 11348, 73118,20180629,  237,    0
 11348, 73118,20180630,  235,    0
 11348, 73118,20180701,  241,    0
 11348, 73118,20180702,  252,    0
 11348, 73118,20180703,  254,    0
 11348, 73118,20180704,  239,    0
 11348, 73118,20180705,  244,    0
 11348, 73118,20180706,  235,    0
 11348, 73118,20180707,  245,    0
 11348, 73118,20180708,  252,    0
 11348, 73118,20180709,  255,    0
 11348, 73118,20180710,  257,    0
 11348, 73118,20180711,  240,    0
 11348, 73118,20180712,  233,    0
 11348, 73118,20180713,  237,    0
 11348, 73118,20180714,  252,    0
 11348, 73118,20180715,  262,    0
 11348, 73118,20180716,  244,    0
 11348, 73118,20180717,  242,    0
 11348, 73118,20180718,  249,    0
 11348, 73118,20180719,  249,    0
 11348, 73118,20180720,  237,    0
 11348, 73118,20180721,  222,    0
 11348, 73118,20180722,  217,    0
 11348, 73118,20180723,  237,    0
 11348, 73118,20180724,  255,    0
 11348, 73118,20180725,  252,    0
 11348, 73118,20180726,  262,    0
 11348, 73118,20180727,  259,    0
 11348, 73118,20180728,  266,    0
 11348, 73118,20180729,  267,    0
 11348, 73118,20180730,  263,    0
 11348, 73118,20180731,  272,    0
 11348, 73118,20180801,  271,    0
 11348, 73118,20180802,  279,    0
 11348, 73118,20180803,  283,    0
 11348, 73118,20180804,  301,    0
 11348, 73118,20180805,  290,    0
 11348, 73118,20180806,  282,    0
 11348, 73118,20180807,  268,    0
 11348, 73118,20180808,  265,    0
 11348, 73118,20180809,  235,    0
 11348, 73118,20180810,  216,    0
 11348, 73118,20180811,  240,    0
 11348, 73118,20180812,  252,    0
 11348, 73118,20180813,  256,    0
 11348, 73118,20180814,  238,    0
 11348, 73118,20180815,  228,    0
 11348, 73118,20180816,  246,    0
 11348, 73118,20180817,  214,    0
 11348, 73118,20180818,  201,    0
 11348, 73118,20180819,  229,    0
 11348, 73118,20180820,  248,    0
 11348, 73118,20180821,  246,    0
 11348, 73118,20180822,  245,    0
 11348, 73118,20180823,  249,    0
 11348, 73118,20180824,  244,    0
 11348, 73118,20180825,  219,    0
 11348, 73118,20180826,  214,    0
 11348, 73118,20180827,  235,    0
 11348, 73118,20180828,  241,    0
 11348, 73118,20180829,  239,    0
 11348, 73118,20180830,  229,    0
 11348, 73118,20180831,  234,    0
 11348, 73118,20180901,  229,    0
 11348, 73118,20180902,  240,    0
 11348, 73118,20180903,  243,    0
 11348, 73118,20180904,  237,    0
 11348, 73118,20180905,  218,    0
 11348, 73118,20180906,  217,    0
 11348, 73118,20180907,  211,    0
 11348, 73118,20180908,  220,    0
 11348, 73118,20180909,  223,    0
 11348, 73118,20180910,  214,    0
 11348, 73118,20180911,  225,    0
 11348, 73118,20180912,  225,    0
 11348, 73118,20180913,  222,    0
 11348, 73118,20180914,  220,    0
 11348, 73118,20180915,  197,    0
 11348, 73118,20180916,  212,    0
 11348, 73118,20180917,  222,    0
 11348, 73118,20180918,  210,    0
 11348, 73118,20180919,  218,    0
 11348, 73118,20180920,  229,    0
 11348, 73118,20180921,  243,    0
 11348, 73118,20180922,  240,    0
 11348, 73118,20180923,  244,    0
 11348, 73118,20180924,  226,    0
 11348, 73118,20180925,  170,    0
 11348, 73118,20180926,  196,    0
 11348, 73118,20180927,  190,    0
 11348, 73118,20180928,  201,    0
 11348, 73118,20180929,  220,    0
 11348, 73118,20180930,  217,    0
 11348, 73118,20181001,  171,    0
 11348, 73118,20181002,  159,    0
 11348, 73118,20181003,  184,    0
 11348, 73118,20181004,  185,    0
 11348, 73118,20181005,  192,    0
 11348, 73118,20181006,  201,    0
 11348, 73118,20181007,  154,    0
 11348, 73118,20181008,  127,    0
 11348, 73118,20181009,  152,    0
 11348, 73118,20181010,  172,    0
 11348, 73118,20181011,  188,    0
 11348, 73118,20181012,  200,    0
 11348, 73118,20181013,  208,    0
 11348, 73118,20181014,  181,    0
 11348, 73118,20181015,  151,    0
 11348, 73118,20181016,  144,    0
 11348, 73118,20181017,  162,    0
 11348, 73118,20181018,  154,    0
 11348, 73118,20181019,  163,    0
 11348, 73118,20181020,  156,    0
 11348, 73118,20181021,  159,    0
 11348, 73118,20181022,  164,    0
 11348, 73118,20181023,  134,    0
 11348, 73118,20181024,  148,    0
 11348, 73118,20181025,  153,    0
 11348, 73118,20181026,  154,    0
 11348, 73118,20181027,  101,    0
 11348, 73118,20181028,   67,    0
 11348, 73118,20181029,   62,    0
 11348, 73118,20181030,   95,    0
 11348, 73118,20181031,  108,    0
 11348, 73118,20181101,   89,    0
 11348, 73118,20181102,  102,    0
 11348, 73118,20181103,   93,    0
 11348, 73118,20181104,  101,    0
 11348, 73118,20181105,  121,    0
 11348, 73118,20181106,   97,    0
 11348, 73118,20181107,  111,    0
 11348, 73118,20181108,  125,    0
 11348, 73118,20181109,  108,    0
 11348, 73118,20181110,  120,    0
 11348, 73118,20181111,  152,    0
 11348, 73118,20181112,  157,    0
 11348, 73118,20181113,  137,    0
 11348, 73118,20181114,  152,    0
 11348, 73118,20181115,  141,    0
 11348, 73118,20181116,  134,    0
 11348, 73118,20181117,  129,    0
 11348, 73118,20181118,  110,    0
 11348, 73118,20181119,  110,    0
 11348, 73118,20181120,   97,    0
 11348, 73118,20181121,   97,    0
 11348, 73118,20181122,   93,    0
 11348, 73118,20181123,   87,    0
 11348, 73118,20181124,   75,    0
 11348, 73118,20181125,   74,    0
 11348, 73118,20181126,   79,    0
 11348, 73118,20181127,   92,    0
 11348, 73118,20181128,   90,    0
 11348, 73118,20181129,   79,    0
 11348, 73118,20181130,   92,    0
 11348, 73118,20181201,   87,    0
 11348, 73118,20181202,  109,    0
 11348, 73118,20181203,  114,    0
 11348, 73118,20181204,  117,    0
 11348, 73118,20181205,   87,    0
 11348, 73118,20181206,  104,    0
 11348, 73118,20181207,  100,    0
 11348, 73118,20181208,  106,    0
 11348, 73118,20181209,  121,    0
 11348, 73118,20181210,   93,    0
 11348, 73118,20181211,   68,    0
 11348, 73118,20181212,   85,    0
 11348, 73118,20181213,   77,    0
 11348, 73118,20181214,   89,    0
 11348, 73118,20181215,   90,    0
 11348, 73118,20181216,  107,    0
 11348, 73118,20181217,   75,    0
 11348, 73118,20181218,   75,    0
 11348, 73118,20181219,   91,    0
 11348, 73118,20181220,   84,    0
 11348, 73118,20181221,   93,    0
 11348, 73118,20181222,  101,    0
 11348, 73118,20181223,   94,    0
 11348, 73118,20181224,   70,    0
 11348, 73118,20181225,   68,    0
 11348, 73118,20181226,   56,    0
 11348, 73118,20181227,   46,    0
 11348, 73118,20181228,   46,    0
 11348, 73118,20181229,   69,    0
 11348, 73118,20181230,   48,    0
 11348, 73118,20181231,   55,    0
 11348, 73118,20190101,-9999,    9
 11348, 73118,20190102,-9999,    9
 11348, 73118,20190103,-9999,    9
 11348, 73118,20190104,-9999,    9
 11348, 73118,20190105,-9999,    9
 11348, 73118,20190106,-9999,    9
 11348, 73118,20190107,-9999,    9
 11348, 73118,20190108,-9999,    9
 11348, 73118,20190109,-9999,    9
 11348, 73118,20190110,-9999,    9
 11348, 73118,20190111,-9999,    9
 11348, 73118,20190112,-9999,    9
 11348, 73118,20190113,-9999,    9
 11348, 73118,20190114,-9999,    9
 11348, 73118,20190115,-9999,    9
 11348, 73118,20190116,-9999,    9
 11348, 73118,20190117,-9999,    9
 11348, 73118,20190118,-9999,    9
 11348, 73118,20190119,-9999,    9
 11348, 73118,20190120,-9999,    9
 11348, 73118,20190121,-9999,    9
 11348, 73118,20190122,-9999,    9
 11348, 73118,20190123,-9999,    9
 11348, 73118,20190124,-9999,    9
 11348, 73118,20190125,-9999,    9
 11348, 73118,20190126,-9999,    9
 11348, 73118,20190127,-9999,    9
 11348, 73118,20190128,-9999,    9
 11348, 73118,20190129,-9999,    9
 11348, 73118,20190130,-9999,    9
 11348, 73118,20190131,-9999,    9
 11348, 73118,20190201,-9999,    9
 11348, 73118,20190202,-9999,    9
 11348, 73118,20190203,-9999,    9
 11348, 73118,20190204,-9999,    9
 11348, 73118,20190205,-9999,    9
 11348, 73118,20190206,-9999,    9
 11348, 73118,20190207,-9999,    9
 11348, 73118,20190208,-9999,    9
 11348, 73118,20190209,-9999,    9
 11348, 73118,20190210,-9999,    9
 11348, 73118,20190211,-9999,    9
 11348, 73118,20190212,-9999,    9
 11348, 73118,20190213,-9999,    9
 11348, 73118,20190214,-9999,    9
 11348, 73118,20190215,-9999,    9
 11348, 73118,20190216,-9999,    9
 11348, 73118,20190217,-9999,    9
 11348, 73118,20190218,-9999,    9
 11348, 73118,20190219,-9999,    9
 11348, 73118,20190220,-9999,    9
 11348, 73118,20190221,-9999,    9
 11348, 73118,20190222,-9999,    9
 11348, 73118,20190223,-9999,    9
 11348, 73118,20190224,-9999,    9
 11348, 73118,20190225,-9999,    9
 11348, 73118,20190226,-9999,    9
 11348, 73118,20190227,-9999,    9
 11348, 73118,20190228,-9999,    9
 11348, 73118,20190301,-9999,    9
 11348, 73118,20190302,-9999,    9
 11348, 73118,20190303,-9999,    9
 11348, 73118,20190304,-9999,    9
 11348, 73118,20190305,-9999,    9
 11348, 73118,20190306,-9999,    9
 11348, 73118,20190307,-9999,    9
 11348, 73118,20190308,-9999,    9
 11348, 73118,20190309,-9999,    9
 11348, 73118,20190310,-9999,    9
 11348, 73118,20190311,-9999,    9
 11348, 73118,20190312,-9999,    9
 11348, 73118,20190313,-9999,    9
 11348, 73118,20190314,-9999,    9
 11348, 73118,20190315,-9999,    9
 11348, 73118,20190316,-9999,    9
 11348, 73118,20190317,-9999,    9
 11348, 73118,20190318,-9999,    9
 11348, 73118,20190319,-9999,    9
 11348, 73118,20190320,-9999,    9
 11348, 73118,20190321,-9999,    9
 11348, 73118,20190322,-9999,    9
 11348, 73118,20190323,-9999,    9
 11348, 73118,20190324,-9999,    9
 11348, 73118,20190325,-9999,    9
 11348, 73118,20190326,-9999,    9
 11348, 73118,20190327,-9999,    9
 11348, 73118,20190328,-9999,    9
 11348, 73118,20190329,-9999,    9
 11348, 73118,20190330,-9999,    9
 11348, 73118,20190331,-9999,    9
 11348, 73118,20190401,-9999,    9
 11348, 73118,20190402,-9999,    9
 11348, 73118,20190403,-9999,    9
 11348, 73118,20190404,-9999,    9
 11348, 73118,20190405,-9999,    9
 11348, 73118,20190406,-9999,    9
 11348, 73118,20190407,-9999,    9
 11348, 73118,20190408,-9999,    9
 11348, 73118,20190409,-9999,    9
 11348, 73118,20190410,-9999,    9
 11348, 73118,20190411,-9999,    9
 11348, 73118,20190412,-9999,    9
 11348, 73118,20190413,-9999,    9
 11348, 73118,20190414,-9999,    9
 11348, 73118,20190415,-9999,    9
 11348, 73118,20190416,-9999,    9
 11348, 73118,20190417,-9999,    9
 11348, 73118,20190418,-9999,    9
 11348, 73118,20190419,-9999,    9
 11348, 73118,20190420,-9999,    9
 11348, 73118,20190421,-9999,    9
 11348, 73118,20190422,-9999,    9
 11348, 73118,20190423,-9999,    9
 11348, 73118,20190424,-9999,    9
 11348, 73118,20190425,-9999,    9
 11348, 73118,20190426,-9999,    9
 11348, 73118,20190427,-9999,    9
 11348, 73118,20190428,-9999,    9
 11348, 73118,20190429,-9999,    9
 11348, 73118,20190430,-9999,    9
