EUROPEAN CLIMATE ASSESSMENT & DATASET (ECA&D), file created on: 13-05-2019
THESE DATA CAN BE USED FOR NON-COMMERCIAL RESEARCH AND EDUCATION PROVIDED THAT THE FOLLOWING SOURCE IS ACKNOWLEDGED: 

Klein Tank, A.M.G. and Coauthors, 2002. Daily dataset of 20th-century surface
air temperature and precipitation series for the European Climate Assessment.
Int. J. of Climatol., 22, 1441-1453.
Data and metadata available at http://www.ecad.eu

FILE FORMAT (MISSING VALUE CODE = -9999):

01-06 STAID: Station identifier
08-13 SOUID: Source identifier
15-22 DATE : Date YYYYMMDD
24-28 TG   : Mean temperature in 0.1 &#176;C
30-34 Q_TG : quality code for TG (0='valid'; 1='suspect'; 9='missing')

This is the blended series of station ULM-MAEHRINGEN, GERMANY (STAID: 11780)
Blended and updated with sources:81372 
See files sources.txt and stations.txt for more info.

STAID, SOUID,    DATE,   TG, Q_TG
 11780, 81372,20140901,  116,    0
 11780, 81372,20140902,  127,    0
 11780, 81372,20140903,  138,    0
 11780, 81372,20140904,  143,    0
 11780, 81372,20140905,  167,    0
 11780, 81372,20140906,  164,    0
 11780, 81372,20140907,  171,    0
 11780, 81372,20140908,  176,    0
 11780, 81372,20140909,  166,    0
 11780, 81372,20140910,  140,    0
 11780, 81372,20140911,  114,    0
 11780, 81372,20140912,  107,    0
 11780, 81372,20140913,  131,    0
 11780, 81372,20140914,  150,    0
 11780, 81372,20140915,  144,    0
 11780, 81372,20140916,  125,    0
 11780, 81372,20140917,  131,    0
 11780, 81372,20140918,  150,    0
 11780, 81372,20140919,  160,    0
 11780, 81372,20140920,  160,    0
 11780, 81372,20140921,  137,    0
 11780, 81372,20140922,   85,    0
 11780, 81372,20140923,   77,    0
 11780, 81372,20140924,   91,    0
 11780, 81372,20140925,   96,    0
 11780, 81372,20140926,  109,    0
 11780, 81372,20140927,  124,    0
 11780, 81372,20140928,  106,    0
 11780, 81372,20140929,  130,    0
 11780, 81372,20140930,  151,    0
 11780, 81372,20141001,  147,    0
 11780, 81372,20141002,  122,    0
 11780, 81372,20141003,  117,    0
 11780, 81372,20141004,   94,    0
 11780, 81372,20141005,  110,    0
 11780, 81372,20141006,  102,    0
 11780, 81372,20141007,  123,    0
 11780, 81372,20141008,  143,    0
 11780, 81372,20141009,  151,    0
 11780, 81372,20141010,  143,    0
 11780, 81372,20141011,  140,    0
 11780, 81372,20141012,  131,    0
 11780, 81372,20141013,  128,    0
 11780, 81372,20141014,  127,    0
 11780, 81372,20141015,  129,    0
 11780, 81372,20141016,  134,    0
 11780, 81372,20141017,  120,    0
 11780, 81372,20141018,  103,    0
 11780, 81372,20141019,  139,    0
 11780, 81372,20141020,  147,    0
 11780, 81372,20141021,  117,    0
 11780, 81372,20141022,   46,    0
 11780, 81372,20141023,   60,    0
 11780, 81372,20141024,   65,    0
 11780, 81372,20141025,   65,    0
 11780, 81372,20141026,   87,    0
 11780, 81372,20141027,   60,    0
 11780, 81372,20141028,   50,    0
 11780, 81372,20141029,   73,    0
 11780, 81372,20141030,   86,    0
 11780, 81372,20141031,   93,    0
 11780, 81372,20141101,   79,    0
 11780, 81372,20141102,   80,    0
 11780, 81372,20141103,  101,    0
 11780, 81372,20141104,   81,    0
 11780, 81372,20141105,   58,    0
 11780, 81372,20141106,   33,    0
 11780, 81372,20141107,   46,    0
 11780, 81372,20141108,   64,    0
 11780, 81372,20141109,   47,    0
 11780, 81372,20141110,   55,    0
 11780, 81372,20141111,   54,    0
 11780, 81372,20141112,   66,    0
 11780, 81372,20141113,   80,    0
 11780, 81372,20141114,   62,    0
 11780, 81372,20141115,   62,    0
 11780, 81372,20141116,   59,    0
 11780, 81372,20141117,   30,    0
 11780, 81372,20141118,   49,    0
 11780, 81372,20141119,   47,    0
 11780, 81372,20141120,   25,    0
 11780, 81372,20141121,   37,    0
 11780, 81372,20141122,   51,    0
 11780, 81372,20141123,   36,    0
 11780, 81372,20141124,   71,    0
 11780, 81372,20141125,   49,    0
 11780, 81372,20141126,   26,    0
 11780, 81372,20141127,   25,    0
 11780, 81372,20141128,    9,    0
 11780, 81372,20141129,    0,    0
 11780, 81372,20141130,    0,    0
 11780, 81372,20141201,   11,    0
 11780, 81372,20141202,   13,    0
 11780, 81372,20141203,   10,    0
 11780, 81372,20141204,   16,    0
 11780, 81372,20141205,    9,    0
 11780, 81372,20141206,   11,    0
 11780, 81372,20141207,   13,    0
 11780, 81372,20141208,   14,    0
 11780, 81372,20141209,    0,    0
 11780, 81372,20141210,   -3,    0
 11780, 81372,20141211,   32,    0
 11780, 81372,20141212,   49,    0
 11780, 81372,20141213,   63,    0
 11780, 81372,20141214,   79,    0
 11780, 81372,20141215,   68,    0
 11780, 81372,20141216,   48,    0
 11780, 81372,20141217,   21,    0
 11780, 81372,20141218,   66,    0
 11780, 81372,20141219,   83,    0
 11780, 81372,20141220,   40,    0
 11780, 81372,20141221,   30,    0
 11780, 81372,20141222,   32,    0
 11780, 81372,20141223,   40,    0
 11780, 81372,20141224,   32,    0
 11780, 81372,20141225,   31,    0
 11780, 81372,20141226,  -10,    0
 11780, 81372,20141227,  -14,    0
 11780, 81372,20141228,  -65,    0
 11780, 81372,20141229,  -90,    0
 11780, 81372,20141230,  -23,    0
 11780, 81372,20141231,  -13,    0
 11780, 81372,20150101,  -22,    0
 11780, 81372,20150102,  -15,    0
 11780, 81372,20150103,   13,    0
 11780, 81372,20150104,    6,    0
 11780, 81372,20150105,  -11,    0
 11780, 81372,20150106,  -35,    0
 11780, 81372,20150107,    0,    0
 11780, 81372,20150108,   32,    0
 11780, 81372,20150109,   55,    0
 11780, 81372,20150110,  117,    0
 11780, 81372,20150111,   24,    0
 11780, 81372,20150112,   28,    0
 11780, 81372,20150113,   52,    0
 11780, 81372,20150114,   43,    0
 11780, 81372,20150115,   26,    0
 11780, 81372,20150116,   39,    0
 11780, 81372,20150117,   10,    0
 11780, 81372,20150118,   -8,    0
 11780, 81372,20150119,  -10,    0
 11780, 81372,20150120,   -8,    0
 11780, 81372,20150121,  -13,    0
 11780, 81372,20150122,  -16,    0
 11780, 81372,20150123,  -12,    0
 11780, 81372,20150124,   -9,    0
 11780, 81372,20150125,   -9,    0
 11780, 81372,20150126,  -13,    0
 11780, 81372,20150127,    1,    0
 11780, 81372,20150128,   -3,    0
 11780, 81372,20150129,    3,    0
 11780, 81372,20150130,   -9,    0
 11780, 81372,20150131,  -12,    0
 11780, 81372,20150201,  -18,    0
 11780, 81372,20150202,  -22,    0
 11780, 81372,20150203,  -88,    0
 11780, 81372,20150204,  -76,    0
 11780, 81372,20150205,  -42,    0
 11780, 81372,20150206,  -47,    0
 11780, 81372,20150207,  -72,    0
 11780, 81372,20150208,  -33,    0
 11780, 81372,20150209,  -22,    0
 11780, 81372,20150210,    0,    0
 11780, 81372,20150211,  -15,    0
 11780, 81372,20150212,  -34,    0
 11780, 81372,20150213,  -44,    0
 11780, 81372,20150214,  -41,    0
 11780, 81372,20150215,  -31,    0
 11780, 81372,20150216,  -24,    0
 11780, 81372,20150217,  -31,    0
 11780, 81372,20150218,  -26,    0
 11780, 81372,20150219,  -19,    0
 11780, 81372,20150220,   13,    0
 11780, 81372,20150221,    5,    0
 11780, 81372,20150222,    2,    0
 11780, 81372,20150223,   -3,    0
 11780, 81372,20150224,   18,    0
 11780, 81372,20150225,    1,    0
 11780, 81372,20150226,  -10,    0
 11780, 81372,20150227,  -12,    0
 11780, 81372,20150228,    7,    0
 11780, 81372,20150301,   23,    0
 11780, 81372,20150302,   40,    0
 11780, 81372,20150303,   32,    0
 11780, 81372,20150304,   21,    0
 11780, 81372,20150305,   11,    0
 11780, 81372,20150306,   13,    0
 11780, 81372,20150307,   17,    0
 11780, 81372,20150308,   38,    0
 11780, 81372,20150309,   53,    0
 11780, 81372,20150310,   54,    0
 11780, 81372,20150311,   39,    0
 11780, 81372,20150312,   12,    0
 11780, 81372,20150313,    9,    0
 11780, 81372,20150314,   16,    0
 11780, 81372,20150315,   29,    0
 11780, 81372,20150316,   57,    0
 11780, 81372,20150317,   79,    0
 11780, 81372,20150318,   81,    0
 11780, 81372,20150319,   59,    0
 11780, 81372,20150320,   47,    0
 11780, 81372,20150321,   46,    0
 11780, 81372,20150322,   31,    0
 11780, 81372,20150323,   36,    0
 11780, 81372,20150324,   57,    0
 11780, 81372,20150325,   81,    0
 11780, 81372,20150326,   44,    0
 11780, 81372,20150327,   51,    0
 11780, 81372,20150328,   60,    0
 11780, 81372,20150329,   83,    0
 11780, 81372,20150330,   64,    0
 11780, 81372,20150331,   74,    0
 11780, 81372,20150401,   23,    0
 11780, 81372,20150402,   22,    0
 11780, 81372,20150403,   38,    0
 11780, 81372,20150404,   19,    0
 11780, 81372,20150405,   20,    0
 11780, 81372,20150406,   11,    0
 11780, 81372,20150407,   21,    0
 11780, 81372,20150408,   55,    0
 11780, 81372,20150409,   86,    0
 11780, 81372,20150410,  111,    0
 11780, 81372,20150411,  115,    0
 11780, 81372,20150412,  115,    0
 11780, 81372,20150413,  110,    0
 11780, 81372,20150414,  116,    0
 11780, 81372,20150415,  146,    0
 11780, 81372,20150416,  154,    0
 11780, 81372,20150417,  106,    0
 11780, 81372,20150418,   54,    0
 11780, 81372,20150419,   63,    0
 11780, 81372,20150420,   86,    0
 11780, 81372,20150421,  111,    0
 11780, 81372,20150422,  103,    0
 11780, 81372,20150423,   54,    0
 11780, 81372,20150424,   91,    0
 11780, 81372,20150425,  104,    0
 11780, 81372,20150426,  140,    0
 11780, 81372,20150427,  137,    0
 11780, 81372,20150428,   63,    0
 11780, 81372,20150429,   65,    0
 11780, 81372,20150430,   85,    0
 11780, 81372,20150501,   70,    0
 11780, 81372,20150502,   98,    0
 11780, 81372,20150503,  131,    0
 11780, 81372,20150504,  157,    0
 11780, 81372,20150505,  157,    0
 11780, 81372,20150506,  118,    0
 11780, 81372,20150507,  111,    0
 11780, 81372,20150508,  139,    0
 11780, 81372,20150509,  143,    0
 11780, 81372,20150510,  135,    0
 11780, 81372,20150511,  147,    0
 11780, 81372,20150512,  185,    0
 11780, 81372,20150513,  170,    0
 11780, 81372,20150514,  141,    0
 11780, 81372,20150515,  106,    0
 11780, 81372,20150516,  124,    0
 11780, 81372,20150517,  129,    0
 11780, 81372,20150518,  146,    0
 11780, 81372,20150519,  119,    0
 11780, 81372,20150520,   80,    0
 11780, 81372,20150521,   87,    0
 11780, 81372,20150522,   99,    0
 11780, 81372,20150523,  110,    0
 11780, 81372,20150524,  128,    0
 11780, 81372,20150525,  121,    0
 11780, 81372,20150526,  100,    0
 11780, 81372,20150527,   88,    0
 11780, 81372,20150528,  118,    0
 11780, 81372,20150529,  141,    0
 11780, 81372,20150530,  123,    0
 11780, 81372,20150531,  135,    0
 11780, 81372,20150601,  149,    0
 11780, 81372,20150602,  168,    0
 11780, 81372,20150603,  189,    0
 11780, 81372,20150604,  187,    0
 11780, 81372,20150605,  207,    0
 11780, 81372,20150606,  224,    0
 11780, 81372,20150607,  204,    0
 11780, 81372,20150608,  151,    0
 11780, 81372,20150609,  112,    0
 11780, 81372,20150610,  131,    0
 11780, 81372,20150611,  167,    0
 11780, 81372,20150612,  196,    0
 11780, 81372,20150613,  182,    0
 11780, 81372,20150614,  185,    0
 11780, 81372,20150615,  155,    0
 11780, 81372,20150616,  149,    0
 11780, 81372,20150617,  136,    0
 11780, 81372,20150618,  125,    0
 11780, 81372,20150619,  116,    0
 11780, 81372,20150620,  102,    0
 11780, 81372,20150621,  124,    0
 11780, 81372,20150622,  134,    0
 11780, 81372,20150623,  110,    0
 11780, 81372,20150624,  128,    0
 11780, 81372,20150625,  147,    0
 11780, 81372,20150626,  171,    0
 11780, 81372,20150627,  160,    0
 11780, 81372,20150628,  163,    0
 11780, 81372,20150629,  179,    0
 11780, 81372,20150630,  203,    0
 11780, 81372,20150701,  211,    0
 11780, 81372,20150702,  225,    0
 11780, 81372,20150703,  230,    0
 11780, 81372,20150704,  242,    0
 11780, 81372,20150705,  262,    0
 11780, 81372,20150706,  230,    0
 11780, 81372,20150707,  241,    0
 11780, 81372,20150708,  178,    0
 11780, 81372,20150709,  150,    0
 11780, 81372,20150710,  148,    0
 11780, 81372,20150711,  194,    0
 11780, 81372,20150712,  203,    0
 11780, 81372,20150713,  178,    0
 11780, 81372,20150714,  205,    0
 11780, 81372,20150715,  209,    0
 11780, 81372,20150716,  225,    0
 11780, 81372,20150717,  222,    0
 11780, 81372,20150718,  217,    0
 11780, 81372,20150719,  216,    0
 11780, 81372,20150720,  223,    0
 11780, 81372,20150721,  235,    0
 11780, 81372,20150722,  233,    0
 11780, 81372,20150723,  188,    0
 11780, 81372,20150724,  205,    0
 11780, 81372,20150725,  179,    0
 11780, 81372,20150726,  145,    0
 11780, 81372,20150727,  165,    0
 11780, 81372,20150728,  165,    0
 11780, 81372,20150729,  129,    0
 11780, 81372,20150730,  136,    0
 11780, 81372,20150731,  152,    0
 11780, 81372,20150801,  147,    0
 11780, 81372,20150802,  187,    0
 11780, 81372,20150803,  204,    0
 11780, 81372,20150804,  199,    0
 11780, 81372,20150805,  206,    0
 11780, 81372,20150806,  237,    0
 11780, 81372,20150807,  255,    0
 11780, 81372,20150808,  261,    0
 11780, 81372,20150809,  246,    0
 11780, 81372,20150810,  212,    0
 11780, 81372,20150811,  229,    0
 11780, 81372,20150812,  238,    0
 11780, 81372,20150813,  252,    0
 11780, 81372,20150814,  213,    0
 11780, 81372,20150815,  173,    0
 11780, 81372,20150816,  149,    0
 11780, 81372,20150817,  139,    0
 11780, 81372,20150818,  144,    0
 11780, 81372,20150819,  135,    0
 11780, 81372,20150820,  136,    0
 11780, 81372,20150821,  148,    0
 11780, 81372,20150822,  160,    0
 11780, 81372,20150823,  155,    0
 11780, 81372,20150824,  165,    0
 11780, 81372,20150825,  148,    0
 11780, 81372,20150826,  157,    0
 11780, 81372,20150827,  210,    0
 11780, 81372,20150828,  218,    0
 11780, 81372,20150829,  217,    0
 11780, 81372,20150830,  234,    0
 11780, 81372,20150831,  232,    0
 11780, 81372,20150901,  183,    0
 11780, 81372,20150902,  138,    0
 11780, 81372,20150903,  127,    0
 11780, 81372,20150904,  132,    0
 11780, 81372,20150905,  122,    0
 11780, 81372,20150906,   96,    0
 11780, 81372,20150907,   94,    0
 11780, 81372,20150908,  125,    0
 11780, 81372,20150909,  116,    0
 11780, 81372,20150910,   99,    0
 11780, 81372,20150911,  120,    0
 11780, 81372,20150912,  165,    0
 11780, 81372,20150913,  166,    0
 11780, 81372,20150914,  138,    0
 11780, 81372,20150915,  126,    0
 11780, 81372,20150916,  145,    0
 11780, 81372,20150917,  126,    0
 11780, 81372,20150918,  111,    0
 11780, 81372,20150919,  102,    0
 11780, 81372,20150920,  108,    0
 11780, 81372,20150921,   98,    0
 11780, 81372,20150922,  111,    0
 11780, 81372,20150923,   95,    0
 11780, 81372,20150924,   99,    0
 11780, 81372,20150925,  106,    0
 11780, 81372,20150926,  122,    0
 11780, 81372,20150927,  114,    0
 11780, 81372,20150928,   94,    0
 11780, 81372,20150929,   95,    0
 11780, 81372,20150930,   87,    0
 11780, 81372,20151001,   87,    0
 11780, 81372,20151002,  107,    0
 11780, 81372,20151003,  124,    0
 11780, 81372,20151004,   95,    0
 11780, 81372,20151005,   95,    0
 11780, 81372,20151006,  143,    0
 11780, 81372,20151007,  122,    0
 11780, 81372,20151008,  105,    0
 11780, 81372,20151009,  107,    0
 11780, 81372,20151010,   90,    0
 11780, 81372,20151011,   78,    0
 11780, 81372,20151012,   40,    0
 11780, 81372,20151013,   54,    0
 11780, 81372,20151014,   47,    0
 11780, 81372,20151015,   33,    0
 11780, 81372,20151016,   32,    0
 11780, 81372,20151017,   42,    0
 11780, 81372,20151018,   51,    0
 11780, 81372,20151019,   49,    0
 11780, 81372,20151020,   42,    0
 11780, 81372,20151021,   55,    0
 11780, 81372,20151022,   75,    0
 11780, 81372,20151023,   86,    0
 11780, 81372,20151024,   98,    0
 11780, 81372,20151025,   96,    0
 11780, 81372,20151026,   79,    0
 11780, 81372,20151027,   63,    0
 11780, 81372,20151028,   48,    0
 11780, 81372,20151029,   90,    0
 11780, 81372,20151030,   73,    0
 11780, 81372,20151031,   68,    0
 11780, 81372,20151101,   55,    0
 11780, 81372,20151102,   34,    0
 11780, 81372,20151103,   27,    0
 11780, 81372,20151104,   88,    0
 11780, 81372,20151105,   78,    0
 11780, 81372,20151106,  110,    0
 11780, 81372,20151107,  132,    0
 11780, 81372,20151108,  126,    0
 11780, 81372,20151109,  126,    0
 11780, 81372,20151110,  120,    0
 11780, 81372,20151111,   81,    0
 11780, 81372,20151112,   48,    0
 11780, 81372,20151113,   66,    0
 11780, 81372,20151114,   72,    0
 11780, 81372,20151115,  107,    0
 11780, 81372,20151116,   93,    0
 11780, 81372,20151117,   96,    0
 11780, 81372,20151118,  122,    0
 11780, 81372,20151119,  115,    0
 11780, 81372,20151120,   75,    0
 11780, 81372,20151121,   13,    0
 11780, 81372,20151122,   -9,    0
 11780, 81372,20151123,   -9,    0
 11780, 81372,20151124,  -42,    0
 11780, 81372,20151125,    3,    0
 11780, 81372,20151126,    9,    0
 11780, 81372,20151127,   -5,    0
 11780, 81372,20151128,   -2,    0
 11780, 81372,20151129,   28,    0
 11780, 81372,20151130,   78,    0
 11780, 81372,20151201,   73,    0
 11780, 81372,20151202,   58,    0
 11780, 81372,20151203,   17,    0
 11780, 81372,20151204,   19,    0
 11780, 81372,20151205,   43,    0
 11780, 81372,20151206,   40,    0
 11780, 81372,20151207,   59,    0
 11780, 81372,20151208,   19,    0
 11780, 81372,20151209,   27,    0
 11780, 81372,20151210,  -25,    0
 11780, 81372,20151211,   13,    0
 11780, 81372,20151212,   41,    0
 11780, 81372,20151213,   13,    0
 11780, 81372,20151214,  -14,    0
 11780, 81372,20151215,   19,    0
 11780, 81372,20151216,   45,    0
 11780, 81372,20151217,   74,    0
 11780, 81372,20151218,   59,    0
 11780, 81372,20151219,   48,    0
 11780, 81372,20151220,   34,    0
 11780, 81372,20151221,   59,    0
 11780, 81372,20151222,   69,    0
 11780, 81372,20151223,   69,    0
 11780, 81372,20151224,   60,    0
 11780, 81372,20151225,   74,    0
 11780, 81372,20151226,   52,    0
 11780, 81372,20151227,   36,    0
 11780, 81372,20151228,    1,    0
 11780, 81372,20151229,   -5,    0
 11780, 81372,20151230,   -2,    0
 11780, 81372,20151231,   13,    0
 11780, 81372,20160101,   30,    0
 11780, 81372,20160102,   10,    0
 11780, 81372,20160103,   22,    0
 11780, 81372,20160104,   15,    0
 11780, 81372,20160105,   27,    0
 11780, 81372,20160106,   21,    0
 11780, 81372,20160107,   22,    0
 11780, 81372,20160108,   29,    0
 11780, 81372,20160109,   43,    0
 11780, 81372,20160110,   39,    0
 11780, 81372,20160111,   32,    0
 11780, 81372,20160112,   32,    0
 11780, 81372,20160113,   11,    0
 11780, 81372,20160114,   -7,    0
 11780, 81372,20160115,  -15,    0
 11780, 81372,20160116,  -16,    0
 11780, 81372,20160117,  -39,    0
 11780, 81372,20160118,  -83,    0
 11780, 81372,20160119,  -67,    0
 11780, 81372,20160120,  -63,    0
 11780, 81372,20160121,  -38,    0
 11780, 81372,20160122,  -58,    0
 11780, 81372,20160123,    7,    0
 11780, 81372,20160124,   -5,    0
 11780, 81372,20160125,   40,    0
 11780, 81372,20160126,   51,    0
 11780, 81372,20160127,   74,    0
 11780, 81372,20160128,   70,    0
 11780, 81372,20160129,   52,    0
 11780, 81372,20160130,   44,    0
 11780, 81372,20160131,   28,    0
 11780, 81372,20160201,  104,    0
 11780, 81372,20160202,   80,    0
 11780, 81372,20160203,   23,    0
 11780, 81372,20160204,   10,    0
 11780, 81372,20160205,   32,    0
 11780, 81372,20160206,   38,    0
 11780, 81372,20160207,   26,    0
 11780, 81372,20160208,   53,    0
 11780, 81372,20160209,   56,    0
 11780, 81372,20160210,   14,    0
 11780, 81372,20160211,    9,    0
 11780, 81372,20160212,    9,    0
 11780, 81372,20160213,   30,    0
 11780, 81372,20160214,   40,    0
 11780, 81372,20160215,   16,    0
 11780, 81372,20160216,    4,    0
 11780, 81372,20160217,   -5,    0
 11780, 81372,20160218,   18,    0
 11780, 81372,20160219,    3,    0
 11780, 81372,20160220,    7,    0
 11780, 81372,20160221,   94,    0
 11780, 81372,20160222,   98,    0
 11780, 81372,20160223,   41,    0
 11780, 81372,20160224,    1,    0
 11780, 81372,20160225,   -1,    0
 11780, 81372,20160226,  -12,    0
 11780, 81372,20160227,   -7,    0
 11780, 81372,20160228,   13,    0
 11780, 81372,20160229,    5,    0
 11780, 81372,20160301,   -4,    0
 11780, 81372,20160302,   19,    0
 11780, 81372,20160303,    7,    0
 11780, 81372,20160304,   16,    0
 11780, 81372,20160305,   16,    0
 11780, 81372,20160306,   12,    0
 11780, 81372,20160307,   -6,    0
 11780, 81372,20160308,  -12,    0
 11780, 81372,20160309,  -28,    0
 11780, 81372,20160310,    4,    0
 11780, 81372,20160311,   19,    0
 11780, 81372,20160312,   33,    0
 11780, 81372,20160313,   31,    0
 11780, 81372,20160314,   21,    0
 11780, 81372,20160315,   -4,    0
 11780, 81372,20160316,   12,    0
 11780, 81372,20160317,   25,    0
 11780, 81372,20160318,   40,    0
 11780, 81372,20160319,   29,    0
 11780, 81372,20160320,   39,    0
 11780, 81372,20160321,   41,    0
 11780, 81372,20160322,   43,    0
 11780, 81372,20160323,   39,    0
 11780, 81372,20160324,   36,    0
 11780, 81372,20160325,   41,    0
 11780, 81372,20160326,   62,    0
 11780, 81372,20160327,   48,    0
 11780, 81372,20160328,   63,    0
 11780, 81372,20160329,   83,    0
 11780, 81372,20160330,   95,    0
 11780, 81372,20160331,  103,    0
 11780, 81372,20160401,   64,    0
 11780, 81372,20160402,   79,    0
 11780, 81372,20160403,  115,    0
 11780, 81372,20160404,  123,    0
 11780, 81372,20160405,  106,    0
 11780, 81372,20160406,   96,    0
 11780, 81372,20160407,   68,    0
 11780, 81372,20160408,   59,    0
 11780, 81372,20160409,   60,    0
 11780, 81372,20160410,   75,    0
 11780, 81372,20160411,   84,    0
 11780, 81372,20160412,   94,    0
 11780, 81372,20160413,   90,    0
 11780, 81372,20160414,   82,    0
 11780, 81372,20160415,   74,    0
 11780, 81372,20160416,  101,    0
 11780, 81372,20160417,   71,    0
 11780, 81372,20160418,   61,    0
 11780, 81372,20160419,   76,    0
 11780, 81372,20160420,   77,    0
 11780, 81372,20160421,   95,    0
 11780, 81372,20160422,  111,    0
 11780, 81372,20160423,   73,    0
 11780, 81372,20160424,   24,    0
 11780, 81372,20160425,   20,    0
 11780, 81372,20160426,   21,    0
 11780, 81372,20160427,   23,    0
 11780, 81372,20160428,   18,    0
 11780, 81372,20160429,   58,    0
 11780, 81372,20160430,   92,    0
 11780, 81372,20160501,   89,    0
 11780, 81372,20160502,  104,    0
 11780, 81372,20160503,   81,    0
 11780, 81372,20160504,   79,    0
 11780, 81372,20160505,   91,    0
 11780, 81372,20160506,  123,    0
 11780, 81372,20160507,  142,    0
 11780, 81372,20160508,  147,    0
 11780, 81372,20160509,  152,    0
 11780, 81372,20160510,  133,    0
 11780, 81372,20160511,  140,    0
 11780, 81372,20160512,  114,    0
 11780, 81372,20160513,  119,    0
 11780, 81372,20160514,  102,    0
 11780, 81372,20160515,   60,    0
 11780, 81372,20160516,   57,    0
 11780, 81372,20160517,   76,    0
 11780, 81372,20160518,  110,    0
 11780, 81372,20160519,  100,    0
 11780, 81372,20160520,  112,    0
 11780, 81372,20160521,  141,    0
 11780, 81372,20160522,  172,    0
 11780, 81372,20160523,   97,    0
 11780, 81372,20160524,   90,    0
 11780, 81372,20160525,  113,    0
 11780, 81372,20160526,  149,    0
 11780, 81372,20160527,  164,    0
 11780, 81372,20160528,  171,    0
 11780, 81372,20160529,  156,    0
 11780, 81372,20160530,  143,    0
 11780, 81372,20160531,  138,    0
 11780, 81372,20160601,  141,    0
 11780, 81372,20160602,  142,    0
 11780, 81372,20160603,  143,    0
 11780, 81372,20160604,  149,    0
 11780, 81372,20160605,  152,    0
 11780, 81372,20160606,  172,    0
 11780, 81372,20160607,  184,    0
 11780, 81372,20160608,  151,    0
 11780, 81372,20160609,  142,    0
 11780, 81372,20160610,  149,    0
 11780, 81372,20160611,  137,    0
 11780, 81372,20160612,  140,    0
 11780, 81372,20160613,  135,    0
 11780, 81372,20160614,  132,    0
 11780, 81372,20160615,  135,    0
 11780, 81372,20160616,  122,    0
 11780, 81372,20160617,  124,    0
 11780, 81372,20160618,  131,    0
 11780, 81372,20160619,  131,    0
 11780, 81372,20160620,  146,    0
 11780, 81372,20160621,  164,    0
 11780, 81372,20160622,  201,    0
 11780, 81372,20160623,  220,    0
 11780, 81372,20160624,  231,    0
 11780, 81372,20160625,  183,    0
 11780, 81372,20160626,  154,    0
 11780, 81372,20160627,  158,    0
 11780, 81372,20160628,  179,    0
 11780, 81372,20160629,  189,    0
 11780, 81372,20160630,  177,    0
 11780, 81372,20160701,  190,    0
 11780, 81372,20160702,  147,    0
 11780, 81372,20160703,  141,    0
 11780, 81372,20160704,  170,    0
 11780, 81372,20160705,  175,    0
 11780, 81372,20160706,  153,    0
 11780, 81372,20160707,  161,    0
 11780, 81372,20160708,  187,    0
 11780, 81372,20160709,  202,    0
 11780, 81372,20160710,  216,    0
 11780, 81372,20160711,  215,    0
 11780, 81372,20160712,  165,    0
 11780, 81372,20160713,  132,    0
 11780, 81372,20160714,  117,    0
 11780, 81372,20160715,  115,    0
 11780, 81372,20160716,  141,    0
 11780, 81372,20160717,  182,    0
 11780, 81372,20160718,  198,    0
 11780, 81372,20160719,  208,    0
 11780, 81372,20160720,  222,    0
 11780, 81372,20160721,  192,    0
 11780, 81372,20160722,  190,    0
 11780, 81372,20160723,  186,    0
 11780, 81372,20160724,  196,    0
 11780, 81372,20160725,  204,    0
 11780, 81372,20160726,  204,    0
 11780, 81372,20160727,  191,    0
 11780, 81372,20160728,  173,    0
 11780, 81372,20160729,  191,    0
 11780, 81372,20160730,  202,    0
 11780, 81372,20160731,  170,    0
 11780, 81372,20160801,  155,    0
 11780, 81372,20160802,  158,    0
 11780, 81372,20160803,  187,    0
 11780, 81372,20160804,  188,    0
 11780, 81372,20160805,  139,    0
 11780, 81372,20160806,  156,    0
 11780, 81372,20160807,  166,    0
 11780, 81372,20160808,  189,    0
 11780, 81372,20160809,  143,    0
 11780, 81372,20160810,  127,    0
 11780, 81372,20160811,  123,    0
 11780, 81372,20160812,  133,    0
 11780, 81372,20160813,  180,    0
 11780, 81372,20160814,  197,    0
 11780, 81372,20160815,  194,    0
 11780, 81372,20160816,  189,    0
 11780, 81372,20160817,  161,    0
 11780, 81372,20160818,  167,    0
 11780, 81372,20160819,  183,    0
 11780, 81372,20160820,  177,    0
 11780, 81372,20160821,  141,    0
 11780, 81372,20160822,  145,    0
 11780, 81372,20160823,  172,    0
 11780, 81372,20160824,  194,    0
 11780, 81372,20160825,  198,    0
 11780, 81372,20160826,  216,    0
 11780, 81372,20160827,  220,    0
 11780, 81372,20160828,  220,    0
 11780, 81372,20160829,  184,    0
 11780, 81372,20160830,  174,    0
 11780, 81372,20160831,  181,    0
 11780, 81372,20160901,  191,    0
 11780, 81372,20160902,  181,    0
 11780, 81372,20160903,  181,    0
 11780, 81372,20160904,  168,    0
 11780, 81372,20160905,  152,    0
 11780, 81372,20160906,  155,    0
 11780, 81372,20160907,  153,    0
 11780, 81372,20160908,  180,    0
 11780, 81372,20160909,  191,    0
 11780, 81372,20160910,  190,    0
 11780, 81372,20160911,  196,    0
 11780, 81372,20160912,  195,    0
 11780, 81372,20160913,  199,    0
 11780, 81372,20160914,  194,    0
 11780, 81372,20160915,  185,    0
 11780, 81372,20160916,  150,    0
 11780, 81372,20160917,  135,    0
 11780, 81372,20160918,  129,    0
 11780, 81372,20160919,  124,    0
 11780, 81372,20160920,  107,    0
 11780, 81372,20160921,   89,    0
 11780, 81372,20160922,   99,    0
 11780, 81372,20160923,  112,    0
 11780, 81372,20160924,  114,    0
 11780, 81372,20160925,  127,    0
 11780, 81372,20160926,  145,    0
 11780, 81372,20160927,  138,    0
 11780, 81372,20160928,  131,    0
 11780, 81372,20160929,  153,    0
 11780, 81372,20160930,  155,    0
 11780, 81372,20161001,  140,    0
 11780, 81372,20161002,  112,    0
 11780, 81372,20161003,   95,    0
 11780, 81372,20161004,   85,    0
 11780, 81372,20161005,   54,    0
 11780, 81372,20161006,   59,    0
 11780, 81372,20161007,   78,    0
 11780, 81372,20161008,   71,    0
 11780, 81372,20161009,   61,    0
 11780, 81372,20161010,   53,    0
 11780, 81372,20161011,   53,    0
 11780, 81372,20161012,   43,    0
 11780, 81372,20161013,   50,    0
 11780, 81372,20161014,   63,    0
 11780, 81372,20161015,   90,    0
 11780, 81372,20161016,   87,    0
 11780, 81372,20161017,  103,    0
 11780, 81372,20161018,  102,    0
 11780, 81372,20161019,   79,    0
 11780, 81372,20161020,   66,    0
 11780, 81372,20161021,   51,    0
 11780, 81372,20161022,   52,    0
 11780, 81372,20161023,   44,    0
 11780, 81372,20161024,  114,    0
 11780, 81372,20161025,  116,    0
 11780, 81372,20161026,   95,    0
 11780, 81372,20161027,   70,    0
 11780, 81372,20161028,   51,    0
 11780, 81372,20161029,   71,    0
 11780, 81372,20161030,   53,    0
 11780, 81372,20161031,   46,    0
 11780, 81372,20161101,   44,    0
 11780, 81372,20161102,   57,    0
 11780, 81372,20161103,   17,    0
 11780, 81372,20161104,    8,    0
 11780, 81372,20161105,   74,    0
 11780, 81372,20161106,   30,    0
 11780, 81372,20161107,    1,    0
 11780, 81372,20161108,   -6,    0
 11780, 81372,20161109,    8,    0
 11780, 81372,20161110,   35,    0
 11780, 81372,20161111,   23,    0
 11780, 81372,20161112,   -1,    0
 11780, 81372,20161113,  -15,    0
 11780, 81372,20161114,  -31,    0
 11780, 81372,20161115,   12,    0
 11780, 81372,20161116,   54,    0
 11780, 81372,20161117,   77,    0
 11780, 81372,20161118,   83,    0
 11780, 81372,20161119,   35,    0
 11780, 81372,20161120,   11,    0
 11780, 81372,20161121,   33,    0
 11780, 81372,20161122,   76,    0
 11780, 81372,20161123,   58,    0
 11780, 81372,20161124,   45,    0
 11780, 81372,20161125,   48,    0
 11780, 81372,20161126,   49,    0
 11780, 81372,20161127,   40,    0
 11780, 81372,20161128,  -19,    0
 11780, 81372,20161129,  -41,    0
 11780, 81372,20161130,  -28,    0
 11780, 81372,20161201,   17,    0
 11780, 81372,20161202,   17,    0
 11780, 81372,20161203,  -12,    0
 11780, 81372,20161204,  -33,    0
 11780, 81372,20161205,  -27,    0
 11780, 81372,20161206,  -23,    0
 11780, 81372,20161207,  -45,    0
 11780, 81372,20161208,  -13,    0
 11780, 81372,20161209,   18,    0
 11780, 81372,20161210,   12,    0
 11780, 81372,20161211,   16,    0
 11780, 81372,20161212,   27,    0
 11780, 81372,20161213,  -21,    0
 11780, 81372,20161214,   23,    0
 11780, 81372,20161215,   17,    0
 11780, 81372,20161216,    1,    0
 11780, 81372,20161217,  -11,    0
 11780, 81372,20161218,    5,    0
 11780, 81372,20161219,   -2,    0
 11780, 81372,20161220,  -21,    0
 11780, 81372,20161221,  -27,    0
 11780, 81372,20161222,  -20,    0
 11780, 81372,20161223,   19,    0
 11780, 81372,20161224,   41,    0
 11780, 81372,20161225,   58,    0
 11780, 81372,20161226,   52,    0
 11780, 81372,20161227,    8,    0
 11780, 81372,20161228,   12,    0
 11780, 81372,20161229,  -15,    0
 11780, 81372,20161230,  -36,    0
 11780, 81372,20161231,  -46,    0
 11780, 81372,20170101,  -45,    0
 11780, 81372,20170102,  -37,    0
 11780, 81372,20170103,  -14,    0
 11780, 81372,20170104,  -11,    0
 11780, 81372,20170105,  -41,    0
 11780, 81372,20170106, -129,    0
 11780, 81372,20170107, -118,    0
 11780, 81372,20170108,  -26,    0
 11780, 81372,20170109,  -21,    0
 11780, 81372,20170110,  -30,    0
 11780, 81372,20170111,   -6,    0
 11780, 81372,20170112,   22,    0
 11780, 81372,20170113,    0,    0
 11780, 81372,20170114,  -14,    0
 11780, 81372,20170115,  -35,    0
 11780, 81372,20170116,  -53,    0
 11780, 81372,20170117,  -72,    0
 11780, 81372,20170118,  -64,    0
 11780, 81372,20170119,  -79,    0
 11780, 81372,20170120,  -94,    0
 11780, 81372,20170121, -123,    0
 11780, 81372,20170122, -128,    0
 11780, 81372,20170123, -121,    0
 11780, 81372,20170124,  -88,    0
 11780, 81372,20170125,  -86,    0
 11780, 81372,20170126,  -63,    0
 11780, 81372,20170127,  -84,    0
 11780, 81372,20170128,  -65,    0
 11780, 81372,20170129,  -30,    0
 11780, 81372,20170130,   -4,    0
 11780, 81372,20170131,   27,    0
 11780, 81372,20170201,    4,    0
 11780, 81372,20170202,   12,    0
 11780, 81372,20170203,   28,    0
 11780, 81372,20170204,   29,    0
 11780, 81372,20170205,   23,    0
 11780, 81372,20170206,   16,    0
 11780, 81372,20170207,   15,    0
 11780, 81372,20170208,   -1,    0
 11780, 81372,20170209,  -24,    0
 11780, 81372,20170210,  -21,    0
 11780, 81372,20170211,  -16,    0
 11780, 81372,20170212,  -17,    0
 11780, 81372,20170213,  -13,    0
 11780, 81372,20170214,  -18,    0
 11780, 81372,20170215,   12,    0
 11780, 81372,20170216,   41,    0
 11780, 81372,20170217,   40,    0
 11780, 81372,20170218,   29,    0
 11780, 81372,20170219,   10,    0
 11780, 81372,20170220,   54,    0
 11780, 81372,20170221,   72,    0
 11780, 81372,20170222,   77,    0
 11780, 81372,20170223,  101,    0
 11780, 81372,20170224,   31,    0
 11780, 81372,20170225,    7,    0
 11780, 81372,20170226,   35,    0
 11780, 81372,20170227,   58,    0
 11780, 81372,20170228,   34,    0
 11780, 81372,20170301,   34,    0
 11780, 81372,20170302,   54,    0
 11780, 81372,20170303,   26,    0
 11780, 81372,20170304,   69,    0
 11780, 81372,20170305,   51,    0
 11780, 81372,20170306,   38,    0
 11780, 81372,20170307,   25,    0
 11780, 81372,20170308,   33,    0
 11780, 81372,20170309,   79,    0
 11780, 81372,20170310,   48,    0
 11780, 81372,20170311,   30,    0
 11780, 81372,20170312,   38,    0
 11780, 81372,20170313,   34,    0
 11780, 81372,20170314,   61,    0
 11780, 81372,20170315,   64,    0
 11780, 81372,20170316,   63,    0
 11780, 81372,20170317,   93,    0
 11780, 81372,20170318,   71,    0
 11780, 81372,20170319,  101,    0
 11780, 81372,20170320,   99,    0
 11780, 81372,20170321,   81,    0
 11780, 81372,20170322,   40,    0
 11780, 81372,20170323,   74,    0
 11780, 81372,20170324,   62,    0
 11780, 81372,20170325,   74,    0
 11780, 81372,20170326,   65,    0
 11780, 81372,20170327,   63,    0
 11780, 81372,20170328,   93,    0
 11780, 81372,20170329,  114,    0
 11780, 81372,20170330,  108,    0
 11780, 81372,20170331,  123,    0
 11780, 81372,20170401,  129,    0
 11780, 81372,20170402,  108,    0
 11780, 81372,20170403,  109,    0
 11780, 81372,20170404,   84,    0
 11780, 81372,20170405,   77,    0
 11780, 81372,20170406,   49,    0
 11780, 81372,20170407,   65,    0
 11780, 81372,20170408,   82,    0
 11780, 81372,20170409,  115,    0
 11780, 81372,20170410,  134,    0
 11780, 81372,20170411,   76,    0
 11780, 81372,20170412,  101,    0
 11780, 81372,20170413,  102,    0
 11780, 81372,20170414,   89,    0
 11780, 81372,20170415,   97,    0
 11780, 81372,20170416,   55,    0
 11780, 81372,20170417,   44,    0
 11780, 81372,20170418,   11,    0
 11780, 81372,20170419,    7,    0
 11780, 81372,20170420,    8,    0
 11780, 81372,20170421,   43,    0
 11780, 81372,20170422,   53,    0
 11780, 81372,20170423,   37,    0
 11780, 81372,20170424,   72,    0
 11780, 81372,20170425,   80,    0
 11780, 81372,20170426,   13,    0
 11780, 81372,20170427,   25,    0
 11780, 81372,20170428,   33,    0
 11780, 81372,20170429,   56,    0
 11780, 81372,20170430,   76,    0
 11780, 81372,20170501,   51,    0
 11780, 81372,20170502,   73,    0
 11780, 81372,20170503,   82,    0
 11780, 81372,20170504,   72,    0
 11780, 81372,20170505,   89,    0
 11780, 81372,20170506,  103,    0
 11780, 81372,20170507,  102,    0
 11780, 81372,20170508,   81,    0
 11780, 81372,20170509,   66,    0
 11780, 81372,20170510,   84,    0
 11780, 81372,20170511,  121,    0
 11780, 81372,20170512,  135,    0
 11780, 81372,20170513,  134,    0
 11780, 81372,20170514,  127,    0
 11780, 81372,20170515,  125,    0
 11780, 81372,20170516,  140,    0
 11780, 81372,20170517,  169,    0
 11780, 81372,20170518,  171,    0
 11780, 81372,20170519,  119,    0
 11780, 81372,20170520,   95,    0
 11780, 81372,20170521,  114,    0
 11780, 81372,20170522,  141,    0
 11780, 81372,20170523,  166,    0
 11780, 81372,20170524,  154,    0
 11780, 81372,20170525,  141,    0
 11780, 81372,20170526,  149,    0
 11780, 81372,20170527,  177,    0
 11780, 81372,20170528,  210,    0
 11780, 81372,20170529,  220,    0
 11780, 81372,20170530,  210,    0
 11780, 81372,20170531,  187,    0
 11780, 81372,20170601,  194,    0
 11780, 81372,20170602,  181,    0
 11780, 81372,20170603,  195,    0
 11780, 81372,20170604,  150,    0
 11780, 81372,20170605,  134,    0
 11780, 81372,20170606,  122,    0
 11780, 81372,20170607,  104,    0
 11780, 81372,20170608,  132,    0
 11780, 81372,20170609,  157,    0
 11780, 81372,20170610,  159,    0
 11780, 81372,20170611,  190,    0
 11780, 81372,20170612,  196,    0
 11780, 81372,20170613,  170,    0
 11780, 81372,20170614,  173,    0
 11780, 81372,20170615,  202,    0
 11780, 81372,20170616,  184,    0
 11780, 81372,20170617,  155,    0
 11780, 81372,20170618,  174,    0
 11780, 81372,20170619,  199,    0
 11780, 81372,20170620,  219,    0
 11780, 81372,20170621,  212,    0
 11780, 81372,20170622,  236,    0
 11780, 81372,20170623,  241,    0
 11780, 81372,20170624,  200,    0
 11780, 81372,20170625,  187,    0
 11780, 81372,20170626,  214,    0
 11780, 81372,20170627,  204,    0
 11780, 81372,20170628,  190,    0
 11780, 81372,20170629,  154,    0
 11780, 81372,20170630,  149,    0
 11780, 81372,20170701,  151,    0
 11780, 81372,20170702,  144,    0
 11780, 81372,20170703,  166,    0
 11780, 81372,20170704,  178,    0
 11780, 81372,20170705,  202,    0
 11780, 81372,20170706,  211,    0
 11780, 81372,20170707,  209,    0
 11780, 81372,20170708,  221,    0
 11780, 81372,20170709,  191,    0
 11780, 81372,20170710,  186,    0
 11780, 81372,20170711,  175,    0
 11780, 81372,20170712,  176,    0
 11780, 81372,20170713,  155,    0
 11780, 81372,20170714,  150,    0
 11780, 81372,20170715,  138,    0
 11780, 81372,20170716,  152,    0
 11780, 81372,20170717,  185,    0
 11780, 81372,20170718,  208,    0
 11780, 81372,20170719,  221,    0
 11780, 81372,20170720,  175,    0
 11780, 81372,20170721,  201,    0
 11780, 81372,20170722,  191,    0
 11780, 81372,20170723,  170,    0
 11780, 81372,20170724,  137,    0
 11780, 81372,20170725,  121,    0
 11780, 81372,20170726,  127,    0
 11780, 81372,20170727,  147,    0
 11780, 81372,20170728,  170,    0
 11780, 81372,20170729,  185,    0
 11780, 81372,20170730,  199,    0
 11780, 81372,20170731,  204,    0
 11780, 81372,20170801,  220,    0
 11780, 81372,20170802,  221,    0
 11780, 81372,20170803,  216,    0
 11780, 81372,20170804,  210,    0
 11780, 81372,20170805,  206,    0
 11780, 81372,20170806,  160,    0
 11780, 81372,20170807,  159,    0
 11780, 81372,20170808,  159,    0
 11780, 81372,20170809,  170,    0
 11780, 81372,20170810,  124,    0
 11780, 81372,20170811,  122,    0
 11780, 81372,20170812,  140,    0
 11780, 81372,20170813,  171,    0
 11780, 81372,20170814,  184,    0
 11780, 81372,20170815,  193,    0
 11780, 81372,20170816,  187,    0
 11780, 81372,20170817,  196,    0
 11780, 81372,20170818,  192,    0
 11780, 81372,20170819,  149,    0
 11780, 81372,20170820,  132,    0
 11780, 81372,20170821,  133,    0
 11780, 81372,20170822,  137,    0
 11780, 81372,20170823,  172,    0
 11780, 81372,20170824,  190,    0
 11780, 81372,20170825,  197,    0
 11780, 81372,20170826,  210,    0
 11780, 81372,20170827,  181,    0
 11780, 81372,20170828,  187,    0
 11780, 81372,20170829,  189,    0
 11780, 81372,20170830,  209,    0
 11780, 81372,20170831,  156,    0
 11780, 81372,20170901,  123,    0
 11780, 81372,20170902,  114,    0
 11780, 81372,20170903,  102,    0
 11780, 81372,20170904,  114,    0
 11780, 81372,20170905,  163,    0
 11780, 81372,20170906,  161,    0
 11780, 81372,20170907,  119,    0
 11780, 81372,20170908,  113,    0
 11780, 81372,20170909,  102,    0
 11780, 81372,20170910,  110,    0
 11780, 81372,20170911,  109,    0
 11780, 81372,20170912,  105,    0
 11780, 81372,20170913,  129,    0
 11780, 81372,20170914,  112,    0
 11780, 81372,20170915,   98,    0
 11780, 81372,20170916,   81,    0
 11780, 81372,20170917,   78,    0
 11780, 81372,20170918,   87,    0
 11780, 81372,20170919,   91,    0
 11780, 81372,20170920,  100,    0
 11780, 81372,20170921,   88,    0
 11780, 81372,20170922,  101,    0
 11780, 81372,20170923,  116,    0
 11780, 81372,20170924,  118,    0
 11780, 81372,20170925,  105,    0
 11780, 81372,20170926,  117,    0
 11780, 81372,20170927,  116,    0
 11780, 81372,20170928,  132,    0
 11780, 81372,20170929,  142,    0
 11780, 81372,20170930,  133,    0
 11780, 81372,20171001,  102,    0
 11780, 81372,20171002,  109,    0
 11780, 81372,20171003,  110,    0
 11780, 81372,20171004,   89,    0
 11780, 81372,20171005,  115,    0
 11780, 81372,20171006,   74,    0
 11780, 81372,20171007,   88,    0
 11780, 81372,20171008,   89,    0
 11780, 81372,20171009,   91,    0
 11780, 81372,20171010,   97,    0
 11780, 81372,20171011,  125,    0
 11780, 81372,20171012,  118,    0
 11780, 81372,20171013,  112,    0
 11780, 81372,20171014,  112,    0
 11780, 81372,20171015,  113,    0
 11780, 81372,20171016,  132,    0
 11780, 81372,20171017,  120,    0
 11780, 81372,20171018,  114,    0
 11780, 81372,20171019,  105,    0
 11780, 81372,20171020,  126,    0
 11780, 81372,20171021,  135,    0
 11780, 81372,20171022,   81,    0
 11780, 81372,20171023,   68,    0
 11780, 81372,20171024,   99,    0
 11780, 81372,20171025,  109,    0
 11780, 81372,20171026,  124,    0
 11780, 81372,20171027,   91,    0
 11780, 81372,20171028,   65,    0
 11780, 81372,20171029,   69,    0
 11780, 81372,20171030,   37,    0
 11780, 81372,20171031,   23,    0
 11780, 81372,20171101,   49,    0
 11780, 81372,20171102,   81,    0
 11780, 81372,20171103,   78,    0
 11780, 81372,20171104,   75,    0
 11780, 81372,20171105,   64,    0
 11780, 81372,20171106,   39,    0
 11780, 81372,20171107,   48,    0
 11780, 81372,20171108,   49,    0
 11780, 81372,20171109,   47,    0
 11780, 81372,20171110,   38,    0
 11780, 81372,20171111,   49,    0
 11780, 81372,20171112,   37,    0
 11780, 81372,20171113,   16,    0
 11780, 81372,20171114,   -8,    0
 11780, 81372,20171115,  -18,    0
 11780, 81372,20171116,  -14,    0
 11780, 81372,20171117,    9,    0
 11780, 81372,20171118,   26,    0
 11780, 81372,20171119,   18,    0
 11780, 81372,20171120,   16,    0
 11780, 81372,20171121,   50,    0
 11780, 81372,20171122,   56,    0
 11780, 81372,20171123,   60,    0
 11780, 81372,20171124,   90,    0
 11780, 81372,20171125,   44,    0
 11780, 81372,20171126,    4,    0
 11780, 81372,20171127,   11,    0
 11780, 81372,20171128,   21,    0
 11780, 81372,20171129,   11,    0
 11780, 81372,20171130,   -9,    0
 11780, 81372,20171201,  -17,    0
 11780, 81372,20171202,  -29,    0
 11780, 81372,20171203,  -27,    0
 11780, 81372,20171204,   -2,    0
 11780, 81372,20171205,   20,    0
 11780, 81372,20171206,    7,    0
 11780, 81372,20171207,    0,    0
 11780, 81372,20171208,   15,    0
 11780, 81372,20171209,  -25,    0
 11780, 81372,20171210,  -21,    0
 11780, 81372,20171211,   27,    0
 11780, 81372,20171212,   11,    0
 11780, 81372,20171213,   -6,    0
 11780, 81372,20171214,   25,    0
 11780, 81372,20171215,   13,    0
 11780, 81372,20171216,   -3,    0
 11780, 81372,20171217,   -6,    0
 11780, 81372,20171218,  -15,    0
 11780, 81372,20171219,   -5,    0
 11780, 81372,20171220,    4,    0
 11780, 81372,20171221,   16,    0
 11780, 81372,20171222,   38,    0
 11780, 81372,20171223,   55,    0
 11780, 81372,20171224,   27,    0
 11780, 81372,20171225,   -4,    0
 11780, 81372,20171226,   13,    0
 11780, 81372,20171227,   -2,    0
 11780, 81372,20171228,   -6,    0
 11780, 81372,20171229,  -23,    0
 11780, 81372,20171230,   31,    0
 11780, 81372,20171231,   83,    0
 11780, 81372,20180101,   51,    0
 11780, 81372,20180102,   32,    0
 11780, 81372,20180103,   47,    0
 11780, 81372,20180104,   57,    0
 11780, 81372,20180105,   71,    0
 11780, 81372,20180106,   60,    0
 11780, 81372,20180107,   30,    0
 11780, 81372,20180108,   39,    0
 11780, 81372,20180109,   36,    0
 11780, 81372,20180110,   30,    0
 11780, 81372,20180111,    7,    0
 11780, 81372,20180112,   10,    0
 11780, 81372,20180113,   11,    0
 11780, 81372,20180114,  -14,    0
 11780, 81372,20180115,    0,    0
 11780, 81372,20180116,   32,    0
 11780, 81372,20180117,    4,    0
 11780, 81372,20180118,   21,    0
 11780, 81372,20180119,   18,    0
 11780, 81372,20180120,    1,    0
 11780, 81372,20180121,  -11,    0
 11780, 81372,20180122,   25,    0
 11780, 81372,20180123,   35,    0
 11780, 81372,20180124,   55,    0
 11780, 81372,20180125,   56,    0
 11780, 81372,20180126,   48,    0
 11780, 81372,20180127,   50,    0
 11780, 81372,20180128,   56,    0
 11780, 81372,20180129,   50,    0
 11780, 81372,20180130,   54,    0
 11780, 81372,20180131,   49,    0
 11780, 81372,20180201,   21,    0
 11780, 81372,20180202,    3,    0
 11780, 81372,20180203,   -1,    0
 11780, 81372,20180204,   -9,    0
 11780, 81372,20180205,  -17,    0
 11780, 81372,20180206,  -23,    0
 11780, 81372,20180207,  -27,    0
 11780, 81372,20180208,  -14,    0
 11780, 81372,20180209,  -12,    0
 11780, 81372,20180210,   -1,    0
 11780, 81372,20180211,    1,    0
 11780, 81372,20180212,   -6,    0
 11780, 81372,20180213,  -39,    0
 11780, 81372,20180214,  -41,    0
 11780, 81372,20180215,  -22,    0
 11780, 81372,20180216,   26,    0
 11780, 81372,20180217,  -12,    0
 11780, 81372,20180218,  -20,    0
 11780, 81372,20180219,  -33,    0
 11780, 81372,20180220,  -35,    0
 11780, 81372,20180221,  -36,    0
 11780, 81372,20180222,  -42,    0
 11780, 81372,20180223,  -40,    0
 11780, 81372,20180224,  -46,    0
 11780, 81372,20180225,  -91,    0
 11780, 81372,20180226, -119,    0
 11780, 81372,20180227, -125,    0
 11780, 81372,20180228, -122,    0
 11780, 81372,20180301,  -92,    0
 11780, 81372,20180302,  -70,    0
 11780, 81372,20180303,  -18,    0
 11780, 81372,20180304,   14,    0
 11780, 81372,20180305,   27,    0
 11780, 81372,20180306,   16,    0
 11780, 81372,20180307,   38,    0
 11780, 81372,20180308,   44,    0
 11780, 81372,20180309,   72,    0
 11780, 81372,20180310,   80,    0
 11780, 81372,20180311,   76,    0
 11780, 81372,20180312,   80,    0
 11780, 81372,20180313,   56,    0
 11780, 81372,20180314,   42,    0
 11780, 81372,20180315,   36,    0
 11780, 81372,20180316,   51,    0
 11780, 81372,20180317,    1,    0
 11780, 81372,20180318,  -46,    0
 11780, 81372,20180319,  -46,    0
 11780, 81372,20180320,  -30,    0
 11780, 81372,20180321,  -18,    0
 11780, 81372,20180322,  -17,    0
 11780, 81372,20180323,   18,    0
 11780, 81372,20180324,   26,    0
 11780, 81372,20180325,   40,    0
 11780, 81372,20180326,   36,    0
 11780, 81372,20180327,   45,    0
 11780, 81372,20180328,   73,    0
 11780, 81372,20180329,   48,    0
 11780, 81372,20180330,   50,    0
 11780, 81372,20180331,   50,    0
 11780, 81372,20180401,   44,    0
 11780, 81372,20180402,   66,    0
 11780, 81372,20180403,  137,    0
 11780, 81372,20180404,  111,    0
 11780, 81372,20180405,   69,    0
 11780, 81372,20180406,   55,    0
 11780, 81372,20180407,   92,    0
 11780, 81372,20180408,  113,    0
 11780, 81372,20180409,  121,    0
 11780, 81372,20180410,  123,    0
 11780, 81372,20180411,  103,    0
 11780, 81372,20180412,  119,    0
 11780, 81372,20180413,   78,    0
 11780, 81372,20180414,  100,    0
 11780, 81372,20180415,  113,    0
 11780, 81372,20180416,  124,    0
 11780, 81372,20180417,  129,    0
 11780, 81372,20180418,  136,    0
 11780, 81372,20180419,  158,    0
 11780, 81372,20180420,  158,    0
 11780, 81372,20180421,  169,    0
 11780, 81372,20180422,  163,    0
 11780, 81372,20180423,  148,    0
 11780, 81372,20180424,  140,    0
 11780, 81372,20180425,  142,    0
 11780, 81372,20180426,   96,    0
 11780, 81372,20180427,  118,    0
 11780, 81372,20180428,  135,    0
 11780, 81372,20180429,  164,    0
 11780, 81372,20180430,  124,    0
 11780, 81372,20180501,   88,    0
 11780, 81372,20180502,  109,    0
 11780, 81372,20180503,  127,    0
 11780, 81372,20180504,  154,    0
 11780, 81372,20180505,  159,    0
 11780, 81372,20180506,  159,    0
 11780, 81372,20180507,  151,    0
 11780, 81372,20180508,  161,    0
 11780, 81372,20180509,  150,    0
 11780, 81372,20180510,  121,    0
 11780, 81372,20180511,  118,    0
 11780, 81372,20180512,  159,    0
 11780, 81372,20180513,  149,    0
 11780, 81372,20180514,  128,    0
 11780, 81372,20180515,  123,    0
 11780, 81372,20180516,  106,    0
 11780, 81372,20180517,  111,    0
 11780, 81372,20180518,  132,    0
 11780, 81372,20180519,  122,    0
 11780, 81372,20180520,  130,    0
 11780, 81372,20180521,  154,    0
 11780, 81372,20180522,  159,    0
 11780, 81372,20180523,  166,    0
 11780, 81372,20180524,  146,    0
 11780, 81372,20180525,  160,    0
 11780, 81372,20180526,  173,    0
 11780, 81372,20180527,  186,    0
 11780, 81372,20180528,  199,    0
 11780, 81372,20180529,  174,    0
 11780, 81372,20180530,  192,    0
 11780, 81372,20180531,  196,    0
 11780, 81372,20180601,  175,    0
 11780, 81372,20180602,  170,    0
 11780, 81372,20180603,  186,    0
 11780, 81372,20180604,  199,    0
 11780, 81372,20180605,  197,    0
 11780, 81372,20180606,  197,    0
 11780, 81372,20180607,  184,    0
 11780, 81372,20180608,  183,    0
 11780, 81372,20180609,  186,    0
 11780, 81372,20180610,  189,    0
 11780, 81372,20180611,  191,    0
 11780, 81372,20180612,  164,    0
 11780, 81372,20180613,  122,    0
 11780, 81372,20180614,  132,    0
 11780, 81372,20180615,  147,    0
 11780, 81372,20180616,  165,    0
 11780, 81372,20180617,  170,    0
 11780, 81372,20180618,  169,    0
 11780, 81372,20180619,  177,    0
 11780, 81372,20180620,  203,    0
 11780, 81372,20180621,  191,    0
 11780, 81372,20180622,  107,    0
 11780, 81372,20180623,  117,    0
 11780, 81372,20180624,  138,    0
 11780, 81372,20180625,  142,    0
 11780, 81372,20180626,  144,    0
 11780, 81372,20180627,  160,    0
 11780, 81372,20180628,  139,    0
 11780, 81372,20180629,  181,    0
 11780, 81372,20180630,  199,    0
 11780, 81372,20180701,  164,    0
 11780, 81372,20180702,  167,    0
 11780, 81372,20180703,  188,    0
 11780, 81372,20180704,  199,    0
 11780, 81372,20180705,  167,    0
 11780, 81372,20180706,  174,    0
 11780, 81372,20180707,  182,    0
 11780, 81372,20180708,  184,    0
 11780, 81372,20180709,  186,    0
 11780, 81372,20180710,  161,    0
 11780, 81372,20180711,  132,    0
 11780, 81372,20180712,  159,    0
 11780, 81372,20180713,  184,    0
 11780, 81372,20180714,  192,    0
 11780, 81372,20180715,  174,    0
 11780, 81372,20180716,  173,    0
 11780, 81372,20180717,  189,    0
 11780, 81372,20180718,  202,    0
 11780, 81372,20180719,  202,    0
 11780, 81372,20180720,  193,    0
 11780, 81372,20180721,  169,    0
 11780, 81372,20180722,  175,    0
 11780, 81372,20180723,  191,    0
 11780, 81372,20180724,  206,    0
 11780, 81372,20180725,  202,    0
 11780, 81372,20180726,  215,    0
 11780, 81372,20180727,  218,    0
 11780, 81372,20180728,  209,    0
 11780, 81372,20180729,  219,    0
 11780, 81372,20180730,  236,    0
 11780, 81372,20180731,  248,    0
 11780, 81372,20180801,  254,    0
 11780, 81372,20180802,  212,    0
 11780, 81372,20180803,  234,    0
 11780, 81372,20180804,  248,    0
 11780, 81372,20180805,  233,    0
 11780, 81372,20180806,  235,    0
 11780, 81372,20180807,  199,    0
 11780, 81372,20180808,  199,    0
 11780, 81372,20180809,  215,    0
 11780, 81372,20180810,  171,    0
 11780, 81372,20180811,  167,    0
 11780, 81372,20180812,  186,    0
 11780, 81372,20180813,  180,    0
 11780, 81372,20180814,  182,    0
 11780, 81372,20180815,  180,    0
 11780, 81372,20180816,  196,    0
 11780, 81372,20180817,  204,    0
 11780, 81372,20180818,  204,    0
 11780, 81372,20180819,  219,    0
 11780, 81372,20180820,  220,    0
 11780, 81372,20180821,  215,    0
 11780, 81372,20180822,  227,    0
 11780, 81372,20180823,  194,    0
 11780, 81372,20180824,  158,    0
 11780, 81372,20180825,  114,    0
 11780, 81372,20180826,  115,    0
 11780, 81372,20180827,  156,    0
 11780, 81372,20180828,  183,    0
 11780, 81372,20180829,  182,    0
 11780, 81372,20180830,  165,    0
 11780, 81372,20180831,  136,    0
 11780, 81372,20180901,  135,    0
 11780, 81372,20180902,  124,    0
 11780, 81372,20180903,  142,    0
 11780, 81372,20180904,  148,    0
 11780, 81372,20180905,  166,    0
 11780, 81372,20180906,  165,    0
 11780, 81372,20180907,  157,    0
 11780, 81372,20180908,  143,    0
 11780, 81372,20180909,  155,    0
 11780, 81372,20180910,  170,    0
 11780, 81372,20180911,  180,    0
 11780, 81372,20180912,  194,    0
 11780, 81372,20180913,  182,    0
 11780, 81372,20180914,  158,    0
 11780, 81372,20180915,  148,    0
 11780, 81372,20180916,  146,    0
 11780, 81372,20180917,  165,    0
 11780, 81372,20180918,  173,    0
 11780, 81372,20180919,  175,    0
 11780, 81372,20180920,  185,    0
 11780, 81372,20180921,  161,    0
 11780, 81372,20180922,  120,    0
 11780, 81372,20180923,  155,    0
 11780, 81372,20180924,   77,    0
 11780, 81372,20180925,   61,    0
 11780, 81372,20180926,   80,    0
 11780, 81372,20180927,  114,    0
 11780, 81372,20180928,  128,    0
 11780, 81372,20180929,   94,    0
 11780, 81372,20180930,  104,    0
 11780, 81372,20181001,   84,    0
 11780, 81372,20181002,   73,    0
 11780, 81372,20181003,   95,    0
 11780, 81372,20181004,   83,    0
 11780, 81372,20181005,   99,    0
 11780, 81372,20181006,  122,    0
 11780, 81372,20181007,  142,    0
 11780, 81372,20181008,  115,    0
 11780, 81372,20181009,  126,    0
 11780, 81372,20181010,  107,    0
 11780, 81372,20181011,  131,    0
 11780, 81372,20181012,  148,    0
 11780, 81372,20181013,  128,    0
 11780, 81372,20181014,  122,    0
 11780, 81372,20181015,  125,    0
 11780, 81372,20181016,  118,    0
 11780, 81372,20181017,  113,    0
 11780, 81372,20181018,  119,    0
 11780, 81372,20181019,   93,    0
 11780, 81372,20181020,   88,    0
 11780, 81372,20181021,   68,    0
 11780, 81372,20181022,   68,    0
 11780, 81372,20181023,  100,    0
 11780, 81372,20181024,  101,    0
 11780, 81372,20181025,   93,    0
 11780, 81372,20181026,   81,    0
 11780, 81372,20181027,   44,    0
 11780, 81372,20181028,    5,    0
 11780, 81372,20181029,   30,    0
 11780, 81372,20181030,   43,    0
 11780, 81372,20181031,   31,    0
 11780, 81372,20181101,   58,    0
 11780, 81372,20181102,   64,    0
 11780, 81372,20181103,   80,    0
 11780, 81372,20181104,   79,    0
 11780, 81372,20181105,   77,    0
 11780, 81372,20181106,   63,    0
 11780, 81372,20181107,   69,    0
 11780, 81372,20181108,   79,    0
 11780, 81372,20181109,   77,    0
 11780, 81372,20181110,   69,    0
 11780, 81372,20181111,   72,    0
 11780, 81372,20181112,   60,    0
 11780, 81372,20181113,   65,    0
 11780, 81372,20181114,   21,    0
 11780, 81372,20181115,   30,    0
 11780, 81372,20181116,   22,    0
 11780, 81372,20181117,   18,    0
 11780, 81372,20181118,    8,    0
 11780, 81372,20181119,   -7,    0
 11780, 81372,20181120,   -8,    0
 11780, 81372,20181121,  -16,    0
 11780, 81372,20181122,   -6,    0
 11780, 81372,20181123,   -7,    0
 11780, 81372,20181124,   18,    0
 11780, 81372,20181125,   -3,    0
 11780, 81372,20181126,   14,    0
 11780, 81372,20181127,    7,    0
 11780, 81372,20181128,    4,    0
 11780, 81372,20181129,   -5,    0
 11780, 81372,20181130,   20,    0
 11780, 81372,20181201,   43,    0
 11780, 81372,20181202,   67,    0
 11780, 81372,20181203,  101,    0
 11780, 81372,20181204,   59,    0
 11780, 81372,20181205,   34,    0
 11780, 81372,20181206,   68,    0
 11780, 81372,20181207,   84,    0
 11780, 81372,20181208,   45,    0
 11780, 81372,20181209,   49,    0
 11780, 81372,20181210,   21,    0
 11780, 81372,20181211,    0,    0
 11780, 81372,20181212,   -8,    0
 11780, 81372,20181213,  -20,    0
 11780, 81372,20181214,  -32,    0
 11780, 81372,20181215,  -36,    0
 11780, 81372,20181216,  -26,    0
 11780, 81372,20181217,  -17,    0
 11780, 81372,20181218,  -12,    0
 11780, 81372,20181219,   -2,    0
 11780, 81372,20181220,   28,    0
 11780, 81372,20181221,   54,    0
 11780, 81372,20181222,   80,    0
 11780, 81372,20181223,   69,    0
 11780, 81372,20181224,   38,    0
 11780, 81372,20181225,  -12,    0
 11780, 81372,20181226,  -38,    0
 11780, 81372,20181227,  -45,    0
 11780, 81372,20181228,  -19,    0
 11780, 81372,20181229,  -15,    0
 11780, 81372,20181230,   27,    0
 11780, 81372,20181231,   32,    0
 11780, 81372,20190101,   32,    0
 11780, 81372,20190102,   -2,    0
 11780, 81372,20190103,  -33,    0
 11780, 81372,20190104,  -13,    0
 11780, 81372,20190105,    3,    0
 11780, 81372,20190106,   14,    0
 11780, 81372,20190107,   12,    0
 11780, 81372,20190108,   12,    0
 11780, 81372,20190109,   -9,    0
 11780, 81372,20190110,  -20,    0
 11780, 81372,20190111,  -32,    0
 11780, 81372,20190112,    0,    0
 11780, 81372,20190113,   20,    0
 11780, 81372,20190114,   21,    0
 11780, 81372,20190115,   12,    0
 11780, 81372,20190116,    4,    0
 11780, 81372,20190117,   24,    0
 11780, 81372,20190118,  -28,    0
 11780, 81372,20190119,  -65,    0
 11780, 81372,20190120,  -64,    0
 11780, 81372,20190121,  -43,    0
 11780, 81372,20190122,  -52,    0
 11780, 81372,20190123,  -54,    0
 11780, 81372,20190124,  -54,    0
 11780, 81372,20190125,  -44,    0
 11780, 81372,20190126,   -4,    0
 11780, 81372,20190127,   24,    0
 11780, 81372,20190128,    1,    0
 11780, 81372,20190129,  -19,    0
 11780, 81372,20190130,  -24,    0
 11780, 81372,20190131,  -43,    0
 11780, 81372,20190201,   -4,    0
 11780, 81372,20190202,   12,    0
 11780, 81372,20190203,   -3,    0
 11780, 81372,20190204,  -24,    0
 11780, 81372,20190205,  -54,    0
 11780, 81372,20190206,  -60,    0
 11780, 81372,20190207,  -24,    0
 11780, 81372,20190208,   21,    0
 11780, 81372,20190209,   46,    0
 11780, 81372,20190210,   52,    0
 11780, 81372,20190211,   12,    0
 11780, 81372,20190212,    5,    0
 11780, 81372,20190213,   -6,    0
 11780, 81372,20190214,    7,    0
 11780, 81372,20190215,   23,    0
 11780, 81372,20190216,   27,    0
 11780, 81372,20190217,   39,    0
 11780, 81372,20190218,   29,    0
 11780, 81372,20190219,   44,    0
 11780, 81372,20190220,   47,    0
 11780, 81372,20190221,   50,    0
 11780, 81372,20190222,   63,    0
 11780, 81372,20190223,    9,    0
 11780, 81372,20190224,    9,    0
 11780, 81372,20190225,   40,    0
 11780, 81372,20190226,   60,    0
 11780, 81372,20190227,   63,    0
 11780, 81372,20190228,   93,    0
 11780, 81372,20190301,   60,    0
 11780, 81372,20190302,   56,    0
 11780, 81372,20190303,   82,    0
 11780, 81372,20190304,   69,    0
 11780, 81372,20190305,   37,    0
 11780, 81372,20190306,   49,    0
 11780, 81372,20190307,   73,    0
 11780, 81372,20190308,   60,    0
 11780, 81372,20190309,   72,    0
 11780, 81372,20190310,   83,    0
 11780, 81372,20190311,   21,    0
 11780, 81372,20190312,   34,    0
 11780, 81372,20190313,   40,    0
 11780, 81372,20190314,   25,    0
 11780, 81372,20190315,   64,    0
 11780, 81372,20190316,   96,    0
 11780, 81372,20190317,   81,    0
 11780, 81372,20190318,   20,    0
 11780, 81372,20190319,   13,    0
 11780, 81372,20190320,   17,    0
 11780, 81372,20190321,   41,    0
 11780, 81372,20190322,   62,    0
 11780, 81372,20190323,   77,    0
 11780, 81372,20190324,   77,    0
 11780, 81372,20190325,   36,    0
 11780, 81372,20190326,   27,    0
 11780, 81372,20190327,   38,    0
 11780, 81372,20190328,   63,    0
 11780, 81372,20190329,   80,    0
 11780, 81372,20190330,   79,    0
 11780, 81372,20190331,   91,    0
 11780, 81372,20190401,   88,    0
 11780, 81372,20190402,  105,    0
 11780, 81372,20190403,   89,    0
 11780, 81372,20190404,   33,    0
 11780, 81372,20190405,   38,    0
 11780, 81372,20190406,   69,    0
 11780, 81372,20190407,   85,    0
 11780, 81372,20190408,   91,    0
 11780, 81372,20190409,   92,    0
 11780, 81372,20190410,   78,    0
 11780, 81372,20190411,   54,    0
 11780, 81372,20190412,   32,    0
 11780, 81372,20190413,   29,    0
 11780, 81372,20190414,   37,    0
 11780, 81372,20190415,   72,    0
 11780, 81372,20190416,   84,    0
 11780, 81372,20190417,  109,    0
 11780, 81372,20190418,  113,    0
 11780, 81372,20190419,  125,    0
 11780, 81372,20190420,  128,    0
 11780, 81372,20190421,  129,    0
 11780, 81372,20190422,  137,    0
 11780, 81372,20190423,  137,    0
 11780, 81372,20190424,  139,    0
 11780, 81372,20190425,  137,    0
 11780, 81372,20190426,   67,    0
 11780, 81372,20190427,   67,    0
 11780, 81372,20190428,   47,    0
 11780, 81372,20190429,   65,    0
 11780, 81372,20190430,   76,    0
