EUROPEAN CLIMATE ASSESSMENT & DATASET (ECA&D), file created on: 13-05-2019
THESE DATA CAN BE USED FOR NON-COMMERCIAL RESEARCH AND EDUCATION PROVIDED THAT THE FOLLOWING SOURCE IS ACKNOWLEDGED: 

Klein Tank, A.M.G. and Coauthors, 2002. Daily dataset of 20th-century surface
air temperature and precipitation series for the European Climate Assessment.
Int. J. of Climatol., 22, 1441-1453.
Data and metadata available at http://www.ecad.eu

FILE FORMAT (MISSING VALUE CODE = -9999):

01-06 STAID: Station identifier
08-13 SOUID: Source identifier
15-22 DATE : Date YYYYMMDD
24-28 TG   : Mean temperature in 0.1 &#176;C
30-34 Q_TG : quality code for TG (0='valid'; 1='suspect'; 9='missing')

This is the blended series of station KOLASIN, MONTENEGRO (STAID: 11379)
Blended and updated with sources:75540 
See files sources.txt and stations.txt for more info.

STAID, SOUID,    DATE,   TG, Q_TG
 11379, 75540,20160701,  192,    0
 11379, 75540,20160702,  202,    0
 11379, 75540,20160703,  205,    0
 11379, 75540,20160704,  184,    0
 11379, 75540,20160705,  180,    0
 11379, 75540,20160706,  186,    0
 11379, 75540,20160707,  186,    0
 11379, 75540,20160708,  162,    0
 11379, 75540,20160709,  191,    0
 11379, 75540,20160710,-9999,    9
 11379, 75540,20160711,  211,    0
 11379, 75540,20160712,  230,    0
 11379, 75540,20160713,  220,    0
 11379, 75540,20160714,  201,    0
 11379, 75540,20160715,  155,    0
 11379, 75540,20160716,  140,    0
 11379, 75540,20160717,  153,    0
 11379, 75540,20160718,  179,    0
 11379, 75540,20160719,  180,    0
 11379, 75540,20160720,  193,    0
 11379, 75540,20160721,-9999,    9
 11379, 75540,20160722,  194,    0
 11379, 75540,20160723,  223,    0
 11379, 75540,20160724,  218,    0
 11379, 75540,20160725,  202,    0
 11379, 75540,20160726,  191,    0
 11379, 75540,20160727,  200,    0
 11379, 75540,20160728,  215,    0
 11379, 75540,20160729,  194,    0
 11379, 75540,20160730,  211,    0
 11379, 75540,20160731,  220,    0
 11379, 75540,20160801,  206,    0
 11379, 75540,20160802,  190,    0
 11379, 75540,20160803,  176,    0
 11379, 75540,20160804,  184,    0
 11379, 75540,20160805,  203,    0
 11379, 75540,20160806,  174,    0
 11379, 75540,20160807,  171,    0
 11379, 75540,20160808,-9999,    9
 11379, 75540,20160809,  184,    0
 11379, 75540,20160810,  206,    0
 11379, 75540,20160811,  145,    0
 11379, 75540,20160812,  137,    0
 11379, 75540,20160813,  147,    0
 11379, 75540,20160814,  141,    0
 11379, 75540,20160815,  172,    0
 11379, 75540,20160816,  189,    0
 11379, 75540,20160817,  179,    0
 11379, 75540,20160818,  195,    0
 11379, 75540,20160819,  192,    0
 11379, 75540,20160820,  181,    0
 11379, 75540,20160821,  205,    0
 11379, 75540,20160822,  161,    0
 11379, 75540,20160823,  138,    0
 11379, 75540,20160824,  165,    0
 11379, 75540,20160825,  193,    0
 11379, 75540,20160826,  188,    0
 11379, 75540,20160827,  165,    0
 11379, 75540,20160828,  167,    0
 11379, 75540,20160829,  176,    0
 11379, 75540,20160830,  181,    0
 11379, 75540,20160831,  176,    0
 11379, 75540,20160901,  182,    0
 11379, 75540,20160902,  175,    0
 11379, 75540,20160903,  169,    0
 11379, 75540,20160904,  175,    0
 11379, 75540,20160905,  145,    0
 11379, 75540,20160906,  115,    0
 11379, 75540,20160907,  157,    0
 11379, 75540,20160908,  164,    0
 11379, 75540,20160909,  174,    0
 11379, 75540,20160910,  180,    0
 11379, 75540,20160911,  171,    0
 11379, 75540,20160912,  177,    0
 11379, 75540,20160913,  171,    0
 11379, 75540,20160914,  175,    0
 11379, 75540,20160915,  177,    0
 11379, 75540,20160916,  175,    0
 11379, 75540,20160917,  155,    0
 11379, 75540,20160918,  160,    0
 11379, 75540,20160919,  149,    0
 11379, 75540,20160920,  131,    0
 11379, 75540,20160921,  125,    0
 11379, 75540,20160922,  118,    0
 11379, 75540,20160923,   99,    0
 11379, 75540,20160924,   99,    0
 11379, 75540,20160925,  100,    0
 11379, 75540,20160926,   93,    0
 11379, 75540,20160927,   95,    0
 11379, 75540,20160928,  115,    0
 11379, 75540,20160929,  139,    0
 11379, 75540,20160930,  133,    0
 11379, 75540,20161001,  123,    0
 11379, 75540,20161002,  131,    0
 11379, 75540,20161003,  166,    0
 11379, 75540,20161004,  121,    0
 11379, 75540,20161005,   70,    0
 11379, 75540,20161006,   39,    0
 11379, 75540,20161007,   85,    0
 11379, 75540,20161008,   85,    0
 11379, 75540,20161009,   52,    0
 11379, 75540,20161010,   72,    0
 11379, 75540,20161011,   91,    0
 11379, 75540,20161012,   69,    0
 11379, 75540,20161013,   83,    0
 11379, 75540,20161014,  126,    0
 11379, 75540,20161015,  137,    0
 11379, 75540,20161016,  139,    0
 11379, 75540,20161017,  121,    0
 11379, 75540,20161018,  100,    0
 11379, 75540,20161019,  114,    0
 11379, 75540,20161020,  110,    0
 11379, 75540,20161021,  116,    0
 11379, 75540,20161022,  129,    0
 11379, 75540,20161023,  115,    0
 11379, 75540,20161024,  134,    0
 11379, 75540,20161025,  142,    0
 11379, 75540,20161026,  147,    0
 11379, 75540,20161027,  104,    0
 11379, 75540,20161028,   47,    0
 11379, 75540,20161029,   70,    0
 11379, 75540,20161030,   88,    0
 11379, 75540,20161031,   60,    0
 11379, 75540,20161101,   85,    0
 11379, 75540,20161102,   53,    0
 11379, 75540,20161103,   78,    0
 11379, 75540,20161104,   72,    0
 11379, 75540,20161105,   84,    0
 11379, 75540,20161106,-9999,    9
 11379, 75540,20161107,  125,    0
 11379, 75540,20161108,   78,    0
 11379, 75540,20161109,   88,    0
 11379, 75540,20161110,   32,    0
 11379, 75540,20161111,   49,    0
 11379, 75540,20161112,   73,    0
 11379, 75540,20161113,   39,    0
 11379, 75540,20161114,   -4,    0
 11379, 75540,20161115,  -17,    0
 11379, 75540,20161116,   -2,    0
 11379, 75540,20161117,   54,    0
 11379, 75540,20161118,   54,    0
 11379, 75540,20161119,   73,    0
 11379, 75540,20161120,  107,    0
 11379, 75540,20161121,   83,    0
 11379, 75540,20161122,-9999,    9
 11379, 75540,20161123,   60,    0
 11379, 75540,20161124,   62,    0
 11379, 75540,20161125,   34,    0
 11379, 75540,20161126,   87,    0
 11379, 75540,20161127,  101,    0
 11379, 75540,20161128,   23,    0
 11379, 75540,20161129,  -42,    0
 11379, 75540,20161130,  -39,    0
 11379, 75540,20161201,  -20,    0
 11379, 75540,20161202,    7,    0
 11379, 75540,20161203,    0,    0
 11379, 75540,20161204,  -25,    0
 11379, 75540,20161205,  -23,    0
 11379, 75540,20161206,    7,    0
 11379, 75540,20161207,  -16,    0
 11379, 75540,20161208,  -28,    0
 11379, 75540,20161209,    7,    0
 11379, 75540,20161210,    4,    0
 11379, 75540,20161211,   15,    0
 11379, 75540,20161212,  -10,    0
 11379, 75540,20161213,   -6,    0
 11379, 75540,20161214,  -34,    0
 11379, 75540,20161215,  -20,    0
 11379, 75540,20161216,   -7,    0
 11379, 75540,20161217,  -22,    0
 11379, 75540,20161218,  -28,    0
 11379, 75540,20161219,  -27,    0
 11379, 75540,20161220,  -32,    0
 11379, 75540,20161221,  -24,    0
 11379, 75540,20161222,   16,    0
 11379, 75540,20161223,   21,    0
 11379, 75540,20161224,   16,    0
 11379, 75540,20161225,   -6,    0
 11379, 75540,20161226,   33,    0
 11379, 75540,20161227,   17,    0
 11379, 75540,20161228,-9999,    9
 11379, 75540,20161229,  -45,    0
 11379, 75540,20161230,  -51,    0
 11379, 75540,20161231,  -52,    0
 11379, 75540,20170101,  -81,    0
 11379, 75540,20170102,  -39,    0
 11379, 75540,20170103,   -1,    0
 11379, 75540,20170104,    8,    0
 11379, 75540,20170105,   -7,    0
 11379, 75540,20170106, -111,    0
 11379, 75540,20170107, -153,    0
 11379, 75540,20170108, -147,    0
 11379, 75540,20170109, -157,    0
 11379, 75540,20170110, -150,    0
 11379, 75540,20170111, -164,    0
 11379, 75540,20170112, -105,    0
 11379, 75540,20170113,   -1,    0
 11379, 75540,20170114,    7,    0
 11379, 75540,20170115,  -81,    0
 11379, 75540,20170116,  -46,    0
 11379, 75540,20170117,  -14,    0
 11379, 75540,20170118,  -42,    0
 11379, 75540,20170119,  -43,    0
 11379, 75540,20170120,  -44,    0
 11379, 75540,20170121,  -43,    0
 11379, 75540,20170122,  -50,    0
 11379, 75540,20170123,  -64,    0
 11379, 75540,20170124,  -43,    0
 11379, 75540,20170125,  -47,    0
 11379, 75540,20170126,  -55,    0
 11379, 75540,20170127,  -76,    0
 11379, 75540,20170128,  -51,    0
 11379, 75540,20170129,  -36,    0
 11379, 75540,20170130,  -17,    0
 11379, 75540,20170131,    1,    0
 11379, 75540,20170201,  -31,    0
 11379, 75540,20170202,   33,    0
 11379, 75540,20170203,   45,    0
 11379, 75540,20170204,   53,    0
 11379, 75540,20170205,   69,    0
 11379, 75540,20170206,   86,    0
 11379, 75540,20170207,   33,    0
 11379, 75540,20170208,   12,    0
 11379, 75540,20170209,   18,    0
 11379, 75540,20170210,   18,    0
 11379, 75540,20170211,   32,    0
 11379, 75540,20170212,   26,    0
 11379, 75540,20170213,    0,    0
 11379, 75540,20170214,    6,    0
 11379, 75540,20170215,   29,    0
 11379, 75540,20170216,   46,    0
 11379, 75540,20170217,-9999,    9
 11379, 75540,20170218,   23,    0
 11379, 75540,20170219,    9,    0
 11379, 75540,20170220,   -1,    0
 11379, 75540,20170221,    5,    0
 11379, 75540,20170222,   40,    0
 11379, 75540,20170223,   42,    0
 11379, 75540,20170224,   55,    0
 11379, 75540,20170225,   10,    0
 11379, 75540,20170226,   53,    0
 11379, 75540,20170227,   81,    0
 11379, 75540,20170228,   60,    0
 11379, 75540,20170301,   71,    0
 11379, 75540,20170302,   51,    0
 11379, 75540,20170303,   51,    0
 11379, 75540,20170304,   65,    0
 11379, 75540,20170305,   84,    0
 11379, 75540,20170306,   63,    0
 11379, 75540,20170307,   45,    0
 11379, 75540,20170308,   27,    0
 11379, 75540,20170309,   59,    0
 11379, 75540,20170310,   57,    0
 11379, 75540,20170311,   19,    0
 11379, 75540,20170312,   24,    0
 11379, 75540,20170313,   15,    0
 11379, 75540,20170314,   47,    0
 11379, 75540,20170315,   58,    0
 11379, 75540,20170316,   51,    0
 11379, 75540,20170317,   56,    0
 11379, 75540,20170318,   59,    0
 11379, 75540,20170319,  106,    0
 11379, 75540,20170320,  113,    0
 11379, 75540,20170321,  110,    0
 11379, 75540,20170322,  108,    0
 11379, 75540,20170323,  108,    0
 11379, 75540,20170324,  113,    0
 11379, 75540,20170325,  123,    0
 11379, 75540,20170326,   79,    0
 11379, 75540,20170327,   43,    0
 11379, 75540,20170328,   75,    0
 11379, 75540,20170329,   77,    0
 11379, 75540,20170330,   78,    0
 11379, 75540,20170331,  112,    0
 11379, 75540,20170401,   93,    0
 11379, 75540,20170402,  102,    0
 11379, 75540,20170403,   98,    0
 11379, 75540,20170404,   77,    0
 11379, 75540,20170405,   79,    0
 11379, 75540,20170406,   63,    0
 11379, 75540,20170407,   40,    0
 11379, 75540,20170408,   78,    0
 11379, 75540,20170409,   93,    0
 11379, 75540,20170410,   99,    0
 11379, 75540,20170411,  107,    0
 11379, 75540,20170412,  120,    0
 11379, 75540,20170413,  109,    0
 11379, 75540,20170414,  116,    0
 11379, 75540,20170415,  106,    0
 11379, 75540,20170416,   97,    0
 11379, 75540,20170417,   67,    0
 11379, 75540,20170418,   51,    0
 11379, 75540,20170419,   19,    0
 11379, 75540,20170420,   13,    0
 11379, 75540,20170421,   14,    0
 11379, 75540,20170422,    7,    0
 11379, 75540,20170423,   21,    0
 11379, 75540,20170424,   63,    0
 11379, 75540,20170425,   76,    0
 11379, 75540,20170426,   95,    0
 11379, 75540,20170427,  138,    0
 11379, 75540,20170428,  108,    0
 11379, 75540,20170429,  130,    0
 11379, 75540,20170430,   80,    0
 11379, 75540,20170501,  135,    0
 11379, 75540,20170502,  133,    0
 11379, 75540,20170503,  127,    0
 11379, 75540,20170504,  130,    0
 11379, 75540,20170505,  100,    0
 11379, 75540,20170506,  128,    0
 11379, 75540,20170507,  102,    0
 11379, 75540,20170508,  117,    0
 11379, 75540,20170509,  101,    0
 11379, 75540,20170510,   91,    0
 11379, 75540,20170511,  121,    0
 11379, 75540,20170512,  132,    0
 11379, 75540,20170513,  152,    0
 11379, 75540,20170514,  146,    0
 11379, 75540,20170515,  151,    0
 11379, 75540,20170516,  136,    0
 11379, 75540,20170517,  150,    0
 11379, 75540,20170518,  144,    0
 11379, 75540,20170519,  136,    0
 11379, 75540,20170520,  164,    0
 11379, 75540,20170521,  130,    0
 11379, 75540,20170522,  154,    0
 11379, 75540,20170523,  149,    0
 11379, 75540,20170524,  152,    0
 11379, 75540,20170525,  114,    0
 11379, 75540,20170526,   94,    0
 11379, 75540,20170527,  142,    0
 11379, 75540,20170528,  149,    0
 11379, 75540,20170529,  134,    0
 11379, 75540,20170530,  149,    0
 11379, 75540,20170531,  160,    0
 11379, 75540,20170601,  187,    0
 11379, 75540,20170602,  177,    0
 11379, 75540,20170603,  160,    0
 11379, 75540,20170604,  184,    0
 11379, 75540,20170605,  183,    0
 11379, 75540,20170606,  190,    0
 11379, 75540,20170607,  179,    0
 11379, 75540,20170608,  151,    0
 11379, 75540,20170609,  135,    0
 11379, 75540,20170610,  153,    0
 11379, 75540,20170611,  157,    0
 11379, 75540,20170612,  156,    0
 11379, 75540,20170613,  190,    0
 11379, 75540,20170614,  202,    0
 11379, 75540,20170615,  190,    0
 11379, 75540,20170616,  187,    0
 11379, 75540,20170617,  157,    0
 11379, 75540,20170618,  112,    0
 11379, 75540,20170619,  166,    0
 11379, 75540,20170620,  169,    0
 11379, 75540,20170621,  181,    0
 11379, 75540,20170622,  194,    0
 11379, 75540,20170623,  204,    0
 11379, 75540,20170624,  215,    0
 11379, 75540,20170625,  217,    0
 11379, 75540,20170626,  197,    0
 11379, 75540,20170627,  226,    0
 11379, 75540,20170628,  196,    0
 11379, 75540,20170629,  206,    0
 11379, 75540,20170630,  221,    0
 11379, 75540,20170701,  211,    0
 11379, 75540,20170702,  187,    0
 11379, 75540,20170703,  151,    0
 11379, 75540,20170704,  174,    0
 11379, 75540,20170705,  158,    0
 11379, 75540,20170706,-9999,    9
 11379, 75540,20170707,  207,    0
 11379, 75540,20170708,  207,    0
 11379, 75540,20170709,  227,    0
 11379, 75540,20170710,  234,    0
 11379, 75540,20170711,  223,    0
 11379, 75540,20170712,  213,    0
 11379, 75540,20170713,  187,    0
 11379, 75540,20170714,  205,    0
 11379, 75540,20170715,  164,    0
 11379, 75540,20170716,  154,    0
 11379, 75540,20170717,  163,    0
 11379, 75540,20170718,  179,    0
 11379, 75540,20170719,  187,    0
 11379, 75540,20170720,  206,    0
 11379, 75540,20170721,  202,    0
 11379, 75540,20170722,  218,    0
 11379, 75540,20170723,  226,    0
 11379, 75540,20170724,  227,    0
 11379, 75540,20170725,  184,    0
 11379, 75540,20170726,  180,    0
 11379, 75540,20170727,  150,    0
 11379, 75540,20170728,  169,    0
 11379, 75540,20170729,  204,    0
 11379, 75540,20170730,-9999,    9
 11379, 75540,20170731,  219,    0
 11379, 75540,20170801,  219,    0
 11379, 75540,20170802,  219,    0
 11379, 75540,20170803,  219,    0
 11379, 75540,20170804,  232,    0
 11379, 75540,20170805,  241,    0
 11379, 75540,20170806,  245,    0
 11379, 75540,20170807,  210,    0
 11379, 75540,20170808,  239,    0
 11379, 75540,20170809,  237,    0
 11379, 75540,20170810,  230,    0
 11379, 75540,20170811,  232,    0
 11379, 75540,20170812,  200,    0
 11379, 75540,20170813,  150,    0
 11379, 75540,20170814,  177,    0
 11379, 75540,20170815,  180,    0
 11379, 75540,20170816,  204,    0
 11379, 75540,20170817,  211,    0
 11379, 75540,20170818,  206,    0
 11379, 75540,20170819,  208,    0
 11379, 75540,20170820,  200,    0
 11379, 75540,20170821,  163,    0
 11379, 75540,20170822,  156,    0
 11379, 75540,20170823,  129,    0
 11379, 75540,20170824,  156,    0
 11379, 75540,20170825,  183,    0
 11379, 75540,20170826,  197,    0
 11379, 75540,20170827,  188,    0
 11379, 75540,20170828,  184,    0
 11379, 75540,20170829,  188,    0
 11379, 75540,20170830,  161,    0
 11379, 75540,20170831,  167,    0
 11379, 75540,20170901,  193,    0
 11379, 75540,20170902,  193,    0
 11379, 75540,20170903,  165,    0
 11379, 75540,20170904,  150,    0
 11379, 75540,20170905,  150,    0
 11379, 75540,20170906,  132,    0
 11379, 75540,20170907,  153,    0
 11379, 75540,20170908,  141,    0
 11379, 75540,20170909,  146,    0
 11379, 75540,20170910,  171,    0
 11379, 75540,20170911,  174,    0
 11379, 75540,20170912,  161,    0
 11379, 75540,20170913,  174,    0
 11379, 75540,20170914,  152,    0
 11379, 75540,20170915,  152,    0
 11379, 75540,20170916,  157,    0
 11379, 75540,20170917,  157,    0
 11379, 75540,20170918,  168,    0
 11379, 75540,20170919,  122,    0
 11379, 75540,20170920,  125,    0
 11379, 75540,20170921,   92,    0
 11379, 75540,20170922,   86,    0
 11379, 75540,20170923,  109,    0
 11379, 75540,20170924,  128,    0
 11379, 75540,20170925,  103,    0
 11379, 75540,20170926,  120,    0
 11379, 75540,20170927,  135,    0
 11379, 75540,20170928,  121,    0
 11379, 75540,20170929,  102,    0
 11379, 75540,20170930,   84,    0
 11379, 75540,20171001,  103,    0
 11379, 75540,20171002,  123,    0
 11379, 75540,20171003,  112,    0
 11379, 75540,20171004,  113,    0
 11379, 75540,20171005,  122,    0
 11379, 75540,20171006,  141,    0
 11379, 75540,20171007,   26,    0
 11379, 75540,20171008,   74,    0
 11379, 75540,20171009,   85,    0
 11379, 75540,20171010,   87,    0
 11379, 75540,20171011,   93,    0
 11379, 75540,20171012,  112,    0
 11379, 75540,20171013,  114,    0
 11379, 75540,20171014,   97,    0
 11379, 75540,20171015,  107,    0
 11379, 75540,20171016,  121,    0
 11379, 75540,20171017,  138,    0
 11379, 75540,20171018,  127,    0
 11379, 75540,20171019,  117,    0
 11379, 75540,20171020,  105,    0
 11379, 75540,20171021,  106,    0
 11379, 75540,20171022,   99,    0
 11379, 75540,20171023,   92,    0
 11379, 75540,20171024,   37,    0
 11379, 75540,20171025,   64,    0
 11379, 75540,20171026,   88,    0
 11379, 75540,20171027,   91,    0
 11379, 75540,20171028,   78,    0
 11379, 75540,20171029,   51,    0
 11379, 75540,20171030,   50,    0
 11379, 75540,20171031,   13,    0
 11379, 75540,20171101,   33,    0
 11379, 75540,20171102,   50,    0
 11379, 75540,20171103,   61,    0
 11379, 75540,20171104,   69,    0
 11379, 75540,20171105,   45,    0
 11379, 75540,20171106,   72,    0
 11379, 75540,20171107,   88,    0
 11379, 75540,20171108,   70,    0
 11379, 75540,20171109,   79,    0
 11379, 75540,20171110,   59,    0
 11379, 75540,20171111,   76,    0
 11379, 75540,20171112,   93,    0
 11379, 75540,20171113,  109,    0
 11379, 75540,20171114,   44,    0
 11379, 75540,20171115,   22,    0
 11379, 75540,20171116,   39,    0
 11379, 75540,20171117,   58,    0
 11379, 75540,20171118,   55,    0
 11379, 75540,20171119,   53,    0
 11379, 75540,20171120,   11,    0
 11379, 75540,20171121,    2,    0
 11379, 75540,20171122,   32,    0
 11379, 75540,20171123,   57,    0
 11379, 75540,20171124,   36,    0
 11379, 75540,20171125,   30,    0
 11379, 75540,20171126,   63,    0
 11379, 75540,20171127,   -7,    0
 11379, 75540,20171128,  -12,    0
 11379, 75540,20171129,  -23,    0
 11379, 75540,20171130,   70,    0
 11379, 75540,20171201,   42,    0
 11379, 75540,20171202,   14,    0
 11379, 75540,20171203,    7,    0
 11379, 75540,20171204,    0,    0
 11379, 75540,20171205,  -35,    0
 11379, 75540,20171206,   20,    0
 11379, 75540,20171207,  -26,    0
 11379, 75540,20171208,  -27,    0
 11379, 75540,20171209,   30,    0
 11379, 75540,20171210,  -21,    0
 11379, 75540,20171211,   24,    0
 11379, 75540,20171212,   67,    0
 11379, 75540,20171213,   75,    0
 11379, 75540,20171214,   44,    0
 11379, 75540,20171215,   59,    0
 11379, 75540,20171216,   63,    0
 11379, 75540,20171217,   13,    0
 11379, 75540,20171218,  -24,    0
 11379, 75540,20171219,  -28,    0
 11379, 75540,20171220,  -58,    0
 11379, 75540,20171221,  -52,    0
 11379, 75540,20171222,  -39,    0
 11379, 75540,20171223,    3,    0
 11379, 75540,20171224,   40,    0
 11379, 75540,20171225,   18,    0
 11379, 75540,20171226,    8,    0
 11379, 75540,20171227,   34,    0
 11379, 75540,20171228,   40,    0
 11379, 75540,20171229,   29,    0
 11379, 75540,20171230,   -3,    0
 11379, 75540,20171231,  -10,    0
 11379, 75540,20180101,    3,    0
 11379, 75540,20180102,   27,    0
 11379, 75540,20180103,   36,    0
 11379, 75540,20180104,   26,    0
 11379, 75540,20180105,   36,    0
 11379, 75540,20180106,    0,    0
 11379, 75540,20180107,   80,    0
 11379, 75540,20180108,   46,    0
 11379, 75540,20180109,   58,    0
 11379, 75540,20180110,   66,    0
 11379, 75540,20180111,   46,    0
 11379, 75540,20180112,   31,    0
 11379, 75540,20180113,   27,    0
 11379, 75540,20180114,   -4,    0
 11379, 75540,20180115,   18,    0
 11379, 75540,20180116,   13,    0
 11379, 75540,20180117,   46,    0
 11379, 75540,20180118,    1,    0
 11379, 75540,20180119,  -12,    0
 11379, 75540,20180120,   14,    0
 11379, 75540,20180121,  -11,    0
 11379, 75540,20180122,  -13,    0
 11379, 75540,20180123,  -41,    0
 11379, 75540,20180124,    6,    0
 11379, 75540,20180125,   -4,    0
 11379, 75540,20180126,   22,    0
 11379, 75540,20180127,   16,    0
 11379, 75540,20180128,    6,    0
 11379, 75540,20180129,   34,    0
 11379, 75540,20180130,   26,    0
 11379, 75540,20180131,   28,    0
 11379, 75540,20180201,   34,    0
 11379, 75540,20180202,   50,    0
 11379, 75540,20180203,   75,    0
 11379, 75540,20180204,   31,    0
 11379, 75540,20180205,   32,    0
 11379, 75540,20180206,   13,    0
 11379, 75540,20180207,   39,    0
 11379, 75540,20180208,   36,    0
 11379, 75540,20180209,   39,    0
 11379, 75540,20180210,    2,    0
 11379, 75540,20180211,  -10,    0
 11379, 75540,20180212,  -14,    0
 11379, 75540,20180213,   17,    0
 11379, 75540,20180214,   19,    0
 11379, 75540,20180215,  -17,    0
 11379, 75540,20180216,    2,    0
 11379, 75540,20180217,   58,    0
 11379, 75540,20180218,   35,    0
 11379, 75540,20180219,    0,    0
 11379, 75540,20180220,   11,    0
 11379, 75540,20180221,   23,    0
 11379, 75540,20180222,   35,    0
 11379, 75540,20180223,   48,    0
 11379, 75540,20180224,   10,    0
 11379, 75540,20180225,  -59,    0
 11379, 75540,20180226,  -91,    0
 11379, 75540,20180227,  -64,    0
 11379, 75540,20180228,  -90,    0
 11379, 75540,20180301,  -74,    0
 11379, 75540,20180302,   36,    0
 11379, 75540,20180303,   41,    0
 11379, 75540,20180304,   62,    0
 11379, 75540,20180305,   73,    0
 11379, 75540,20180306,   59,    0
 11379, 75540,20180307,   58,    0
 11379, 75540,20180308,   50,    0
 11379, 75540,20180309,   44,    0
 11379, 75540,20180310,   62,    0
 11379, 75540,20180311,   66,    0
 11379, 75540,20180312,   79,    0
 11379, 75540,20180313,   62,    0
 11379, 75540,20180314,   57,    0
 11379, 75540,20180315,   69,    0
 11379, 75540,20180316,   68,    0
 11379, 75540,20180317,   90,    0
 11379, 75540,20180318,-9999,    9
 11379, 75540,20180319,   35,    0
 11379, 75540,20180320,   44,    0
 11379, 75540,20180321,    0,    0
 11379, 75540,20180322,  -52,    0
 11379, 75540,20180323,  -40,    0
 11379, 75540,20180324,  -45,    0
 11379, 75540,20180325,   21,    0
 11379, 75540,20180326,-9999,    9
 11379, 75540,20180327,   28,    0
 11379, 75540,20180328,   30,    0
 11379, 75540,20180329,   48,    0
 11379, 75540,20180330,   79,    0
 11379, 75540,20180331,-9999,    9
 11379, 75540,20180401,   61,    0
 11379, 75540,20180402,   77,    0
 11379, 75540,20180403,   79,    0
 11379, 75540,20180404,  101,    0
 11379, 75540,20180405,  103,    0
 11379, 75540,20180406,   61,    0
 11379, 75540,20180407,  118,    0
 11379, 75540,20180408,  122,    0
 11379, 75540,20180409,  117,    0
 11379, 75540,20180410,  114,    0
 11379, 75540,20180411,  104,    0
 11379, 75540,20180412,  125,    0
 11379, 75540,20180413,  136,    0
 11379, 75540,20180414,  142,    0
 11379, 75540,20180415,  135,    0
 11379, 75540,20180416,  143,    0
 11379, 75540,20180417,  112,    0
 11379, 75540,20180418,  127,    0
 11379, 75540,20180419,  144,    0
 11379, 75540,20180420,  116,    0
 11379, 75540,20180421,  127,    0
 11379, 75540,20180422,  131,    0
 11379, 75540,20180423,  148,    0
 11379, 75540,20180424,  146,    0
 11379, 75540,20180425,  148,    0
 11379, 75540,20180426,  152,    0
 11379, 75540,20180427,  153,    0
 11379, 75540,20180428,  157,    0
 11379, 75540,20180429,  164,    0
 11379, 75540,20180430,  156,    0
 11379, 75540,20180501,  154,    0
 11379, 75540,20180502,  157,    0
 11379, 75540,20180503,  139,    0
 11379, 75540,20180504,  173,    0
 11379, 75540,20180505,  160,    0
 11379, 75540,20180506,  138,    0
 11379, 75540,20180507,  153,    0
 11379, 75540,20180508,  143,    0
 11379, 75540,20180509,  145,    0
 11379, 75540,20180510,  162,    0
 11379, 75540,20180511,  148,    0
 11379, 75540,20180512,  148,    0
 11379, 75540,20180513,  142,    0
 11379, 75540,20180514,  118,    0
 11379, 75540,20180515,  133,    0
 11379, 75540,20180516,  117,    0
 11379, 75540,20180517,  113,    0
 11379, 75540,20180518,  122,    0
 11379, 75540,20180519,  122,    0
 11379, 75540,20180520,  134,    0
 11379, 75540,20180521,  137,    0
 11379, 75540,20180522,  163,    0
 11379, 75540,20180523,  156,    0
 11379, 75540,20180524,  167,    0
 11379, 75540,20180525,  176,    0
 11379, 75540,20180526,  165,    0
 11379, 75540,20180527,  181,    0
 11379, 75540,20180528,  183,    0
 11379, 75540,20180529,  183,    0
 11379, 75540,20180530,  174,    0
 11379, 75540,20180531,  181,    0
 11379, 75540,20180601,  187,    0
 11379, 75540,20180602,  191,    0
 11379, 75540,20180603,  190,    0
 11379, 75540,20180604,  165,    0
 11379, 75540,20180605,  186,    0
 11379, 75540,20180606,  177,    0
 11379, 75540,20180607,  195,    0
 11379, 75540,20180608,  201,    0
 11379, 75540,20180609,  185,    0
 11379, 75540,20180610,  175,    0
 11379, 75540,20180611,  202,    0
 11379, 75540,20180612,  213,    0
 11379, 75540,20180613,  181,    0
 11379, 75540,20180614,  163,    0
 11379, 75540,20180615,  149,    0
 11379, 75540,20180616,  173,    0
 11379, 75540,20180617,  171,    0
 11379, 75540,20180618,  182,    0
 11379, 75540,20180619,  183,    0
 11379, 75540,20180620,  203,    0
 11379, 75540,20180621,  204,    0
 11379, 75540,20180622,  189,    0
 11379, 75540,20180623,  124,    0
 11379, 75540,20180624,  108,    0
 11379, 75540,20180625,  117,    0
 11379, 75540,20180626,  133,    0
 11379, 75540,20180627,  123,    0
 11379, 75540,20180628,  136,    0
 11379, 75540,20180629,  148,    0
 11379, 75540,20180630,  194,    0
 11379, 75540,20180701,  178,    0
 11379, 75540,20180702,  198,    0
 11379, 75540,20180703,  192,    0
 11379, 75540,20180704,  198,    0
 11379, 75540,20180705,  207,    0
 11379, 75540,20180706,  211,    0
 11379, 75540,20180707,  184,    0
 11379, 75540,20180708,  176,    0
 11379, 75540,20180709,  164,    0
 11379, 75540,20180710,  171,    0
 11379, 75540,20180711,  186,    0
 11379, 75540,20180712,  198,    0
 11379, 75540,20180713,  196,    0
 11379, 75540,20180714,  194,    0
 11379, 75540,20180715,  190,    0
 11379, 75540,20180716,  197,    0
 11379, 75540,20180717,  182,    0
 11379, 75540,20180718,  181,    0
 11379, 75540,20180719,  170,    0
 11379, 75540,20180720,  192,    0
 11379, 75540,20180721,  192,    0
 11379, 75540,20180722,  196,    0
 11379, 75540,20180723,  198,    0
 11379, 75540,20180724,  172,    0
 11379, 75540,20180725,  186,    0
 11379, 75540,20180726,  182,    0
 11379, 75540,20180727,  210,    0
 11379, 75540,20180728,  195,    0
 11379, 75540,20180729,  185,    0
 11379, 75540,20180730,  204,    0
 11379, 75540,20180731,-9999,    9
 11379, 75540,20180801,  212,    0
 11379, 75540,20180802,  218,    0
 11379, 75540,20180803,  207,    0
 11379, 75540,20180804,  201,    0
 11379, 75540,20180805,  190,    0
 11379, 75540,20180806,  189,    0
 11379, 75540,20180807,-9999,    9
 11379, 75540,20180808,  202,    0
 11379, 75540,20180809,  217,    0
 11379, 75540,20180810,-9999,    9
 11379, 75540,20180811,  212,    0
 11379, 75540,20180812,  201,    0
 11379, 75540,20180813,  213,    0
 11379, 75540,20180814,  205,    0
 11379, 75540,20180815,  177,    0
 11379, 75540,20180816,  189,    0
 11379, 75540,20180817,  209,    0
 11379, 75540,20180818,  196,    0
 11379, 75540,20180819,  196,    0
 11379, 75540,20180820,  186,    0
 11379, 75540,20180821,  185,    0
 11379, 75540,20180822,  198,    0
 11379, 75540,20180823,  188,    0
 11379, 75540,20180824,  195,    0
 11379, 75540,20180825,  189,    0
 11379, 75540,20180826,  175,    0
 11379, 75540,20180827,  137,    0
 11379, 75540,20180828,  166,    0
 11379, 75540,20180829,  181,    0
 11379, 75540,20180830,  203,    0
 11379, 75540,20180831,  201,    0
 11379, 75540,20180901,  183,    0
 11379, 75540,20180902,  178,    0
 11379, 75540,20180903,-9999,    9
 11379, 75540,20180904,  167,    0
 11379, 75540,20180905,  150,    0
 11379, 75540,20180906,  174,    0
 11379, 75540,20180907,  179,    0
 11379, 75540,20180908,  166,    0
 11379, 75540,20180909,  172,    0
 11379, 75540,20180910,  156,    0
 11379, 75540,20180911,  142,    0
 11379, 75540,20180912,  168,    0
 11379, 75540,20180913,  161,    0
 11379, 75540,20180914,  174,    0
 11379, 75540,20180915,  176,    0
 11379, 75540,20180916,  165,    0
 11379, 75540,20180917,  139,    0
 11379, 75540,20180918,  164,    0
 11379, 75540,20180919,  161,    0
 11379, 75540,20180920,  172,    0
 11379, 75540,20180921,  180,    0
 11379, 75540,20180922,  175,    0
 11379, 75540,20180923,  175,    0
 11379, 75540,20180924,  166,    0
 11379, 75540,20180925,   84,    0
 11379, 75540,20180926,   75,    0
 11379, 75540,20180927,   94,    0
 11379, 75540,20180928,   99,    0
 11379, 75540,20180929,   85,    0
 11379, 75540,20180930,  121,    0
 11379, 75540,20181001,  111,    0
 11379, 75540,20181002,  112,    0
 11379, 75540,20181003,  128,    0
 11379, 75540,20181004,   95,    0
 11379, 75540,20181005,  128,    0
 11379, 75540,20181006,  154,    0
 11379, 75540,20181007,  138,    0
 11379, 75540,20181008,  142,    0
 11379, 75540,20181009,  135,    0
 11379, 75540,20181010,  103,    0
 11379, 75540,20181011,  101,    0
 11379, 75540,20181012,  103,    0
 11379, 75540,20181013,  120,    0
 11379, 75540,20181014,  117,    0
 11379, 75540,20181015,  118,    0
 11379, 75540,20181016,  124,    0
 11379, 75540,20181017,  119,    0
 11379, 75540,20181018,  120,    0
 11379, 75540,20181019,  119,    0
 11379, 75540,20181020,-9999,    9
 11379, 75540,20181021,   89,    0
 11379, 75540,20181022,   72,    0
 11379, 75540,20181023,   99,    0
 11379, 75540,20181024,   79,    0
 11379, 75540,20181025,   73,    0
 11379, 75540,20181026,   74,    0
 11379, 75540,20181027,  131,    0
 11379, 75540,20181028,  131,    0
 11379, 75540,20181029,  149,    0
 11379, 75540,20181030,  137,    0
 11379, 75540,20181031,  101,    0
 11379, 75540,20181101,  120,    0
 11379, 75540,20181102,  154,    0
 11379, 75540,20181103,  142,    0
 11379, 75540,20181104,  125,    0
 11379, 75540,20181105,  106,    0
 11379, 75540,20181106,  103,    0
 11379, 75540,20181107,   87,    0
 11379, 75540,20181108,   86,    0
 11379, 75540,20181109,   89,    0
 11379, 75540,20181110,   68,    0
 11379, 75540,20181111,   77,    0
 11379, 75540,20181112,   82,    0
 11379, 75540,20181113,   80,    0
 11379, 75540,20181114,   57,    0
 11379, 75540,20181115,   59,    0
 11379, 75540,20181116,   50,    0
 11379, 75540,20181117,   14,    0
 11379, 75540,20181118,   10,    1
 11379, 75540,20181119,   34,    0
 11379, 75540,20181120,   70,    0
 11379, 75540,20181121,   71,    0
 11379, 75540,20181122,   75,    0
 11379, 75540,20181123,   84,    0
 11379, 75540,20181124,   55,    0
 11379, 75540,20181125,-9999,    9
 11379, 75540,20181126,   89,    0
 11379, 75540,20181127,   56,    0
 11379, 75540,20181128,   -2,    0
 11379, 75540,20181129,  -21,    0
 11379, 75540,20181130,  -32,    0
 11379, 75540,20181201,   -3,    0
 11379, 75540,20181202,   -7,    0
 11379, 75540,20181203,   12,    0
 11379, 75540,20181204,   39,    0
 11379, 75540,20181205,   41,    0
 11379, 75540,20181206,   -8,    0
 11379, 75540,20181207,   -4,    0
 11379, 75540,20181208,    6,    0
 11379, 75540,20181209,-9999,    9
 11379, 75540,20181210,   21,    0
 11379, 75540,20181211,   -9,    0
 11379, 75540,20181212,  -22,    0
 11379, 75540,20181213,  -45,    0
 11379, 75540,20181214,-9999,    9
 11379, 75540,20181215,   46,    0
 11379, 75540,20181216,  -32,    0
 11379, 75540,20181217,  -55,    0
 11379, 75540,20181218,  -30,    0
 11379, 75540,20181219,  -28,    0
 11379, 75540,20181220,  -27,    0
 11379, 75540,20181221,   14,    0
 11379, 75540,20181222,   30,    0
 11379, 75540,20181223,   56,    0
 11379, 75540,20181224,   38,    0
 11379, 75540,20181225,  -19,    0
 11379, 75540,20181226,  -13,    0
 11379, 75540,20181227,  -33,    0
 11379, 75540,20181228,  -10,    0
 11379, 75540,20181229,    1,    0
 11379, 75540,20181230,   14,    0
 11379, 75540,20181231,   10,    0
 11379, 75540,20190101,    0,    0
 11379, 75540,20190102,  -60,    0
 11379, 75540,20190103,  -39,    0
 11379, 75540,20190104,  -75,    0
 11379, 75540,20190105,  -63,    0
 11379, 75540,20190106,  -39,    0
 11379, 75540,20190107,  -51,    0
 11379, 75540,20190108,  -91,    0
 11379, 75540,20190109,  -39,    0
 11379, 75540,20190110,  -24,    0
 11379, 75540,20190111,  -57,    0
 11379, 75540,20190112,  -46,    0
 11379, 75540,20190113,   -9,    0
 11379, 75540,20190114,  -31,    0
 11379, 75540,20190115,  -44,    0
 11379, 75540,20190116,  -57,    0
 11379, 75540,20190117,  -18,    0
 11379, 75540,20190118,   18,    0
 11379, 75540,20190119,   21,    0
 11379, 75540,20190120,   31,    0
 11379, 75540,20190121,   17,    0
 11379, 75540,20190122,   14,    0
 11379, 75540,20190123,   43,    0
 11379, 75540,20190124,   14,    0
 11379, 75540,20190125,  -20,    0
 11379, 75540,20190126,  -51,    0
 11379, 75540,20190127,    5,    0
 11379, 75540,20190128,   33,    0
 11379, 75540,20190129,   33,    0
 11379, 75540,20190130,   31,    0
 11379, 75540,20190131,   30,    0
 11379, 75540,20190201,   25,    0
 11379, 75540,20190202,   58,    0
 11379, 75540,20190203,-9999,    9
 11379, 75540,20190204,   21,    0
 11379, 75540,20190205,   12,    0
 11379, 75540,20190206,   11,    0
 11379, 75540,20190207,   16,    0
 11379, 75540,20190208,   -7,    0
 11379, 75540,20190209,   15,    0
 11379, 75540,20190210,   19,    0
 11379, 75540,20190211,-9999,    9
 11379, 75540,20190212,    0,    0
 11379, 75540,20190213,  -37,    0
 11379, 75540,20190214,  -17,    0
 11379, 75540,20190215,   16,    0
 11379, 75540,20190216,   24,    0
 11379, 75540,20190217,   16,    0
 11379, 75540,20190218,-9999,    9
 11379, 75540,20190219,-9999,    9
 11379, 75540,20190220,-9999,    9
 11379, 75540,20190221,-9999,    9
 11379, 75540,20190222,-9999,    9
 11379, 75540,20190223,-9999,    9
 11379, 75540,20190224,-9999,    9
 11379, 75540,20190225,-9999,    9
 11379, 75540,20190226,-9999,    9
 11379, 75540,20190227,-9999,    9
 11379, 75540,20190228,-9999,    9
 11379, 75540,20190301,-9999,    9
 11379, 75540,20190302,-9999,    9
 11379, 75540,20190303,-9999,    9
 11379, 75540,20190304,-9999,    9
 11379, 75540,20190305,-9999,    9
 11379, 75540,20190306,-9999,    9
 11379, 75540,20190307,-9999,    9
 11379, 75540,20190308,-9999,    9
 11379, 75540,20190309,-9999,    9
 11379, 75540,20190310,-9999,    9
 11379, 75540,20190311,-9999,    9
 11379, 75540,20190312,-9999,    9
 11379, 75540,20190313,-9999,    9
 11379, 75540,20190314,-9999,    9
 11379, 75540,20190315,-9999,    9
 11379, 75540,20190316,-9999,    9
 11379, 75540,20190317,-9999,    9
 11379, 75540,20190318,-9999,    9
 11379, 75540,20190319,-9999,    9
 11379, 75540,20190320,-9999,    9
 11379, 75540,20190321,-9999,    9
 11379, 75540,20190322,-9999,    9
 11379, 75540,20190323,-9999,    9
 11379, 75540,20190324,-9999,    9
 11379, 75540,20190325,-9999,    9
 11379, 75540,20190326,-9999,    9
 11379, 75540,20190327,-9999,    9
 11379, 75540,20190328,-9999,    9
 11379, 75540,20190329,-9999,    9
 11379, 75540,20190330,-9999,    9
 11379, 75540,20190331,-9999,    9
 11379, 75540,20190401,-9999,    9
 11379, 75540,20190402,-9999,    9
 11379, 75540,20190403,-9999,    9
 11379, 75540,20190404,-9999,    9
 11379, 75540,20190405,-9999,    9
 11379, 75540,20190406,-9999,    9
 11379, 75540,20190407,-9999,    9
 11379, 75540,20190408,-9999,    9
 11379, 75540,20190409,-9999,    9
 11379, 75540,20190410,-9999,    9
 11379, 75540,20190411,-9999,    9
 11379, 75540,20190412,-9999,    9
 11379, 75540,20190413,-9999,    9
 11379, 75540,20190414,-9999,    9
 11379, 75540,20190415,-9999,    9
 11379, 75540,20190416,-9999,    9
 11379, 75540,20190417,-9999,    9
 11379, 75540,20190418,-9999,    9
 11379, 75540,20190419,-9999,    9
 11379, 75540,20190420,-9999,    9
 11379, 75540,20190421,-9999,    9
 11379, 75540,20190422,-9999,    9
 11379, 75540,20190423,-9999,    9
 11379, 75540,20190424,-9999,    9
 11379, 75540,20190425,-9999,    9
 11379, 75540,20190426,-9999,    9
 11379, 75540,20190427,-9999,    9
 11379, 75540,20190428,-9999,    9
 11379, 75540,20190429,-9999,    9
 11379, 75540,20190430,-9999,    9
