EUROPEAN CLIMATE ASSESSMENT & DATASET (ECA&D), file created on: 13-05-2019
THESE DATA CAN BE USED FOR NON-COMMERCIAL RESEARCH AND EDUCATION PROVIDED THAT THE FOLLOWING SOURCE IS ACKNOWLEDGED: 

Klein Tank, A.M.G. and Coauthors, 2002. Daily dataset of 20th-century surface
air temperature and precipitation series for the European Climate Assessment.
Int. J. of Climatol., 22, 1441-1453.
Data and metadata available at http://www.ecad.eu

FILE FORMAT (MISSING VALUE CODE = -9999):

01-06 STAID: Station identifier
08-13 SOUID: Source identifier
15-22 DATE : Date YYYYMMDD
24-28 TG   : Mean temperature in 0.1 &#176;C
30-34 Q_TG : quality code for TG (0='valid'; 1='suspect'; 9='missing')

This is the blended series of station AS - RUSTADSKOGEN, NORWAY (STAID: 4985)
Blended and updated with sources:32920 
See files sources.txt and stations.txt for more info.

STAID, SOUID,    DATE,   TG, Q_TG
  4985, 32920,20170123,-9999,    9
  4985, 32920,20170124,  -38,    0
  4985, 32920,20170125,    4,    0
  4985, 32920,20170126,   17,    0
  4985, 32920,20170127,    1,    0
  4985, 32920,20170128,   -3,    0
  4985, 32920,20170129,   -3,    0
  4985, 32920,20170130,   11,    0
  4985, 32920,20170131,   -2,    0
  4985, 32920,20170201,   -5,    0
  4985, 32920,20170202,   -7,    0
  4985, 32920,20170203,   -3,    0
  4985, 32920,20170204,  -12,    0
  4985, 32920,20170205,   -3,    0
  4985, 32920,20170206,  -17,    0
  4985, 32920,20170207,-9999,    9
  4985, 32920,20170208,  -70,    0
  4985, 32920,20170209,  -61,    0
  4985, 32920,20170210,  -41,    0
  4985, 32920,20170211,  -43,    0
  4985, 32920,20170212,  -62,    0
  4985, 32920,20170213,  -56,    0
  4985, 32920,20170214,  -58,    0
  4985, 32920,20170215,  -38,    0
  4985, 32920,20170216,  -14,    0
  4985, 32920,20170217,  -17,    0
  4985, 32920,20170218,  -23,    0
  4985, 32920,20170219,   31,    0
  4985, 32920,20170220,   33,    0
  4985, 32920,20170221,   17,    0
  4985, 32920,20170222,   13,    0
  4985, 32920,20170223,  -26,    0
  4985, 32920,20170224,  -35,    0
  4985, 32920,20170225,  -35,    0
  4985, 32920,20170226,  -11,    0
  4985, 32920,20170227,   20,    0
  4985, 32920,20170228,   24,    0
  4985, 32920,20170301,   15,    0
  4985, 32920,20170302,   -8,    0
  4985, 32920,20170303,   -4,    0
  4985, 32920,20170304,    0,    0
  4985, 32920,20170305,  -18,    0
  4985, 32920,20170306,  -31,    0
  4985, 32920,20170307,  -36,    0
  4985, 32920,20170308,  -27,    0
  4985, 32920,20170309,    9,    0
  4985, 32920,20170310,   11,    0
  4985, 32920,20170311,-9999,    9
  4985, 32920,20170312,-9999,    9
  4985, 32920,20170313,   21,    0
  4985, 32920,20170314,-9999,    9
  4985, 32920,20170315,-9999,    9
  4985, 32920,20170316,-9999,    9
  4985, 32920,20170317,   43,    0
  4985, 32920,20170318,    7,    0
  4985, 32920,20170319,   -3,    0
  4985, 32920,20170320,   19,    0
  4985, 32920,20170321,   33,    0
  4985, 32920,20170322,   28,    0
  4985, 32920,20170323,   15,    0
  4985, 32920,20170324,   29,    0
  4985, 32920,20170325,   53,    0
  4985, 32920,20170326,   77,    0
  4985, 32920,20170327,   63,    0
  4985, 32920,20170328,   54,    0
  4985, 32920,20170329,   29,    0
  4985, 32920,20170330,   27,    0
  4985, 32920,20170331,   37,    0
  4985, 32920,20170401,   60,    0
  4985, 32920,20170402,   73,    0
  4985, 32920,20170403,   51,    0
  4985, 32920,20170404,   51,    0
  4985, 32920,20170405,   63,    0
  4985, 32920,20170406,   50,    0
  4985, 32920,20170407,   91,    0
  4985, 32920,20170408,   85,    0
  4985, 32920,20170409,   71,    0
  4985, 32920,20170410,   85,    0
  4985, 32920,20170411,   61,    0
  4985, 32920,20170412,   52,    0
  4985, 32920,20170413,   28,    0
  4985, 32920,20170414,    1,    0
  4985, 32920,20170415,  -11,    0
  4985, 32920,20170416,   11,    0
  4985, 32920,20170417,   17,    0
  4985, 32920,20170418,   14,    0
  4985, 32920,20170419,   34,    0
  4985, 32920,20170420,   65,    0
  4985, 32920,20170421,   69,    0
  4985, 32920,20170422,   61,    0
  4985, 32920,20170423,   46,    0
  4985, 32920,20170424,   12,    0
  4985, 32920,20170425,   28,    0
  4985, 32920,20170426,   41,    0
  4985, 32920,20170427,   21,    0
  4985, 32920,20170428,   31,    0
  4985, 32920,20170429,   55,    0
  4985, 32920,20170430,   58,    0
  4985, 32920,20170501,   77,    0
  4985, 32920,20170502,  102,    0
  4985, 32920,20170503,  109,    0
  4985, 32920,20170504,  102,    0
  4985, 32920,20170505,  136,    0
  4985, 32920,20170506,  156,    0
  4985, 32920,20170507,   87,    0
  4985, 32920,20170508,   59,    0
  4985, 32920,20170509,   46,    0
  4985, 32920,20170510,   15,    0
  4985, 32920,20170511,   31,    0
  4985, 32920,20170512,   59,    0
  4985, 32920,20170513,   69,    0
  4985, 32920,20170514,   84,    0
  4985, 32920,20170515,   89,    0
  4985, 32920,20170516,   81,    0
  4985, 32920,20170517,  110,    0
  4985, 32920,20170518,  136,    0
  4985, 32920,20170519,  135,    0
  4985, 32920,20170520,  149,    0
  4985, 32920,20170521,  138,    0
  4985, 32920,20170522,  119,    0
  4985, 32920,20170523,  125,    0
  4985, 32920,20170524,  141,    0
  4985, 32920,20170525,  152,    0
  4985, 32920,20170526,  170,    0
  4985, 32920,20170527,  162,    0
  4985, 32920,20170528,  151,    0
  4985, 32920,20170529,  161,    0
  4985, 32920,20170530,  124,    0
  4985, 32920,20170531,  129,    0
  4985, 32920,20170601,  113,    0
  4985, 32920,20170602,   98,    0
  4985, 32920,20170603,  107,    0
  4985, 32920,20170604,  119,    0
  4985, 32920,20170605,  144,    0
  4985, 32920,20170606,  149,    0
  4985, 32920,20170607,  122,    0
  4985, 32920,20170608,-9999,    9
  4985, 32920,20170609,-9999,    9
  4985, 32920,20170610,-9999,    9
  4985, 32920,20170611,  128,    0
  4985, 32920,20170612,  146,    0
  4985, 32920,20170613,  156,    0
  4985, 32920,20170614,  161,    0
  4985, 32920,20170615,  157,    0
  4985, 32920,20170616,  146,    0
  4985, 32920,20170617,  169,    0
  4985, 32920,20170618,  192,    0
  4985, 32920,20170619,  157,    0
  4985, 32920,20170620,  149,    0
  4985, 32920,20170621,  140,    0
  4985, 32920,20170622,  141,    0
  4985, 32920,20170623,-9999,    9
  4985, 32920,20170624,-9999,    9
  4985, 32920,20170625,-9999,    9
  4985, 32920,20170626,  132,    0
  4985, 32920,20170627,  136,    0
  4985, 32920,20170628,  142,    0
  4985, 32920,20170629,  156,    0
  4985, 32920,20170630,  166,    0
  4985, 32920,20170701,  181,    0
  4985, 32920,20170702,  172,    0
  4985, 32920,20170703,  157,    0
  4985, 32920,20170704,  143,    0
  4985, 32920,20170705,  144,    0
  4985, 32920,20170706,  142,    0
  4985, 32920,20170707,  150,    0
  4985, 32920,20170708,  153,    0
  4985, 32920,20170709,  159,    0
  4985, 32920,20170710,  143,    0
  4985, 32920,20170711,  148,    0
  4985, 32920,20170712,  138,    0
  4985, 32920,20170713,  143,    0
  4985, 32920,20170714,  151,    0
  4985, 32920,20170715,  161,    0
  4985, 32920,20170716,  158,    0
  4985, 32920,20170717,  147,    0
  4985, 32920,20170718,  159,    0
  4985, 32920,20170719,  159,    0
  4985, 32920,20170720,  166,    0
  4985, 32920,20170721,  153,    0
  4985, 32920,20170722,  175,    0
  4985, 32920,20170723,  176,    0
  4985, 32920,20170724,  166,    0
  4985, 32920,20170725,  171,    0
  4985, 32920,20170726,  166,    0
  4985, 32920,20170727,  156,    0
  4985, 32920,20170728,  152,    0
  4985, 32920,20170729,  144,    0
  4985, 32920,20170730,  151,    0
  4985, 32920,20170731,  150,    0
  4985, 32920,20170801,  150,    0
  4985, 32920,20170802,  146,    0
  4985, 32920,20170803,  132,    0
  4985, 32920,20170804,  150,    0
  4985, 32920,20170805,  155,    0
  4985, 32920,20170806,  146,    0
  4985, 32920,20170807,  127,    0
  4985, 32920,20170808,  150,    0
  4985, 32920,20170809,  139,    0
  4985, 32920,20170810,  166,    0
  4985, 32920,20170811,  155,    0
  4985, 32920,20170812,  155,    0
  4985, 32920,20170813,  136,    0
  4985, 32920,20170814,  125,    0
  4985, 32920,20170815,  139,    0
  4985, 32920,20170816,  163,    0
  4985, 32920,20170817,  146,    0
  4985, 32920,20170818,  156,    0
  4985, 32920,20170819,  146,    0
  4985, 32920,20170820,  132,    0
  4985, 32920,20170821,  135,    0
  4985, 32920,20170822,  113,    0
  4985, 32920,20170823,  119,    0
  4985, 32920,20170824,  125,    0
  4985, 32920,20170825,  136,    0
  4985, 32920,20170826,  132,    0
  4985, 32920,20170827,  130,    0
  4985, 32920,20170828,  149,    0
  4985, 32920,20170829,  162,    0
  4985, 32920,20170830,  135,    0
  4985, 32920,20170831,  118,    0
  4985, 32920,20170901,  124,    0
  4985, 32920,20170902,  115,    0
  4985, 32920,20170903,  116,    0
  4985, 32920,20170904,  107,    0
  4985, 32920,20170905,  123,    0
  4985, 32920,20170906,  120,    0
  4985, 32920,20170907,  104,    0
  4985, 32920,20170908,  106,    0
  4985, 32920,20170909,  119,    0
  4985, 32920,20170910,  117,    0
  4985, 32920,20170911,  121,    0
  4985, 32920,20170912,  121,    0
  4985, 32920,20170913,  106,    0
  4985, 32920,20170914,  111,    0
  4985, 32920,20170915,  103,    0
  4985, 32920,20170916,  100,    0
  4985, 32920,20170917,  100,    0
  4985, 32920,20170918,  117,    0
  4985, 32920,20170919,  107,    0
  4985, 32920,20170920,   89,    0
  4985, 32920,20170921,   86,    0
  4985, 32920,20170922,  110,    0
  4985, 32920,20170923,  114,    0
  4985, 32920,20170924,  124,    0
  4985, 32920,20170925,  126,    0
  4985, 32920,20170926,  120,    0
  4985, 32920,20170927,  126,    0
  4985, 32920,20170928,  118,    0
  4985, 32920,20170929,  105,    0
  4985, 32920,20170930,  103,    0
  4985, 32920,20171001,  103,    0
  4985, 32920,20171002,  110,    0
  4985, 32920,20171003,  114,    0
  4985, 32920,20171004,   69,    0
  4985, 32920,20171005,   56,    0
  4985, 32920,20171006,   74,    0
  4985, 32920,20171007,   65,    0
  4985, 32920,20171008,   65,    0
  4985, 32920,20171009,   49,    0
  4985, 32920,20171010,   35,    0
  4985, 32920,20171011,-9999,    9
  4985, 32920,20171012,   80,    0
  4985, 32920,20171013,   70,    0
  4985, 32920,20171014,-9999,    9
  4985, 32920,20171015,-9999,    9
  4985, 32920,20171016,-9999,    9
  4985, 32920,20171017,   99,    0
  4985, 32920,20171018,   45,    0
  4985, 32920,20171019,   28,    0
  4985, 32920,20171020,   61,    0
  4985, 32920,20171021,   64,    0
  4985, 32920,20171022,   48,    0
  4985, 32920,20171023,   32,    0
  4985, 32920,20171024,   39,    0
  4985, 32920,20171025,   47,    0
  4985, 32920,20171026,   55,    0
  4985, 32920,20171027,   51,    0
  4985, 32920,20171028,   83,    0
  4985, 32920,20171029,   55,    0
  4985, 32920,20171030,   12,    0
  4985, 32920,20171031,   33,    0
  4985, 32920,20171101,   47,    0
  4985, 32920,20171102,   42,    0
  4985, 32920,20171103,   37,    0
  4985, 32920,20171104,   46,    0
  4985, 32920,20171105,   54,    0
  4985, 32920,20171106,   18,    0
  4985, 32920,20171107,   34,    0
  4985, 32920,20171108,   45,    0
  4985, 32920,20171109,   64,    0
  4985, 32920,20171110,   23,    0
  4985, 32920,20171111,  -14,    0
  4985, 32920,20171112,  -21,    0
  4985, 32920,20171113,   -8,    0
  4985, 32920,20171114,  -15,    0
  4985, 32920,20171115,   11,    0
  4985, 32920,20171116,   10,    0
  4985, 32920,20171117,   34,    0
  4985, 32920,20171118,   10,    0
  4985, 32920,20171119,  -13,    0
  4985, 32920,20171120,  -45,    0
  4985, 32920,20171121,  -45,    0
  4985, 32920,20171122,  -33,    0
  4985, 32920,20171123,   63,    0
  4985, 32920,20171124,   20,    0
  4985, 32920,20171125,    1,    0
  4985, 32920,20171126,   13,    0
  4985, 32920,20171127,    2,    0
  4985, 32920,20171128,  -14,    0
  4985, 32920,20171129,   -4,    0
  4985, 32920,20171130,  -12,    0
  4985, 32920,20171201,  -35,    0
  4985, 32920,20171202,  -43,    0
  4985, 32920,20171203,  -33,    0
  4985, 32920,20171204,  -44,    0
  4985, 32920,20171205,   -2,    0
  4985, 32920,20171206,    1,    0
  4985, 32920,20171207,   60,    0
  4985, 32920,20171208,   36,    0
  4985, 32920,20171209,   12,    0
  4985, 32920,20171210,  -59,    0
  4985, 32920,20171211,  -25,    0
  4985, 32920,20171212,  -62,    0
  4985, 32920,20171213,  -45,    0
  4985, 32920,20171214,  -17,    0
  4985, 32920,20171215,  -24,    0
  4985, 32920,20171216,  -39,    0
  4985, 32920,20171217, -104,    0
  4985, 32920,20171218,  -23,    0
  4985, 32920,20171219,  -49,    0
  4985, 32920,20171220,-9999,    9
  4985, 32920,20171221,-9999,    9
  4985, 32920,20171222,  -11,    0
  4985, 32920,20171223,   18,    0
  4985, 32920,20171224,  -15,    0
  4985, 32920,20171225,    8,    0
  4985, 32920,20171226,   18,    0
  4985, 32920,20171227,   16,    0
  4985, 32920,20171228,    4,    0
  4985, 32920,20171229,  -10,    0
  4985, 32920,20171230,  -36,    0
  4985, 32920,20171231,  -17,    0
  4985, 32920,20180101,   28,    0
  4985, 32920,20180102,  -20,    0
  4985, 32920,20180103,   -6,    0
  4985, 32920,20180104,    1,    0
  4985, 32920,20180105,  -24,    0
  4985, 32920,20180106,  -63,    0
  4985, 32920,20180107,  -63,    0
  4985, 32920,20180108,  -29,    0
  4985, 32920,20180109,  -60,    0
  4985, 32920,20180110,  -50,    0
  4985, 32920,20180111,  -28,    0
  4985, 32920,20180112,  -36,    0
  4985, 32920,20180113,  -31,    0
  4985, 32920,20180114,  -37,    0
  4985, 32920,20180115,  -23,    0
  4985, 32920,20180116,   -4,    0
  4985, 32920,20180117,  -22,    0
  4985, 32920,20180118,  -41,    0
  4985, 32920,20180119,  -36,    0
  4985, 32920,20180120,  -33,    0
  4985, 32920,20180121,  -38,    0
  4985, 32920,20180122,  -46,    0
  4985, 32920,20180123,  -12,    0
  4985, 32920,20180124,   32,    0
  4985, 32920,20180125,   35,    0
  4985, 32920,20180126,   -8,    0
  4985, 32920,20180127,  -53,    0
  4985, 32920,20180128,   -5,    0
  4985, 32920,20180129,  -27,    0
  4985, 32920,20180130,  -47,    0
  4985, 32920,20180131,    9,    0
  4985, 32920,20180201,   -1,    0
  4985, 32920,20180202,  -68,    0
  4985, 32920,20180203,  -79,    0
  4985, 32920,20180204,  -95,    0
  4985, 32920,20180205, -101,    0
  4985, 32920,20180206,  -62,    0
  4985, 32920,20180207,  -59,    0
  4985, 32920,20180208,  -38,    0
  4985, 32920,20180209,   -4,    0
  4985, 32920,20180210,  -19,    0
  4985, 32920,20180211,  -22,    0
  4985, 32920,20180212,-9999,    9
  4985, 32920,20180213,  -51,    0
  4985, 32920,20180214,    0,    0
  4985, 32920,20180215,  -11,    0
  4985, 32920,20180216,  -21,    0
  4985, 32920,20180217,  -51,    0
  4985, 32920,20180218,   -5,    0
  4985, 32920,20180219,  -17,    0
  4985, 32920,20180220,  -44,    0
  4985, 32920,20180221,  -34,    0
  4985, 32920,20180222,  -51,    0
  4985, 32920,20180223,-9999,    9
  4985, 32920,20180224,-9999,    9
  4985, 32920,20180225,  -84,    0
  4985, 32920,20180226, -111,    0
  4985, 32920,20180227, -102,    0
  4985, 32920,20180228, -125,    0
  4985, 32920,20180301, -120,    0
  4985, 32920,20180302,  -81,    0
  4985, 32920,20180303,  -69,    0
  4985, 32920,20180304,  -53,    0
  4985, 32920,20180305,  -52,    0
  4985, 32920,20180306,  -42,    0
  4985, 32920,20180307,-9999,    9
  4985, 32920,20180308,  -22,    0
  4985, 32920,20180309,  -41,    0
  4985, 32920,20180310,  -46,    0
  4985, 32920,20180311,  -29,    0
  4985, 32920,20180312,-9999,    9
  4985, 32920,20180313,    2,    0
  4985, 32920,20180314,  -32,    0
  4985, 32920,20180315,  -50,    0
  4985, 32920,20180316,-9999,    9
  4985, 32920,20180317,  -90,    0
  4985, 32920,20180318,  -89,    0
  4985, 32920,20180319,  -28,    0
  4985, 32920,20180320,    8,    0
  4985, 32920,20180321,    9,    0
  4985, 32920,20180322,    4,    0
  4985, 32920,20180323,   -5,    0
  4985, 32920,20180324,   17,    0
  4985, 32920,20180325,   15,    0
  4985, 32920,20180326,  -16,    0
  4985, 32920,20180327,  -40,    0
  4985, 32920,20180328,-9999,    9
  4985, 32920,20180329,  -45,    0
  4985, 32920,20180330,  -36,    0
  4985, 32920,20180331,  -34,    0
  4985, 32920,20180401,  -13,    0
  4985, 32920,20180402,  -13,    0
  4985, 32920,20180403,  -17,    0
  4985, 32920,20180404,   20,    0
  4985, 32920,20180405,   24,    0
  4985, 32920,20180406,-9999,    9
  4985, 32920,20180407,   20,    0
  4985, 32920,20180408,   26,    0
  4985, 32920,20180409,   24,    0
  4985, 32920,20180410,   24,    0
  4985, 32920,20180411,   25,    0
  4985, 32920,20180412,   35,    0
  4985, 32920,20180413,   53,    0
  4985, 32920,20180414,   79,    0
  4985, 32920,20180415,   89,    0
  4985, 32920,20180416,   63,    0
  4985, 32920,20180417,   63,    0
  4985, 32920,20180418,   91,    0
  4985, 32920,20180419,   87,    0
  4985, 32920,20180420,   78,    0
  4985, 32920,20180421,  100,    0
  4985, 32920,20180422,   78,    0
  4985, 32920,20180423,   67,    0
  4985, 32920,20180424,   66,    0
  4985, 32920,20180425,   72,    0
  4985, 32920,20180426,   61,    0
  4985, 32920,20180427,   62,    0
  4985, 32920,20180428,   63,    0
  4985, 32920,20180429,   72,    0
  4985, 32920,20180430,   78,    0
  4985, 32920,20180501,   46,    0
  4985, 32920,20180502,   77,    0
  4985, 32920,20180503,   67,    0
  4985, 32920,20180504,   73,    0
  4985, 32920,20180505,  113,    0
  4985, 32920,20180506,  121,    0
  4985, 32920,20180507,  127,    0
  4985, 32920,20180508,  143,    0
  4985, 32920,20180509,  155,    0
  4985, 32920,20180510,  164,    0
  4985, 32920,20180511,  140,    0
  4985, 32920,20180512,  124,    0
  4985, 32920,20180513,  155,    0
  4985, 32920,20180514,  178,    0
  4985, 32920,20180515,  185,    0
  4985, 32920,20180516,  180,    0
  4985, 32920,20180517,  123,    0
  4985, 32920,20180518,  136,    0
  4985, 32920,20180519,  142,    0
  4985, 32920,20180520,  153,    0
  4985, 32920,20180521,  155,    0
  4985, 32920,20180522,  160,    0
  4985, 32920,20180523,  174,    0
  4985, 32920,20180524,  184,    0
  4985, 32920,20180525,  198,    0
  4985, 32920,20180526,  198,    0
  4985, 32920,20180527,  203,    0
  4985, 32920,20180528,  168,    0
  4985, 32920,20180529,  194,    0
  4985, 32920,20180530,  219,    0
  4985, 32920,20180531,  210,    0
  4985, 32920,20180601,  201,    0
  4985, 32920,20180602,  215,    0
  4985, 32920,20180603,  224,    0
  4985, 32920,20180604,  192,    0
  4985, 32920,20180605,  133,    0
  4985, 32920,20180606,  145,    0
  4985, 32920,20180607,  187,    0
  4985, 32920,20180608,  199,    0
  4985, 32920,20180609,  196,    0
  4985, 32920,20180610,  191,    0
  4985, 32920,20180611,  149,    0
  4985, 32920,20180612,  169,    0
  4985, 32920,20180613,  153,    0
  4985, 32920,20180614,  133,    0
  4985, 32920,20180615,  141,    0
  4985, 32920,20180616,  144,    0
  4985, 32920,20180617,  125,    0
  4985, 32920,20180618,  134,    0
  4985, 32920,20180619,  154,    0
  4985, 32920,20180620,  111,    0
  4985, 32920,20180621,  117,    0
  4985, 32920,20180622,  126,    0
  4985, 32920,20180623,  147,    0
  4985, 32920,20180624,  174,    0
  4985, 32920,20180625,  217,    0
  4985, 32920,20180626,  214,    0
  4985, 32920,20180627,  203,    0
  4985, 32920,20180628,  217,    0
  4985, 32920,20180629,  165,    0
  4985, 32920,20180630,  158,    0
  4985, 32920,20180701,  187,    0
  4985, 32920,20180702,  199,    0
  4985, 32920,20180703,  212,    0
  4985, 32920,20180704,  208,    0
  4985, 32920,20180705,  176,    0
  4985, 32920,20180706,  211,    0
  4985, 32920,20180707,  192,    0
  4985, 32920,20180708,  193,    0
  4985, 32920,20180709,  167,    0
  4985, 32920,20180710,  219,    0
  4985, 32920,20180711,  223,    0
  4985, 32920,20180712,  197,    0
  4985, 32920,20180713,  205,    0
  4985, 32920,20180714,  185,    0
  4985, 32920,20180715,  188,    0
  4985, 32920,20180716,  201,    0
  4985, 32920,20180717,  219,    0
  4985, 32920,20180718,  205,    0
  4985, 32920,20180719,  206,    0
  4985, 32920,20180720,  189,    0
  4985, 32920,20180721,  180,    0
  4985, 32920,20180722,  189,    0
  4985, 32920,20180723,  211,    0
  4985, 32920,20180724,-9999,    9
  4985, 32920,20180725,  211,    0
  4985, 32920,20180726,  219,    0
  4985, 32920,20180727,  231,    0
  4985, 32920,20180728,  238,    0
  4985, 32920,20180729,  203,    0
  4985, 32920,20180730,  190,    0
  4985, 32920,20180731,  222,    0
  4985, 32920,20180801,  195,    0
  4985, 32920,20180802,  185,    0
  4985, 32920,20180803,  186,    0
  4985, 32920,20180804,  206,    0
  4985, 32920,20180805,  188,    0
  4985, 32920,20180806,  158,    0
  4985, 32920,20180807,  171,    0
  4985, 32920,20180808,  174,    0
  4985, 32920,20180809,  192,    0
  4985, 32920,20180810,  157,    0
  4985, 32920,20180811,  144,    0
  4985, 32920,20180812,  122,    0
  4985, 32920,20180813,  138,    0
  4985, 32920,20180814,  130,    0
  4985, 32920,20180815,  151,    0
  4985, 32920,20180816,  171,    0
  4985, 32920,20180817,  155,    0
  4985, 32920,20180818,  145,    0
  4985, 32920,20180819,  154,    0
  4985, 32920,20180820,  127,    0
  4985, 32920,20180821,  128,    0
  4985, 32920,20180822,  152,    0
  4985, 32920,20180823,  149,    0
  4985, 32920,20180824,  141,    0
  4985, 32920,20180825,  118,    0
  4985, 32920,20180826,  122,    0
  4985, 32920,20180827,  126,    0
  4985, 32920,20180828,  143,    0
  4985, 32920,20180829,  138,    0
  4985, 32920,20180830,  139,    0
  4985, 32920,20180831,  129,    0
  4985, 32920,20180901,  139,    0
  4985, 32920,20180902,  139,    0
  4985, 32920,20180903,  146,    0
  4985, 32920,20180904,  149,    0
  4985, 32920,20180905,  151,    0
  4985, 32920,20180906,  145,    0
  4985, 32920,20180907,  153,    0
  4985, 32920,20180908,  134,    0
  4985, 32920,20180909,  134,    0
  4985, 32920,20180910,  143,    0
  4985, 32920,20180911,  122,    0
  4985, 32920,20180912,  128,    0
  4985, 32920,20180913,  115,    0
  4985, 32920,20180914,  121,    0
  4985, 32920,20180915,  110,    0
  4985, 32920,20180916,   91,    0
  4985, 32920,20180917,  121,    0
  4985, 32920,20180918,  155,    0
  4985, 32920,20180919,  162,    0
  4985, 32920,20180920,  132,    0
  4985, 32920,20180921,  110,    0
  4985, 32920,20180922,  109,    0
  4985, 32920,20180923,   91,    0
  4985, 32920,20180924,   71,    0
  4985, 32920,20180925,   75,    0
  4985, 32920,20180926,  129,    0
  4985, 32920,20180927,   79,    0
  4985, 32920,20180928,   53,    0
  4985, 32920,20180929,   75,    0
  4985, 32920,20180930,   95,    0
  4985, 32920,20181001,   41,    0
  4985, 32920,20181002,   38,    0
  4985, 32920,20181003,   55,    0
  4985, 32920,20181004,   53,    0
  4985, 32920,20181005,   92,    0
  4985, 32920,20181006,   56,    0
  4985, 32920,20181007,   49,    0
  4985, 32920,20181008,  105,    0
  4985, 32920,20181009,-9999,    9
  4985, 32920,20181010,  126,    0
  4985, 32920,20181011,  103,    0
  4985, 32920,20181012,  105,    0
  4985, 32920,20181013,  150,    0
  4985, 32920,20181014,  138,    0
  4985, 32920,20181015,  119,    0
  4985, 32920,20181016,   70,    0
  4985, 32920,20181017,  108,    0
  4985, 32920,20181018,   64,    0
  4985, 32920,20181019,   42,    0
  4985, 32920,20181020,   51,    0
  4985, 32920,20181021,  103,    0
  4985, 32920,20181022,   79,    0
  4985, 32920,20181023,   71,    0
  4985, 32920,20181024,   37,    0
  4985, 32920,20181025,   26,    0
  4985, 32920,20181026,    9,    0
  4985, 32920,20181027,-9999,    9
  4985, 32920,20181028,  -16,    0
  4985, 32920,20181029,  -22,    0
  4985, 32920,20181030,    9,    0
  4985, 32920,20181031,   55,    0
  4985, 32920,20181101,   51,    0
  4985, 32920,20181102,   55,    0
  4985, 32920,20181103,-9999,    9
  4985, 32920,20181104,   74,    0
  4985, 32920,20181105,   61,    0
  4985, 32920,20181106,   66,    0
  4985, 32920,20181107,   56,    0
  4985, 32920,20181108,   69,    0
  4985, 32920,20181109,   70,    0
  4985, 32920,20181110,   71,    0
  4985, 32920,20181111,   82,    0
  4985, 32920,20181112,   86,    0
  4985, 32920,20181113,   72,    0
  4985, 32920,20181114,   52,    0
  4985, 32920,20181115,   93,    0
  4985, 32920,20181116,   72,    0
  4985, 32920,20181117,   50,    0
  4985, 32920,20181118,   24,    0
  4985, 32920,20181119,   -1,    0
  4985, 32920,20181120,  -20,    0
  4985, 32920,20181121,    7,    0
  4985, 32920,20181122,  -26,    0
  4985, 32920,20181123,-9999,    9
  4985, 32920,20181124,-9999,    9
  4985, 32920,20181125,  -20,    0
  4985, 32920,20181126,  -68,    0
  4985, 32920,20181127,  -81,    0
  4985, 32920,20181128,  -56,    0
  4985, 32920,20181129,   10,    0
  4985, 32920,20181130,   56,    0
  4985, 32920,20181201,   46,    0
  4985, 32920,20181202,   36,    0
  4985, 32920,20181203,   53,    0
  4985, 32920,20181204,   22,    0
  4985, 32920,20181205,  -26,    0
  4985, 32920,20181206,  -22,    0
  4985, 32920,20181207,   -4,    0
  4985, 32920,20181208,   -6,    0
  4985, 32920,20181209,  -22,    0
  4985, 32920,20181210,   10,    0
  4985, 32920,20181211,    5,    0
  4985, 32920,20181212,  -55,    0
  4985, 32920,20181213,  -55,    0
  4985, 32920,20181214,  -76,    0
  4985, 32920,20181215,  -55,    0
  4985, 32920,20181216,  -10,    0
  4985, 32920,20181217,  -32,    0
  4985, 32920,20181218,  -41,    0
  4985, 32920,20181219,   -4,    0
  4985, 32920,20181220,    3,    0
  4985, 32920,20181221,  -15,    0
  4985, 32920,20181222,  -35,    0
  4985, 32920,20181223,  -53,    0
  4985, 32920,20181224,  -80,    0
  4985, 32920,20181225,  -11,    0
  4985, 32920,20181226,  -15,    0
  4985, 32920,20181227,  -12,    0
  4985, 32920,20181228,  -53,    0
  4985, 32920,20181229,  -42,    0
  4985, 32920,20181230,  -26,    0
  4985, 32920,20181231,   19,    0
  4985, 32920,20190101,   45,    0
  4985, 32920,20190102,   -8,    0
  4985, 32920,20190103,  -16,    0
  4985, 32920,20190104,    6,    0
  4985, 32920,20190105,   -1,    0
  4985, 32920,20190106,  -30,    0
  4985, 32920,20190107,  -22,    0
  4985, 32920,20190108,    4,    0
  4985, 32920,20190109,  -11,    0
  4985, 32920,20190110,  -30,    0
  4985, 32920,20190111,  -17,    0
  4985, 32920,20190112,  -68,    0
  4985, 32920,20190113,  -42,    0
  4985, 32920,20190114,   -9,    0
  4985, 32920,20190115,  -54,    0
  4985, 32920,20190116,  -55,    0
  4985, 32920,20190117,  -79,    0
  4985, 32920,20190118,  -86,    0
  4985, 32920,20190119,  -52,    0
  4985, 32920,20190120,  -83,    0
  4985, 32920,20190121,  -57,    0
  4985, 32920,20190122,  -43,    0
  4985, 32920,20190123,  -28,    0
  4985, 32920,20190124,-9999,    9
  4985, 32920,20190125,  -38,    0
  4985, 32920,20190126,  -53,    0
  4985, 32920,20190127,  -58,    0
  4985, 32920,20190128,  -55,    0
  4985, 32920,20190129, -143,    0
  4985, 32920,20190130,-9999,    9
  4985, 32920,20190131,  -63,    0
  4985, 32920,20190201,  -28,    0
  4985, 32920,20190202,  -37,    0
  4985, 32920,20190203,  -63,    0
  4985, 32920,20190204,  -75,    0
  4985, 32920,20190205,  -34,    0
  4985, 32920,20190206,  -69,    0
  4985, 32920,20190207,  -18,    0
  4985, 32920,20190208,   -6,    0
  4985, 32920,20190209,   26,    0
  4985, 32920,20190210,   20,    0
  4985, 32920,20190211,    0,    0
  4985, 32920,20190212,  -18,    0
  4985, 32920,20190213,   40,    0
  4985, 32920,20190214,   31,    0
  4985, 32920,20190215,   29,    0
  4985, 32920,20190216,   20,    0
  4985, 32920,20190217,   18,    0
  4985, 32920,20190218,   36,    0
  4985, 32920,20190219,   34,    0
  4985, 32920,20190220,    2,    0
  4985, 32920,20190221,   -4,    0
  4985, 32920,20190222,    0,    0
  4985, 32920,20190223,   25,    0
  4985, 32920,20190224,   29,    0
  4985, 32920,20190225,   20,    0
  4985, 32920,20190226,   37,    0
  4985, 32920,20190227,   10,    0
  4985, 32920,20190228,-9999,    9
  4985, 32920,20190301,    8,    0
  4985, 32920,20190302,   -5,    0
  4985, 32920,20190303,   27,    0
  4985, 32920,20190304,   17,    0
  4985, 32920,20190305,  -17,    0
  4985, 32920,20190306,  -15,    0
  4985, 32920,20190307,    9,    0
  4985, 32920,20190308,   -1,    0
  4985, 32920,20190309,  -15,    0
  4985, 32920,20190310,-9999,    9
  4985, 32920,20190311,  -52,    0
  4985, 32920,20190312,  -49,    0
  4985, 32920,20190313,    6,    0
  4985, 32920,20190314,  -18,    0
  4985, 32920,20190315,   -1,    0
  4985, 32920,20190316,    4,    0
  4985, 32920,20190317,   13,    0
  4985, 32920,20190318,   22,    0
  4985, 32920,20190319,   15,    0
  4985, 32920,20190320,   61,    0
  4985, 32920,20190321,   72,    0
  4985, 32920,20190322,   25,    0
  4985, 32920,20190323,   62,    0
  4985, 32920,20190324,   37,    0
  4985, 32920,20190325,   28,    0
  4985, 32920,20190326,   35,    0
  4985, 32920,20190327,   48,    0
  4985, 32920,20190328,   77,    0
  4985, 32920,20190329,   92,    0
  4985, 32920,20190330,   59,    0
  4985, 32920,20190331,-9999,    9
  4985, 32920,20190401,    7,    0
  4985, 32920,20190402,   33,    0
  4985, 32920,20190403,   32,    0
  4985, 32920,20190404,   61,    0
  4985, 32920,20190405,   56,    0
  4985, 32920,20190406,   54,    0
  4985, 32920,20190407,   51,    0
  4985, 32920,20190408,   36,    0
  4985, 32920,20190409,   15,    0
  4985, 32920,20190410,   14,    0
  4985, 32920,20190411,    9,    0
  4985, 32920,20190412,   14,    0
  4985, 32920,20190413,-9999,    9
  4985, 32920,20190414,-9999,    9
  4985, 32920,20190415,-9999,    9
  4985, 32920,20190416,   40,    0
  4985, 32920,20190417,   60,    0
  4985, 32920,20190418,   89,    0
  4985, 32920,20190419,  100,    0
  4985, 32920,20190420,   99,    0
  4985, 32920,20190421,  108,    0
  4985, 32920,20190422,  105,    0
  4985, 32920,20190423,  104,    0
  4985, 32920,20190424,  135,    0
  4985, 32920,20190425,  129,    0
  4985, 32920,20190426,  140,    0
  4985, 32920,20190427,  137,    0
  4985, 32920,20190428,  129,    0
  4985, 32920,20190429,-9999,    9
  4985, 32920,20190430,  159,    0
