EUROPEAN CLIMATE ASSESSMENT & DATASET (ECA&D), file created on: 13-05-2019
THESE DATA CAN BE USED FOR NON-COMMERCIAL RESEARCH AND EDUCATION PROVIDED THAT THE FOLLOWING SOURCE IS ACKNOWLEDGED: 

Klein Tank, A.M.G. and Coauthors, 2002. Daily dataset of 20th-century surface
air temperature and precipitation series for the European Climate Assessment.
Int. J. of Climatol., 22, 1441-1453.
Data and metadata available at http://www.ecad.eu

FILE FORMAT (MISSING VALUE CODE = -9999):

01-06 STAID: Station identifier
08-13 SOUID: Source identifier
15-22 DATE : Date YYYYMMDD
24-28 TG   : Mean temperature in 0.1 &#176;C
30-34 Q_TG : quality code for TG (0='valid'; 1='suspect'; 9='missing')

This is the blended series of station BRUSDALSVATN II, NORWAY (STAID: 5041)
Blended and updated with sources:33592 901224 
See files sources.txt and stations.txt for more info.

STAID, SOUID,    DATE,   TG, Q_TG
  5041,901224,20120501,   75,    0
  5041,901224,20120502,   78,    0
  5041,901224,20120503,   63,    0
  5041,901224,20120504,   48,    0
  5041,901224,20120505,   30,    0
  5041,901224,20120506,   23,    0
  5041,901224,20120507,   53,    0
  5041,901224,20120508,   70,    0
  5041,901224,20120509,   97,    0
  5041,901224,20120510,   94,    0
  5041,901224,20120511,   63,    0
  5041,901224,20120512,   61,    0
  5041,901224,20120513,   85,    0
  5041,901224,20120514,   70,    0
  5041,901224,20120515,   88,    0
  5041,901224,20120516,   80,    0
  5041,901224,20120517,   70,    0
  5041,901224,20120518,   71,    0
  5041,901224,20120519,   69,    0
  5041,901224,20120520,   83,    0
  5041,901224,20120521,  118,    0
  5041,901224,20120522,  148,    0
  5041,901224,20120523,  145,    0
  5041,901224,20120524,  187,    0
  5041,901224,20120525,  152,    0
  5041,901224,20120526,  146,    0
  5041,901224,20120527,  168,    0
  5041,901224,20120528,   88,    0
  5041,901224,20120529,   70,    0
  5041, 33592,20120530,-9999,    9
  5041,901224,20120531,   70,    0
  5041,901224,20120601,   59,    0
  5041,901224,20120602,   64,    0
  5041,901224,20120603,   68,    0
  5041,901224,20120604,   89,    0
  5041,901224,20120605,  100,    0
  5041, 33592,20120606,-9999,    9
  5041,901224,20120607,  120,    0
  5041,901224,20120608,  110,    0
  5041,901224,20120609,  118,    0
  5041,901224,20120610,   97,    0
  5041,901224,20120611,   98,    0
  5041,901224,20120612,   98,    0
  5041,901224,20120613,   89,    0
  5041,901224,20120614,   97,    0
  5041,901224,20120615,   93,    0
  5041,901224,20120616,  128,    0
  5041,901224,20120617,  133,    0
  5041,901224,20120618,   96,    0
  5041,901224,20120619,  110,    0
  5041,901224,20120620,  111,    0
  5041,901224,20120621,  133,    0
  5041,901224,20120622,  165,    0
  5041,901224,20120623,  174,    0
  5041,901224,20120624,  173,    0
  5041,901224,20120625,  128,    0
  5041,901224,20120626,  117,    0
  5041,901224,20120627,  119,    0
  5041,901224,20120628,  121,    0
  5041,901224,20120629,  152,    0
  5041,901224,20120630,  149,    0
  5041,901224,20120701,  161,    0
  5041,901224,20120702,  143,    0
  5041,901224,20120703,  158,    0
  5041,901224,20120704,  159,    0
  5041,901224,20120705,  189,    0
  5041,901224,20120706,  173,    0
  5041, 33592,20120707,-9999,    9
  5041,901224,20120708,  116,    0
  5041,901224,20120709,  128,    0
  5041,901224,20120710,  124,    0
  5041,901224,20120711,  132,    0
  5041,901224,20120712,  114,    0
  5041,901224,20120713,  116,    0
  5041,901224,20120714,  116,    0
  5041,901224,20120715,  133,    0
  5041,901224,20120716,  127,    0
  5041,901224,20120717,  125,    0
  5041,901224,20120718,  128,    0
  5041,901224,20120719,  116,    0
  5041,901224,20120720,  110,    0
  5041,901224,20120721,  106,    0
  5041,901224,20120722,  134,    0
  5041,901224,20120723,  153,    0
  5041,901224,20120724,  165,    0
  5041,901224,20120725,  146,    0
  5041,901224,20120726,  129,    0
  5041,901224,20120727,  132,    0
  5041,901224,20120728,  146,    0
  5041,901224,20120729,  150,    0
  5041,901224,20120730,  139,    0
  5041,901224,20120731,  133,    0
  5041, 33592,20120801,  144,    0
  5041, 33592,20120802,  142,    0
  5041, 33592,20120803,  150,    0
  5041,901224,20120804,  130,    0
  5041,901224,20120805,  147,    0
  5041,901224,20120806,  140,    0
  5041,901224,20120807,  123,    0
  5041,901224,20120808,  126,    0
  5041,901224,20120809,  119,    0
  5041, 33592,20120810,  153,    0
  5041, 33592,20120811,  153,    0
  5041, 33592,20120812,  162,    0
  5041,901224,20120813,  154,    0
  5041,901224,20120814,  166,    0
  5041, 33592,20120815,  175,    0
  5041, 33592,20120816,  176,    0
  5041, 33592,20120817,  168,    0
  5041, 33592,20120818,  175,    0
  5041, 33592,20120819,  175,    0
  5041, 33592,20120820,  168,    0
  5041, 33592,20120821,  154,    0
  5041, 33592,20120822,  155,    0
  5041, 33592,20120823,  138,    0
  5041, 33592,20120824,  138,    0
  5041, 33592,20120825,  137,    0
  5041, 33592,20120826,  109,    0
  5041, 33592,20120827,  115,    0
  5041, 33592,20120828,  162,    0
  5041, 33592,20120829,  175,    0
  5041, 33592,20120830,  151,    0
  5041,901224,20120831,  108,    0
  5041, 33592,20120901,  143,    0
  5041, 33592,20120902,  150,    0
  5041, 33592,20120903,  150,    0
  5041, 33592,20120904,  148,    0
  5041, 33592,20120905,   94,    0
  5041, 33592,20120906,  106,    0
  5041, 33592,20120907,  107,    0
  5041, 33592,20120908,   93,    0
  5041, 33592,20120909,  129,    0
  5041, 33592,20120910,  173,    0
  5041, 33592,20120911,   99,    0
  5041, 33592,20120912,   90,    0
  5041, 33592,20120913,  111,    0
  5041, 33592,20120914,  119,    0
  5041, 33592,20120915,  108,    0
  5041, 33592,20120916,  126,    0
  5041,901224,20120917,  102,    0
  5041, 33592,20120918,   91,    0
  5041,901224,20120919,   80,    0
  5041,901224,20120920,   86,    0
  5041,901224,20120921,   96,    0
  5041,901224,20120922,   81,    0
  5041,901224,20120923,   83,    0
  5041,901224,20120924,   94,    0
  5041,901224,20120925,  111,    0
  5041,901224,20120926,  105,    0
  5041, 33592,20120927,   93,    0
  5041, 33592,20120928,   86,    0
  5041, 33592,20120929,   83,    0
  5041, 33592,20120930,   97,    0
  5041, 33592,20121001,  128,    0
  5041,901224,20121002,  119,    0
  5041, 33592,20121003,  102,    0
  5041, 33592,20121004,  116,    0
  5041, 33592,20121005,  104,    0
  5041, 33592,20121006,   88,    0
  5041, 33592,20121007,   87,    0
  5041, 33592,20121008,   60,    0
  5041, 33592,20121009,   44,    0
  5041, 33592,20121010,   68,    0
  5041, 33592,20121011,   46,    0
  5041, 33592,20121012,   49,    0
  5041, 33592,20121013,   36,    0
  5041, 33592,20121014,   55,    0
  5041, 33592,20121015,   90,    0
  5041, 33592,20121016,   45,    0
  5041, 33592,20121017,   55,    0
  5041, 33592,20121018,   70,    0
  5041, 33592,20121019,   79,    0
  5041, 33592,20121020,   78,    0
  5041, 33592,20121021,   89,    0
  5041, 33592,20121022,   77,    0
  5041, 33592,20121023,   87,    0
  5041, 33592,20121024,   49,    0
  5041, 33592,20121025,   21,    0
  5041,901224,20121026,   28,    0
  5041,901224,20121027,   36,    0
  5041,901224,20121028,    4,    0
  5041, 33592,20121029,  -28,    0
  5041, 33592,20121030,    0,    0
  5041, 33592,20121031,   51,    0
  5041, 33592,20121101,   95,    0
  5041, 33592,20121102,   78,    0
  5041,901224,20121103,   75,    0
  5041,901224,20121104,   45,    0
  5041,901224,20121105,   49,    0
  5041,901224,20121106,   63,    0
  5041,901224,20121107,   26,    0
  5041, 33592,20121108,   22,    0
  5041,901224,20121109,   51,    0
  5041, 33592,20121110,   71,    0
  5041, 33592,20121111,   63,    0
  5041, 33592,20121112,   46,    0
  5041, 33592,20121113,   74,    0
  5041, 33592,20121114,   96,    0
  5041, 33592,20121115,   85,    0
  5041, 33592,20121116,   93,    0
  5041, 33592,20121117,   75,    0
  5041, 33592,20121118,   49,    0
  5041, 33592,20121119,   48,    0
  5041,901224,20121120,   94,    0
  5041, 33592,20121121,  124,    0
  5041, 33592,20121122,   66,    0
  5041,901224,20121123,   95,    0
  5041, 33592,20121124,   74,    0
  5041,901224,20121125,   38,    0
  5041,901224,20121126,   40,    0
  5041, 33592,20121127,   14,    0
  5041, 33592,20121128,   20,    0
  5041, 33592,20121129,   13,    0
  5041, 33592,20121130,    8,    0
  5041, 33592,20121201,  -18,    0
  5041, 33592,20121202,  -53,    0
  5041, 33592,20121203,  -46,    0
  5041, 33592,20121204,  -46,    0
  5041, 33592,20121205,  -62,    0
  5041, 33592,20121206,  -40,    0
  5041, 33592,20121207,  -66,    0
  5041,901224,20121208,  -18,    0
  5041, 33592,20121209,    0,    0
  5041, 33592,20121210,    4,    0
  5041, 33592,20121211,    7,    0
  5041, 33592,20121212,  -38,    0
  5041, 33592,20121213,  -38,    0
  5041, 33592,20121214,   -2,    0
  5041, 33592,20121215,   37,    0
  5041, 33592,20121216,   63,    0
  5041, 33592,20121217,   60,    0
  5041, 33592,20121218,   17,    0
  5041, 33592,20121219,  -15,    0
  5041, 33592,20121220,  -28,    0
  5041, 33592,20121221,  -29,    0
  5041,901224,20121222,   -5,    0
  5041,901224,20121223,   -1,    0
  5041,901224,20121224,    0,    0
  5041,901224,20121225,  -12,    0
  5041,901224,20121226,    9,    0
  5041, 33592,20121227,   -8,    0
  5041, 33592,20121228,   19,    0
  5041, 33592,20121229,   86,    0
  5041, 33592,20121230,   56,    0
  5041, 33592,20121231,   46,    0
  5041, 33592,20130101,   47,    0
  5041, 33592,20130102,   43,    0
  5041, 33592,20130103,   76,    0
  5041, 33592,20130104,   74,    0
  5041, 33592,20130105,   78,    0
  5041, 33592,20130106,   50,    0
  5041, 33592,20130107,   53,    0
  5041, 33592,20130108,   48,    0
  5041, 33592,20130109,   30,    0
  5041, 33592,20130110,    4,    0
  5041, 33592,20130111,  -27,    0
  5041, 33592,20130112,  -55,    0
  5041,901224,20130113,  -27,    1
  5041, 33592,20130114,  -33,    0
  5041, 33592,20130115,  -20,    0
  5041, 33592,20130116,  -22,    0
  5041, 33592,20130117,  -48,    0
  5041, 33592,20130118,  -75,    0
  5041, 33592,20130119,  -71,    0
  5041, 33592,20130120,  -53,    0
  5041, 33592,20130121,  -44,    0
  5041, 33592,20130122,  -89,    0
  5041, 33592,20130123,  -83,    0
  5041, 33592,20130124,  -66,    0
  5041, 33592,20130125,   -2,    0
  5041, 33592,20130126,   28,    0
  5041, 33592,20130127,   22,    0
  5041, 33592,20130128,   62,    0
  5041, 33592,20130129,   42,    0
  5041, 33592,20130130,   51,    0
  5041, 33592,20130131,   14,    0
  5041,901224,20130201,   -2,    0
  5041, 33592,20130202,   27,    0
  5041, 33592,20130203,    9,    0
  5041, 33592,20130204,   22,    0
  5041, 33592,20130205,   11,    0
  5041, 33592,20130206,  -18,    0
  5041, 33592,20130207,  -93,    0
  5041, 33592,20130208,  -71,    0
  5041, 33592,20130209,  -89,    0
  5041, 33592,20130210,  -83,    0
  5041,901224,20130211,  -21,    1
  5041, 33592,20130212,  -37,    0
  5041, 33592,20130213,  -56,    0
  5041,901224,20130214,   -4,    0
  5041,901224,20130215,   20,    0
  5041, 33592,20130216,   59,    0
  5041, 33592,20130217,   49,    0
  5041, 33592,20130218,   39,    0
  5041, 33592,20130219,    5,    0
  5041, 33592,20130220,   19,    0
  5041, 33592,20130221,   21,    0
  5041, 33592,20130222,   10,    0
  5041, 33592,20130223,  -13,    0
  5041, 33592,20130224,   -1,    0
  5041, 33592,20130225,  -19,    0
  5041, 33592,20130226,   48,    0
  5041,901224,20130227,   65,    0
  5041, 33592,20130228,   46,    0
  5041,901224,20130301,   24,    0
  5041, 33592,20130302,   39,    0
  5041, 33592,20130303,   33,    0
  5041, 33592,20130304,   55,    0
  5041, 33592,20130305,   58,    0
  5041,901224,20130306,   41,    0
  5041, 33592,20130307,   -5,    0
  5041, 33592,20130308,  -10,    0
  5041, 33592,20130309,  -26,    0
  5041, 33592,20130310,  -42,    0
  5041, 33592,20130311,  -11,    0
  5041, 33592,20130312,  -11,    0
  5041, 33592,20130313,  -66,    0
  5041, 33592,20130314,  -18,    0
  5041,901224,20130315,    5,    0
  5041,901224,20130316,    9,    0
  5041,901224,20130317,   51,    0
  5041,901224,20130318,   41,    0
  5041,901224,20130319,    2,    0
  5041,901224,20130320,   -7,    0
  5041,901224,20130321,   16,    0
  5041,901224,20130322,    0,    0
  5041,901224,20130323,  -11,    0
  5041,901224,20130324,    7,    0
  5041,901224,20130325,   11,    0
  5041,901224,20130326,    7,    0
  5041,901224,20130327,   16,    0
  5041,901224,20130328,   13,    0
  5041,901224,20130329,    3,    0
  5041,901224,20130330,   10,    0
  5041,901224,20130331,   13,    0
  5041,901224,20130401,   34,    0
  5041,901224,20130402,   35,    0
  5041,901224,20130403,   38,    0
  5041,901224,20130404,   33,    0
  5041,901224,20130405,   16,    0
  5041,901224,20130406,   10,    0
  5041,901224,20130407,   25,    0
  5041,901224,20130408,   20,    0
  5041, 33592,20130409,-9999,    9
  5041,901224,20130410,   24,    0
  5041,901224,20130411,   26,    0
  5041,901224,20130412,   46,    0
  5041,901224,20130413,   55,    0
  5041,901224,20130414,   77,    0
  5041,901224,20130415,  117,    0
  5041,901224,20130416,  108,    0
  5041,901224,20130417,   76,    0
  5041,901224,20130418,   81,    0
  5041,901224,20130419,   49,    0
  5041,901224,20130420,   48,    0
  5041,901224,20130421,  100,    0
  5041,901224,20130422,   77,    0
  5041, 33592,20130423,   52,    0
  5041,901224,20130424,   58,    0
  5041,901224,20130425,   53,    0
  5041,901224,20130426,   57,    0
  5041,901224,20130427,   58,    0
  5041,901224,20130428,   63,    0
  5041,901224,20130429,   65,    0
  5041,901224,20130430,   38,    0
  5041,901224,20130501,   53,    0
  5041,901224,20130502,   43,    0
  5041,901224,20130503,   29,    0
  5041,901224,20130504,   50,    0
  5041,901224,20130505,   86,    0
  5041,901224,20130506,  100,    0
  5041,901224,20130507,   91,    0
  5041,901224,20130508,  127,    0
  5041,901224,20130509,  121,    0
  5041,901224,20130510,   92,    0
  5041,901224,20130511,  101,    0
  5041,901224,20130512,   91,    0
  5041,901224,20130513,  119,    0
  5041,901224,20130514,   81,    0
  5041,901224,20130515,   97,    0
  5041,901224,20130516,  124,    0
  5041,901224,20130517,  146,    0
  5041,901224,20130518,  151,    0
  5041,901224,20130519,  150,    0
  5041,901224,20130520,  169,    0
  5041,901224,20130521,  100,    0
  5041,901224,20130522,   76,    0
  5041,901224,20130523,   84,    0
  5041,901224,20130524,   91,    0
  5041,901224,20130525,   98,    0
  5041,901224,20130526,   82,    0
  5041,901224,20130527,  135,    0
  5041,901224,20130528,  153,    0
  5041,901224,20130529,  179,    0
  5041,901224,20130530,  176,    0
  5041,901224,20130531,  173,    0
  5041,901224,20130601,  118,    0
  5041,901224,20130602,   94,    0
  5041,901224,20130603,  104,    0
  5041,901224,20130604,  105,    0
  5041, 33592,20130605,-9999,    9
  5041,901224,20130606,  109,    0
  5041,901224,20130607,  109,    0
  5041,901224,20130608,  104,    0
  5041,901224,20130609,   98,    0
  5041,901224,20130610,  103,    0
  5041,901224,20130611,  126,    0
  5041,901224,20130612,  116,    0
  5041,901224,20130613,  138,    0
  5041,901224,20130614,  125,    0
  5041,901224,20130615,  141,    0
  5041,901224,20130616,  121,    0
  5041,901224,20130617,  115,    0
  5041,901224,20130618,  124,    0
  5041,901224,20130619,  141,    0
  5041,901224,20130620,  141,    0
  5041, 33592,20130621,  138,    0
  5041, 33592,20130622,  134,    0
  5041, 33592,20130623,  156,    0
  5041, 33592,20130624,  150,    0
  5041, 33592,20130625,  131,    0
  5041, 33592,20130626,  138,    0
  5041, 33592,20130627,  158,    0
  5041, 33592,20130628,  162,    0
  5041, 33592,20130629,  124,    0
  5041, 33592,20130630,  144,    0
  5041, 33592,20130701,  145,    0
  5041, 33592,20130702,  135,    0
  5041, 33592,20130703,  150,    0
  5041, 33592,20130704,  165,    0
  5041, 33592,20130705,  142,    0
  5041, 33592,20130706,  201,    0
  5041, 33592,20130707,  156,    0
  5041, 33592,20130708,  151,    0
  5041, 33592,20130709,  144,    0
  5041, 33592,20130710,  120,    0
  5041, 33592,20130711,  143,    0
  5041, 33592,20130712,  153,    0
  5041, 33592,20130713,  136,    0
  5041, 33592,20130714,  120,    0
  5041, 33592,20130715,  121,    0
  5041, 33592,20130716,  131,    0
  5041, 33592,20130717,  149,    0
  5041, 33592,20130718,  137,    0
  5041, 33592,20130719,  130,    0
  5041, 33592,20130720,  147,    0
  5041, 33592,20130721,  140,    0
  5041, 33592,20130722,-9999,    9
  5041, 33592,20130723,  168,    0
  5041, 33592,20130724,  198,    0
  5041, 33592,20130725,  194,    0
  5041, 33592,20130726,  185,    0
  5041, 33592,20130727,  188,    0
  5041, 33592,20130728,  197,    0
  5041, 33592,20130729,  194,    0
  5041, 33592,20130730,  184,    0
  5041, 33592,20130731,  150,    0
  5041, 33592,20130801,  148,    0
  5041, 33592,20130802,  173,    0
  5041, 33592,20130803,  190,    0
  5041, 33592,20130804,  186,    0
  5041, 33592,20130805,  176,    0
  5041, 33592,20130806,  164,    0
  5041, 33592,20130807,  148,    0
  5041, 33592,20130808,  152,    0
  5041, 33592,20130809,  154,    0
  5041, 33592,20130810,-9999,    9
  5041, 33592,20130811,-9999,    9
  5041, 33592,20130812,-9999,    9
  5041, 33592,20130813,  119,    0
  5041, 33592,20130814,  126,    0
  5041, 33592,20130815,  143,    0
  5041, 33592,20130816,  158,    0
  5041, 33592,20130817,  171,    0
  5041, 33592,20130818,  169,    0
  5041, 33592,20130819,  158,    0
  5041, 33592,20130820,  149,    0
  5041, 33592,20130821,  142,    0
  5041, 33592,20130822,  133,    0
  5041, 33592,20130823,  155,    0
  5041, 33592,20130824,  182,    0
  5041, 33592,20130825,  173,    0
  5041, 33592,20130826,  190,    0
  5041, 33592,20130827,  185,    0
  5041, 33592,20130828,  132,    0
  5041, 33592,20130829,  129,    0
  5041, 33592,20130830,  142,    0
  5041, 33592,20130831,  123,    0
  5041, 33592,20130901,  106,    0
  5041, 33592,20130902,  132,    0
  5041, 33592,20130903,  137,    0
  5041, 33592,20130904,  171,    0
  5041, 33592,20130905,  176,    0
  5041, 33592,20130906,  134,    0
  5041, 33592,20130907,  146,    0
  5041, 33592,20130908,  176,    0
  5041, 33592,20130909,-9999,    9
  5041, 33592,20130910,  144,    0
  5041, 33592,20130911,  145,    0
  5041, 33592,20130912,  151,    0
  5041, 33592,20130913,  129,    0
  5041, 33592,20130914,  113,    0
  5041, 33592,20130915,  127,    0
  5041, 33592,20130916,   95,    0
  5041, 33592,20130917,  115,    0
  5041, 33592,20130918,  117,    0
  5041, 33592,20130919,  110,    0
  5041, 33592,20130920,  119,    0
  5041, 33592,20130921,  121,    0
  5041, 33592,20130922,  105,    0
  5041, 33592,20130923,  102,    0
  5041, 33592,20130924,   93,    0
  5041, 33592,20130925,   80,    0
  5041, 33592,20130926,   62,    0
  5041, 33592,20130927,   64,    0
  5041, 33592,20130928,   80,    0
  5041, 33592,20130929,  102,    0
  5041, 33592,20130930,  105,    0
  5041, 33592,20131001,   84,    0
  5041, 33592,20131002,   75,    0
  5041, 33592,20131003,   81,    0
  5041, 33592,20131004,  137,    0
  5041, 33592,20131005,  120,    0
  5041, 33592,20131006,  135,    0
  5041, 33592,20131007,  137,    0
  5041, 33592,20131008,  137,    0
  5041, 33592,20131009,   98,    0
  5041, 33592,20131010,   63,    0
  5041, 33592,20131011,   61,    0
  5041, 33592,20131012,   65,    0
  5041, 33592,20131013,   84,    0
  5041, 33592,20131014,   81,    0
  5041, 33592,20131015,   92,    0
  5041, 33592,20131016,   56,    0
  5041, 33592,20131017,   43,    0
  5041, 33592,20131018,   43,    0
  5041, 33592,20131019,   32,    0
  5041, 33592,20131020,   25,    0
  5041, 33592,20131021,-9999,    9
  5041, 33592,20131022,-9999,    9
  5041, 33592,20131023,  124,    0
  5041, 33592,20131024,  105,    0
  5041, 33592,20131025,   78,    0
  5041, 33592,20131026,   91,    0
  5041, 33592,20131027,   91,    0
  5041, 33592,20131028,   80,    0
  5041, 33592,20131029,   70,    0
  5041, 33592,20131030,   45,    0
  5041, 33592,20131031,-9999,    9
  5041, 33592,20131101,   83,    0
  5041, 33592,20131102,   78,    0
  5041, 33592,20131103,   95,    0
  5041, 33592,20131104,   61,    0
  5041, 33592,20131105,   63,    0
  5041, 33592,20131106,   15,    0
  5041, 33592,20131107,   54,    0
  5041, 33592,20131108,   63,    0
  5041, 33592,20131109,   44,    0
  5041, 33592,20131110,   42,    0
  5041, 33592,20131111,   54,    0
  5041, 33592,20131112,-9999,    9
  5041, 33592,20131113,-9999,    9
  5041, 33592,20131114,-9999,    9
  5041, 33592,20131115,-9999,    9
  5041, 33592,20131116,-9999,    9
  5041, 33592,20131117,-9999,    9
  5041, 33592,20131118,-9999,    9
  5041, 33592,20131119,-9999,    9
  5041, 33592,20131120,-9999,    9
  5041, 33592,20131121,-9999,    9
  5041, 33592,20131122,-9999,    9
  5041, 33592,20131123,-9999,    9
  5041, 33592,20131124,-9999,    9
  5041, 33592,20131125,-9999,    9
  5041, 33592,20131126,-9999,    9
  5041, 33592,20131127,-9999,    9
  5041, 33592,20131128,-9999,    9
  5041, 33592,20131129,-9999,    9
  5041, 33592,20131130,-9999,    9
  5041, 33592,20131201,   41,    0
  5041, 33592,20131202,   63,    0
  5041, 33592,20131203,   43,    0
  5041, 33592,20131204,   20,    0
  5041, 33592,20131205,  -18,    0
  5041, 33592,20131206,-9999,    9
  5041, 33592,20131207,-9999,    9
  5041, 33592,20131208,-9999,    9
  5041, 33592,20131209,-9999,    9
  5041, 33592,20131210,-9999,    9
  5041, 33592,20131211,-9999,    9
  5041, 33592,20131212,-9999,    9
  5041, 33592,20131213,-9999,    9
  5041, 33592,20131214,-9999,    9
  5041, 33592,20131215,-9999,    9
  5041, 33592,20131216,-9999,    9
  5041, 33592,20131217,-9999,    9
  5041, 33592,20131218,-9999,    9
  5041, 33592,20131219,-9999,    9
  5041, 33592,20131220,-9999,    9
  5041, 33592,20131221,-9999,    9
  5041, 33592,20131222,-9999,    9
  5041, 33592,20131223,-9999,    9
  5041, 33592,20131224,-9999,    9
  5041, 33592,20131225,-9999,    9
  5041, 33592,20131226,-9999,    9
  5041, 33592,20131227,-9999,    9
  5041, 33592,20131228,-9999,    9
  5041, 33592,20131229,-9999,    9
  5041, 33592,20131230,-9999,    9
  5041, 33592,20131231,-9999,    9
  5041, 33592,20140101,   41,    0
  5041, 33592,20140102,   69,    0
  5041, 33592,20140103,   60,    0
  5041, 33592,20140104,   70,    0
  5041, 33592,20140105,   58,    0
  5041, 33592,20140106,-9999,    9
  5041, 33592,20140107,-9999,    9
  5041, 33592,20140108,-9999,    9
  5041, 33592,20140109,-9999,    9
  5041, 33592,20140110,-9999,    9
  5041, 33592,20140111,-9999,    9
  5041, 33592,20140112,-9999,    9
  5041, 33592,20140113,-9999,    9
  5041, 33592,20140114,-9999,    9
  5041, 33592,20140115,-9999,    9
  5041, 33592,20140116,-9999,    9
  5041, 33592,20140117,-9999,    9
  5041, 33592,20140118,-9999,    9
  5041, 33592,20140119,   44,    0
  5041, 33592,20140120,-9999,    9
  5041, 33592,20140121,-9999,    9
  5041, 33592,20140122,   12,    0
  5041, 33592,20140123,   34,    0
  5041, 33592,20140124,   29,    0
  5041, 33592,20140125,   58,    0
  5041, 33592,20140126,   33,    0
  5041, 33592,20140127,-9999,    9
  5041, 33592,20140128,   37,    0
  5041, 33592,20140129,   41,    0
  5041, 33592,20140130,   -6,    0
  5041, 33592,20140131,   -6,    0
  5041, 33592,20140201,   49,    0
  5041, 33592,20140202,   86,    0
  5041, 33592,20140203,   87,    0
  5041, 33592,20140204,   54,    0
  5041, 33592,20140205,   43,    0
  5041, 33592,20140206,   71,    0
  5041, 33592,20140207,   45,    0
  5041, 33592,20140208,   31,    0
  5041, 33592,20140209,   81,    0
  5041, 33592,20140210,   76,    0
  5041, 33592,20140211,-9999,    9
  5041, 33592,20140212,-9999,    9
  5041, 33592,20140213,   61,    0
  5041, 33592,20140214,   80,    0
  5041, 33592,20140215,   66,    0
  5041, 33592,20140216,   49,    0
  5041, 33592,20140217,   30,    0
  5041, 33592,20140218,    5,    0
  5041, 33592,20140219,  -31,    0
  5041, 33592,20140220,   -1,    0
  5041, 33592,20140221,   62,    0
  5041, 33592,20140222,   82,    0
  5041, 33592,20140223,   97,    0
  5041, 33592,20140224,   78,    0
  5041, 33592,20140225,   78,    0
  5041, 33592,20140226,   86,    0
  5041, 33592,20140227,   64,    0
  5041, 33592,20140228,   57,    0
  5041, 33592,20140301,   45,    0
  5041, 33592,20140302,   38,    0
  5041, 33592,20140303,   44,    0
  5041, 33592,20140304,   53,    0
  5041, 33592,20140305,   65,    0
  5041, 33592,20140306,   80,    0
  5041, 33592,20140307,-9999,    9
  5041, 33592,20140308,-9999,    9
  5041, 33592,20140309,-9999,    9
  5041, 33592,20140310,-9999,    9
  5041, 33592,20140311,   84,    0
  5041, 33592,20140312,   87,    0
  5041, 33592,20140313,   85,    0
  5041, 33592,20140314,   45,    0
  5041, 33592,20140315,   24,    0
  5041, 33592,20140316,   26,    0
  5041, 33592,20140317,   30,    0
  5041, 33592,20140318,    8,    0
  5041, 33592,20140319,   33,    0
  5041, 33592,20140320,   59,    0
  5041, 33592,20140321,   39,    0
  5041, 33592,20140322,   72,    0
  5041, 33592,20140323,   42,    0
  5041, 33592,20140324,   40,    0
  5041, 33592,20140325,   41,    0
  5041, 33592,20140326,   38,    0
  5041, 33592,20140327,   49,    0
  5041, 33592,20140328,   71,    0
  5041, 33592,20140329,   57,    0
  5041, 33592,20140330,   55,    0
  5041, 33592,20140331,   34,    0
  5041, 33592,20140401,   40,    0
  5041, 33592,20140402,   42,    0
  5041, 33592,20140403,   40,    0
  5041, 33592,20140404,   50,    0
  5041, 33592,20140405,   62,    0
  5041, 33592,20140406,   85,    0
  5041, 33592,20140407,   93,    0
  5041, 33592,20140408,   80,    0
  5041, 33592,20140409,   83,    0
  5041, 33592,20140410,   81,    0
  5041, 33592,20140411,   62,    0
  5041, 33592,20140412,   83,    0
  5041, 33592,20140413,   57,    0
  5041, 33592,20140414,   42,    0
  5041, 33592,20140415,   59,    0
  5041, 33592,20140416,  103,    0
  5041, 33592,20140417,   76,    0
  5041, 33592,20140418,   71,    0
  5041, 33592,20140419,  108,    0
  5041, 33592,20140420,   82,    0
  5041, 33592,20140421,   77,    0
  5041, 33592,20140422,   93,    0
  5041, 33592,20140423,  125,    0
  5041, 33592,20140424,  112,    0
  5041, 33592,20140425,   85,    0
  5041, 33592,20140426,  103,    0
  5041, 33592,20140427,  120,    0
  5041, 33592,20140428,   79,    0
  5041, 33592,20140429,   61,    0
  5041, 33592,20140430,   36,    0
  5041, 33592,20140501,   35,    0
  5041, 33592,20140502,   38,    0
  5041, 33592,20140503,   45,    0
  5041, 33592,20140504,   51,    0
  5041, 33592,20140505,   85,    0
  5041, 33592,20140506,   99,    0
  5041, 33592,20140507,  104,    0
  5041, 33592,20140508,  107,    0
  5041, 33592,20140509,   95,    0
  5041, 33592,20140510,   96,    0
  5041, 33592,20140511,   97,    0
  5041, 33592,20140512,   95,    0
  5041, 33592,20140513,   80,    0
  5041, 33592,20140514,   69,    0
  5041, 33592,20140515,   82,    0
  5041, 33592,20140516,  127,    0
  5041, 33592,20140517,  112,    0
  5041, 33592,20140518,  153,    0
  5041, 33592,20140519,  140,    0
  5041, 33592,20140520,  137,    0
  5041, 33592,20140521,  147,    0
  5041, 33592,20140522,  129,    0
  5041, 33592,20140523,  130,    0
  5041, 33592,20140524,  132,    0
  5041, 33592,20140525,  111,    0
  5041, 33592,20140526,  104,    0
  5041, 33592,20140527,  142,    0
  5041, 33592,20140528,  151,    0
  5041, 33592,20140529,  137,    0
  5041, 33592,20140530,  114,    0
  5041, 33592,20140531,  116,    0
  5041, 33592,20140601,  138,    0
  5041, 33592,20140602,  153,    0
  5041, 33592,20140603,  177,    0
  5041, 33592,20140604,  173,    0
  5041, 33592,20140605,  200,    0
  5041, 33592,20140606,  191,    0
  5041, 33592,20140607,  141,    0
  5041, 33592,20140608,  160,    0
  5041, 33592,20140609,  164,    0
  5041,901224,20140610,  190,    0
  5041,901224,20140611,  176,    0
  5041,901224,20140612,  128,    0
  5041, 33592,20140613,  126,    0
  5041, 33592,20140614,  138,    0
  5041, 33592,20140615,  134,    0
  5041, 33592,20140616,  123,    0
  5041, 33592,20140617,  116,    0
  5041, 33592,20140618,  125,    0
  5041, 33592,20140619,  118,    0
  5041, 33592,20140620,  105,    0
  5041, 33592,20140621,   94,    0
  5041, 33592,20140622,  100,    0
  5041, 33592,20140623,  114,    0
  5041, 33592,20140624,  121,    0
  5041, 33592,20140625,  123,    0
  5041, 33592,20140626,  122,    0
  5041, 33592,20140627,  140,    0
  5041, 33592,20140628,  144,    0
  5041, 33592,20140629,  141,    0
  5041, 33592,20140630,  157,    0
  5041, 33592,20140701,  143,    0
  5041, 33592,20140702,  132,    0
  5041, 33592,20140703,  142,    0
  5041, 33592,20140704,  175,    0
  5041, 33592,20140705,  205,    0
  5041, 33592,20140706,  162,    0
  5041, 33592,20140707,  173,    0
  5041, 33592,20140708,  183,    0
  5041, 33592,20140709,  228,    0
  5041, 33592,20140710,  177,    0
  5041, 33592,20140711,  220,    0
  5041, 33592,20140712,  192,    0
  5041, 33592,20140713,  210,    0
  5041, 33592,20140714,  185,    0
  5041, 33592,20140715,  167,    0
  5041, 33592,20140716,  166,    0
  5041, 33592,20140717,  162,    0
  5041, 33592,20140718,  168,    0
  5041, 33592,20140719,  205,    0
  5041, 33592,20140720,  239,    0
  5041, 33592,20140721,  238,    0
  5041, 33592,20140722,  227,    0
  5041, 33592,20140723,  203,    0
  5041, 33592,20140724,  207,    0
  5041, 33592,20140725,  196,    0
  5041, 33592,20140726,  203,    0
  5041, 33592,20140727,  222,    0
  5041, 33592,20140728,  198,    0
  5041, 33592,20140729,  189,    0
  5041, 33592,20140730,  183,    0
  5041, 33592,20140731,  154,    0
  5041, 33592,20140801,  152,    0
  5041, 33592,20140802,  182,    0
  5041, 33592,20140803,  192,    0
  5041, 33592,20140804,  177,    0
  5041, 33592,20140805,  178,    0
  5041, 33592,20140806,  188,    0
  5041, 33592,20140807,  190,    0
  5041, 33592,20140808,  169,    0
  5041, 33592,20140809,  210,    0
  5041, 33592,20140810,  205,    0
  5041, 33592,20140811,  180,    0
  5041, 33592,20140812,  187,    0
  5041, 33592,20140813,  169,    0
  5041, 33592,20140814,  165,    0
  5041, 33592,20140815,  147,    0
  5041, 33592,20140816,  143,    0
  5041, 33592,20140817,  151,    0
  5041, 33592,20140818,  146,    0
  5041, 33592,20140819,  143,    0
  5041, 33592,20140820,  124,    0
  5041, 33592,20140821,  115,    0
  5041, 33592,20140822,  117,    0
  5041, 33592,20140823,  128,    0
  5041, 33592,20140824,  134,    0
  5041, 33592,20140825,  128,    0
  5041, 33592,20140826,  131,    0
  5041, 33592,20140827,  128,    0
  5041, 33592,20140828,  152,    0
  5041, 33592,20140829,  175,    0
  5041, 33592,20140830,  176,    0
  5041, 33592,20140831,  176,    0
  5041, 33592,20140901,  162,    0
  5041, 33592,20140902,  158,    0
  5041, 33592,20140903,  172,    0
  5041, 33592,20140904,  160,    0
  5041, 33592,20140905,  154,    0
  5041, 33592,20140906,  155,    0
  5041, 33592,20140907,  163,    0
  5041, 33592,20140908,  149,    0
  5041, 33592,20140909,  134,    0
  5041, 33592,20140910,  134,    0
  5041, 33592,20140911,  152,    0
  5041, 33592,20140912,  145,    0
  5041, 33592,20140913,  145,    0
  5041, 33592,20140914,  152,    0
  5041, 33592,20140915,  141,    0
  5041, 33592,20140916,  138,    0
  5041, 33592,20140917,  126,    0
  5041, 33592,20140918,  116,    0
  5041, 33592,20140919,  131,    0
  5041, 33592,20140920,  130,    0
  5041, 33592,20140921,  107,    0
  5041, 33592,20140922,   86,    0
  5041, 33592,20140923,   88,    0
  5041, 33592,20140924,  104,    0
  5041, 33592,20140925,  118,    0
  5041, 33592,20140926,  128,    0
  5041, 33592,20140927,  124,    0
  5041, 33592,20140928,  126,    0
  5041, 33592,20140929,   99,    0
  5041, 33592,20140930,  123,    0
  5041, 33592,20141001,  132,    0
  5041, 33592,20141002,  114,    0
  5041, 33592,20141003,  137,    0
  5041, 33592,20141004,  152,    0
  5041, 33592,20141005,  133,    0
  5041, 33592,20141006,  149,    0
  5041, 33592,20141007,  123,    0
  5041, 33592,20141008,  123,    0
  5041, 33592,20141009,  105,    0
  5041, 33592,20141010,  106,    0
  5041, 33592,20141011,  111,    0
  5041, 33592,20141012,   99,    0
  5041, 33592,20141013,   92,    0
  5041, 33592,20141014,   71,    0
  5041, 33592,20141015,   46,    0
  5041, 33592,20141016,   48,    0
  5041, 33592,20141017,   41,    0
  5041, 33592,20141018,   89,    0
  5041, 33592,20141019,  119,    0
  5041, 33592,20141020,  107,    0
  5041, 33592,20141021,  104,    0
  5041, 33592,20141022,   91,    0
  5041, 33592,20141023,  129,    0
  5041, 33592,20141024,  111,    0
  5041, 33592,20141025,  114,    0
  5041, 33592,20141026,  106,    0
  5041, 33592,20141027,   93,    0
  5041, 33592,20141028,   89,    0
  5041, 33592,20141029,   60,    0
  5041, 33592,20141030,   53,    0
  5041, 33592,20141031,   65,    0
  5041, 33592,20141101,  125,    0
  5041, 33592,20141102,  105,    0
  5041, 33592,20141103,   76,    0
  5041, 33592,20141104,   62,    0
  5041, 33592,20141105,   19,    0
  5041, 33592,20141106,   68,    0
  5041, 33592,20141107,   85,    0
  5041, 33592,20141108,  122,    0
  5041, 33592,20141109,  102,    0
  5041, 33592,20141110,   90,    0
  5041, 33592,20141111,   58,    0
  5041, 33592,20141112,   63,    0
  5041, 33592,20141113,  108,    0
  5041, 33592,20141114,   94,    0
  5041, 33592,20141115,   88,    0
  5041, 33592,20141116,   66,    0
  5041, 33592,20141117,   29,    0
  5041, 33592,20141118,   30,    0
  5041, 33592,20141119,   37,    0
  5041, 33592,20141120,   52,    0
  5041, 33592,20141121,   14,    0
  5041, 33592,20141122,    1,    0
  5041, 33592,20141123,   62,    0
  5041, 33592,20141124,   67,    0
  5041, 33592,20141125,   76,    0
  5041, 33592,20141126,   35,    0
  5041, 33592,20141127,   51,    0
  5041, 33592,20141128,   38,    0
  5041, 33592,20141129,   35,    0
  5041, 33592,20141130,   44,    0
  5041, 33592,20141201,   66,    0
  5041, 33592,20141202,   60,    0
  5041, 33592,20141203,   95,    0
  5041, 33592,20141204,   71,    0
  5041, 33592,20141205,   60,    0
  5041, 33592,20141206,   48,    0
  5041, 33592,20141207,   42,    0
  5041, 33592,20141208,   38,    0
  5041, 33592,20141209,   47,    0
  5041, 33592,20141210,   44,    0
  5041, 33592,20141211,   61,    0
  5041, 33592,20141212,   67,    0
  5041, 33592,20141213,   33,    0
  5041, 33592,20141214,   66,    0
  5041, 33592,20141215,   18,    0
  5041, 33592,20141216,   17,    0
  5041, 33592,20141217,   19,    0
  5041, 33592,20141218,   41,    0
  5041, 33592,20141219,   27,    0
  5041, 33592,20141220,   29,    0
  5041, 33592,20141221,   31,    0
  5041, 33592,20141222,   35,    0
  5041, 33592,20141223,   29,    0
  5041, 33592,20141224,  -15,    0
  5041, 33592,20141225,  -35,    0
  5041, 33592,20141226,   -3,    0
  5041, 33592,20141227,  -35,    0
  5041, 33592,20141228,   -9,    0
  5041, 33592,20141229,   43,    0
  5041, 33592,20141230,   80,    0
  5041, 33592,20141231,  105,    0
  5041, 33592,20150101,   82,    0
  5041, 33592,20150102,   35,    0
  5041, 33592,20150103,   24,    0
  5041, 33592,20150104,   26,    0
  5041, 33592,20150105,   46,    0
  5041, 33592,20150106,   64,    0
  5041, 33592,20150107,   48,    0
  5041, 33592,20150108,   54,    0
  5041, 33592,20150109,   15,    0
  5041, 33592,20150110,   30,    0
  5041, 33592,20150111,   14,    0
  5041, 33592,20150112,   41,    0
  5041, 33592,20150113,   29,    0
  5041, 33592,20150114,   24,    0
  5041, 33592,20150115,   44,    0
  5041, 33592,20150116,   43,    0
  5041, 33592,20150117,   39,    0
  5041, 33592,20150118,   30,    0
  5041, 33592,20150119,   14,    0
  5041, 33592,20150120,   -8,    0
  5041, 33592,20150121,   -2,    0
  5041, 33592,20150122,   -7,    0
  5041,901224,20150123,   29,    0
  5041, 33592,20150124,   38,    0
  5041, 33592,20150125,   48,    0
  5041, 33592,20150126,   51,    0
  5041, 33592,20150127,   52,    0
  5041, 33592,20150128,   58,    0
  5041, 33592,20150129,   26,    0
  5041, 33592,20150130,   19,    0
  5041, 33592,20150131,    5,    0
  5041, 33592,20150201,  -10,    0
  5041, 33592,20150202,    7,    0
  5041,901224,20150203,   10,    0
  5041, 33592,20150204,   -2,    0
  5041, 33592,20150205,   31,    0
  5041, 33592,20150206,   50,    0
  5041, 33592,20150207,   33,    0
  5041, 33592,20150208,   39,    0
  5041, 33592,20150209,   59,    0
  5041, 33592,20150210,   65,    0
  5041, 33592,20150211,   62,    0
  5041, 33592,20150212,   32,    1
  5041, 33592,20150213,   38,    0
  5041, 33592,20150214,   39,    0
  5041, 33592,20150215,   54,    0
  5041, 33592,20150216,   65,    0
  5041, 33592,20150217,   46,    0
  5041, 33592,20150218,   75,    0
  5041, 33592,20150219,   72,    0
  5041, 33592,20150220,   45,    0
  5041, 33592,20150221,   27,    0
  5041, 33592,20150222,   10,    0
  5041, 33592,20150223,   34,    0
  5041, 33592,20150224,   37,    0
  5041, 33592,20150225,   48,    0
  5041, 33592,20150226,   57,    0
  5041, 33592,20150227,   54,    0
  5041, 33592,20150228,   61,    0
  5041, 33592,20150301,   76,    0
  5041, 33592,20150302,   41,    0
  5041,901224,20150303,   47,    0
  5041, 33592,20150304,   33,    0
  5041, 33592,20150305,   48,    0
  5041, 33592,20150306,   67,    0
  5041, 33592,20150307,   75,    0
  5041, 33592,20150308,   60,    0
  5041, 33592,20150309,   48,    0
  5041, 33592,20150310,   60,    0
  5041, 33592,20150311,   58,    0
  5041, 33592,20150312,   65,    0
  5041, 33592,20150313,   73,    0
  5041, 33592,20150314,   61,    0
  5041, 33592,20150315,   60,    0
  5041, 33592,20150316,   60,    0
  5041,901224,20150317,   82,    0
  5041, 33592,20150318,   68,    0
  5041, 33592,20150319,   44,    0
  5041, 33592,20150320,   29,    0
  5041, 33592,20150321,   28,    0
  5041, 33592,20150322,   67,    0
  5041, 33592,20150323,   67,    0
  5041,901224,20150324,   58,    0
  5041, 33592,20150325,   37,    0
  5041, 33592,20150326,   41,    0
  5041, 33592,20150327,   45,    0
  5041, 33592,20150328,   78,    0
  5041, 33592,20150329,   58,    0
  5041, 33592,20150330,   36,    0
  5041, 33592,20150331,   37,    0
  5041, 33592,20150401,   27,    0
  5041, 33592,20150402,   29,    0
  5041, 33592,20150403,   25,    0
  5041, 33592,20150404,   21,    0
  5041, 33592,20150405,   48,    0
  5041, 33592,20150406,   91,    0
  5041, 33592,20150407,   78,    0
  5041, 33592,20150408,   83,    0
  5041, 33592,20150409,   87,    0
  5041, 33592,20150410,  101,    0
  5041, 33592,20150411,   93,    0
  5041, 33592,20150412,   48,    0
  5041, 33592,20150413,   36,    0
  5041, 33592,20150414,   65,    0
  5041, 33592,20150415,   53,    0
  5041, 33592,20150416,   40,    0
  5041, 33592,20150417,   55,    0
  5041, 33592,20150418,   61,    0
  5041, 33592,20150419,   79,    0
  5041, 33592,20150420,   57,    0
  5041, 33592,20150421,   63,    0
  5041, 33592,20150422,   87,    0
  5041, 33592,20150423,   53,    0
  5041, 33592,20150424,   44,    0
  5041, 33592,20150425,   40,    0
  5041, 33592,20150426,   51,    0
  5041, 33592,20150427,   67,    0
  5041, 33592,20150428,   55,    0
  5041, 33592,20150429,   62,    0
  5041, 33592,20150430,   51,    0
  5041, 33592,20150501,   39,    0
  5041, 33592,20150502,   39,    0
  5041, 33592,20150503,   67,    0
  5041, 33592,20150504,  102,    0
  5041, 33592,20150505,  111,    0
  5041, 33592,20150506,  146,    0
  5041, 33592,20150507,  108,    0
  5041, 33592,20150508,   73,    0
  5041, 33592,20150509,   84,    0
  5041, 33592,20150510,   71,    0
  5041, 33592,20150511,  119,    0
  5041, 33592,20150512,  114,    0
  5041, 33592,20150513,   78,    0
  5041, 33592,20150514,   64,    0
  5041, 33592,20150515,   86,    0
  5041, 33592,20150516,   81,    0
  5041, 33592,20150517,   89,    0
  5041, 33592,20150518,   97,    0
  5041, 33592,20150519,  119,    0
  5041, 33592,20150520,   85,    0
  5041, 33592,20150521,  101,    0
  5041, 33592,20150522,   75,    0
  5041, 33592,20150523,   68,    0
  5041, 33592,20150524,   75,    0
  5041, 33592,20150525,   89,    0
  5041, 33592,20150526,   91,    0
  5041, 33592,20150527,   98,    0
  5041, 33592,20150528,  111,    0
  5041, 33592,20150529,   98,    0
  5041, 33592,20150530,   95,    0
  5041, 33592,20150531,   96,    0
  5041, 33592,20150601,   80,    0
  5041, 33592,20150602,  104,    0
  5041, 33592,20150603,   90,    0
  5041, 33592,20150604,   90,    0
  5041, 33592,20150605,  114,    0
  5041, 33592,20150606,  130,    0
  5041, 33592,20150607,   98,    0
  5041, 33592,20150608,   93,    0
  5041, 33592,20150609,  113,    0
  5041, 33592,20150610,  108,    0
  5041, 33592,20150611,  115,    0
  5041, 33592,20150612,  105,    0
  5041, 33592,20150613,   93,    0
  5041, 33592,20150614,   82,    0
  5041, 33592,20150615,   83,    0
  5041, 33592,20150616,  100,    0
  5041, 33592,20150617,  109,    0
  5041, 33592,20150618,  124,    0
  5041, 33592,20150619,  127,    0
  5041, 33592,20150620,  127,    0
  5041, 33592,20150621,  140,    0
  5041, 33592,20150622,  130,    0
  5041, 33592,20150623,  111,    0
  5041, 33592,20150624,  115,    0
  5041, 33592,20150625,  114,    0
  5041, 33592,20150626,  125,    0
  5041, 33592,20150627,  149,    0
  5041, 33592,20150628,  146,    0
  5041, 33592,20150629,  141,    0
  5041, 33592,20150630,  147,    0
  5041, 33592,20150701,  196,    0
  5041, 33592,20150702,  220,    0
  5041, 33592,20150703,  171,    0
  5041, 33592,20150704,  150,    0
  5041, 33592,20150705,  185,    0
  5041, 33592,20150706,  148,    0
  5041, 33592,20150707,  125,    0
  5041, 33592,20150708,  121,    0
  5041, 33592,20150709,  113,    0
  5041, 33592,20150710,  116,    0
  5041, 33592,20150711,  142,    0
  5041, 33592,20150712,  162,    0
  5041, 33592,20150713,  134,    0
  5041, 33592,20150714,  131,    0
  5041, 33592,20150715,  126,    0
  5041, 33592,20150716,  117,    0
  5041, 33592,20150717,  131,    0
  5041, 33592,20150718,  134,    0
  5041, 33592,20150719,  129,    0
  5041, 33592,20150720,  142,    0
  5041, 33592,20150721,  141,    0
  5041, 33592,20150722,  146,    0
  5041, 33592,20150723,  125,    0
  5041, 33592,20150724,  134,    0
  5041, 33592,20150725,  144,    0
  5041, 33592,20150726,  147,    0
  5041, 33592,20150727,  144,    0
  5041, 33592,20150728,  147,    0
  5041, 33592,20150729,  140,    0
  5041, 33592,20150730,  120,    0
  5041, 33592,20150731,  113,    0
  5041, 33592,20150801,  139,    0
  5041, 33592,20150802,  131,    0
  5041, 33592,20150803,  144,    0
  5041, 33592,20150804,  176,    0
  5041, 33592,20150805,  168,    0
  5041, 33592,20150806,  174,    0
  5041, 33592,20150807,  154,    0
  5041, 33592,20150808,  148,    0
  5041, 33592,20150809,  169,    0
  5041, 33592,20150810,  192,    0
  5041, 33592,20150811,  155,    0
  5041, 33592,20150812,  135,    0
  5041, 33592,20150813,  160,    0
  5041, 33592,20150814,  165,    0
  5041, 33592,20150815,  198,    0
  5041, 33592,20150816,  172,    0
  5041, 33592,20150817,  176,    0
  5041, 33592,20150818,  180,    0
  5041, 33592,20150819,  195,    0
  5041, 33592,20150820,  187,    0
  5041, 33592,20150821,  207,    0
  5041, 33592,20150822,  214,    0
  5041, 33592,20150823,  200,    0
  5041, 33592,20150824,  198,    0
  5041, 33592,20150825,  199,    0
  5041, 33592,20150826,  180,    0
  5041, 33592,20150827,  159,    0
  5041, 33592,20150828,  131,    0
  5041, 33592,20150829,  150,    0
  5041, 33592,20150830,  146,    0
  5041, 33592,20150831,  144,    0
  5041, 33592,20150901,  139,    0
  5041, 33592,20150902,  140,    0
  5041, 33592,20150903,  161,    0
  5041, 33592,20150904,  123,    0
  5041, 33592,20150905,  112,    0
  5041, 33592,20150906,  112,    0
  5041, 33592,20150907,  133,    0
  5041, 33592,20150908,  136,    0
  5041, 33592,20150909,  134,    0
  5041, 33592,20150910,  129,    0
  5041, 33592,20150911,  133,    0
  5041, 33592,20150912,  144,    0
  5041, 33592,20150913,  157,    0
  5041, 33592,20150914,  183,    0
  5041, 33592,20150915,  184,    0
  5041, 33592,20150916,  131,    0
  5041, 33592,20150917,  141,    0
  5041, 33592,20150918,  133,    0
  5041, 33592,20150919,  113,    0
  5041, 33592,20150920,  108,    0
  5041, 33592,20150921,   98,    0
  5041, 33592,20150922,  117,    0
  5041, 33592,20150923,  120,    0
  5041, 33592,20150924,  132,    0
  5041, 33592,20150925,  110,    0
  5041, 33592,20150926,  101,    0
  5041, 33592,20150927,  119,    0
  5041, 33592,20150928,  117,    0
  5041, 33592,20150929,  169,    0
  5041, 33592,20150930,  138,    0
  5041, 33592,20151001,  141,    0
  5041, 33592,20151002,  122,    0
  5041, 33592,20151003,  114,    0
  5041, 33592,20151004,  103,    0
  5041, 33592,20151005,   85,    0
  5041, 33592,20151006,  131,    0
  5041, 33592,20151007,  142,    0
  5041, 33592,20151008,  123,    0
  5041, 33592,20151009,  117,    0
  5041, 33592,20151010,   97,    0
  5041, 33592,20151011,   89,    0
  5041, 33592,20151012,   94,    0
  5041, 33592,20151013,   99,    0
  5041, 33592,20151014,  103,    0
  5041,901224,20151015,  116,    0
  5041, 33592,20151016,  103,    0
  5041, 33592,20151017,  110,    0
  5041, 33592,20151018,  105,    0
  5041, 33592,20151019,   87,    0
  5041, 33592,20151020,   88,    0
  5041, 33592,20151021,  120,    0
  5041, 33592,20151022,  117,    0
  5041, 33592,20151023,  117,    0
  5041, 33592,20151024,  130,    0
  5041,901224,20151025,   76,    0
  5041, 33592,20151026,  103,    0
  5041, 33592,20151027,  100,    0
  5041, 33592,20151028,   83,    0
  5041, 33592,20151029,   59,    0
  5041, 33592,20151030,  105,    0
  5041, 33592,20151031,  167,    0
  5041, 33592,20151101,  128,    0
  5041, 33592,20151102,  148,    0
  5041, 33592,20151103,  118,    0
  5041, 33592,20151104,   86,    0
  5041, 33592,20151105,   83,    0
  5041, 33592,20151106,  114,    0
  5041, 33592,20151107,  115,    0
  5041, 33592,20151108,   99,    0
  5041, 33592,20151109,   94,    0
  5041, 33592,20151110,   79,    0
  5041, 33592,20151111,   75,    0
  5041, 33592,20151112,   68,    0
  5041, 33592,20151113,   87,    0
  5041, 33592,20151114,   70,    0
  5041, 33592,20151115,   50,    0
  5041, 33592,20151116,   71,    0
  5041, 33592,20151117,   76,    0
  5041, 33592,20151118,   27,    0
  5041, 33592,20151119,   21,    0
  5041, 33592,20151120,   12,    0
  5041, 33592,20151121,    1,    0
  5041, 33592,20151122,    7,    0
  5041, 33592,20151123,   69,    0
  5041, 33592,20151124,   80,    0
  5041, 33592,20151125,   43,    0
  5041, 33592,20151126,   68,    0
  5041, 33592,20151127,   91,    0
  5041, 33592,20151128,   40,    0
  5041, 33592,20151129,   52,    0
  5041, 33592,20151130,   33,    0
  5041, 33592,20151201,   42,    0
  5041, 33592,20151202,   70,    0
  5041, 33592,20151203,   56,    0
  5041, 33592,20151204,   59,    0
  5041, 33592,20151205,   64,    0
  5041, 33592,20151206,   55,    0
  5041, 33592,20151207,   38,    0
  5041, 33592,20151208,  107,    0
  5041, 33592,20151209,   78,    0
  5041, 33592,20151210,   66,    0
  5041, 33592,20151211,   44,    0
  5041, 33592,20151212,   34,    0
  5041, 33592,20151213,   17,    0
  5041, 33592,20151214,   28,    0
  5041, 33592,20151215,   49,    0
  5041, 33592,20151216,   16,    0
  5041, 33592,20151217,   82,    0
  5041, 33592,20151218,   95,    0
  5041, 33592,20151219,   96,    0
  5041, 33592,20151220,   94,    0
  5041, 33592,20151221,   74,    0
  5041, 33592,20151222,   74,    0
  5041, 33592,20151223,   69,    0
  5041, 33592,20151224,   92,    0
  5041, 33592,20151225,   47,    0
  5041,901224,20151226,    3,    0
  5041, 33592,20151227,  -18,    0
  5041, 33592,20151228,    7,    0
  5041, 33592,20151229,  108,    0
  5041, 33592,20151230,  140,    0
  5041, 33592,20151231,  106,    0
  5041, 33592,20160101,   73,    0
  5041, 33592,20160102,   49,    0
  5041, 33592,20160103,    3,    0
  5041, 33592,20160104,  -37,    0
  5041, 33592,20160105,   -7,    0
  5041, 33592,20160106,  -17,    0
  5041, 33592,20160107,  -28,    0
  5041, 33592,20160108,  -63,    0
  5041, 33592,20160109,  -67,    0
  5041, 33592,20160110,   -9,    0
  5041, 33592,20160111,   32,    0
  5041, 33592,20160112,   10,    0
  5041,901224,20160113,   10,    0
  5041,901224,20160114,    0,    0
  5041, 33592,20160115,  -33,    0
  5041, 33592,20160116,  -35,    0
  5041, 33592,20160117,   10,    0
  5041,901224,20160118,    8,    0
  5041,901224,20160119,   -9,    0
  5041, 33592,20160120,   -4,    0
  5041, 33592,20160121,  -18,    0
  5041,901224,20160122,   33,    0
  5041, 33592,20160123,   70,    0
  5041, 33592,20160124,   48,    0
  5041, 33592,20160125,   89,    0
  5041, 33592,20160126,   58,    0
  5041, 33592,20160127,   45,    0
  5041, 33592,20160128,   31,    0
  5041, 33592,20160129,   72,    0
  5041, 33592,20160130,   24,    0
  5041, 33592,20160131,   15,    0
  5041, 33592,20160201,   26,    0
  5041, 33592,20160202,   26,    0
  5041,901224,20160203,   24,    0
  5041, 33592,20160204,   19,    0
  5041, 33592,20160205,   26,    0
  5041, 33592,20160206,   46,    0
  5041, 33592,20160207,   46,    0
  5041, 33592,20160208,   50,    0
  5041, 33592,20160209,   30,    0
  5041, 33592,20160210,   25,    0
  5041, 33592,20160211,   -2,    0
  5041, 33592,20160212,  -25,    0
  5041, 33592,20160213,  -40,    0
  5041, 33592,20160214,  -42,    0
  5041, 33592,20160215,   -3,    0
  5041, 33592,20160216,   33,    0
  5041, 33592,20160217,   77,    0
  5041, 33592,20160218,   36,    0
  5041, 33592,20160219,   54,    0
  5041, 33592,20160220,   48,    0
  5041, 33592,20160221,   32,    0
  5041, 33592,20160222,   26,    0
  5041, 33592,20160223,   22,    0
  5041, 33592,20160224,   22,    0
  5041, 33592,20160225,   25,    0
  5041, 33592,20160226,   25,    0
  5041, 33592,20160227,   24,    0
  5041, 33592,20160228,   28,    0
  5041, 33592,20160229,   42,    0
  5041, 33592,20160301,   52,    0
  5041, 33592,20160302,   48,    0
  5041, 33592,20160303,   13,    0
  5041, 33592,20160304,   36,    0
  5041, 33592,20160305,   28,    0
  5041, 33592,20160306,    6,    0
  5041, 33592,20160307,    3,    0
  5041, 33592,20160308,  -16,    0
  5041, 33592,20160309,   38,    0
  5041, 33592,20160310,   44,    0
  5041, 33592,20160311,   44,    0
  5041, 33592,20160312,   39,    0
  5041, 33592,20160313,   94,    0
  5041, 33592,20160314,   81,    0
  5041, 33592,20160315,   62,    0
  5041, 33592,20160316,   45,    0
  5041, 33592,20160317,   52,    0
  5041, 33592,20160318,   54,    0
  5041, 33592,20160319,   58,    0
  5041, 33592,20160320,   54,    0
  5041, 33592,20160321,   44,    0
  5041, 33592,20160322,   41,    0
  5041, 33592,20160323,   32,    0
  5041, 33592,20160324,   47,    0
  5041, 33592,20160325,   63,    0
  5041, 33592,20160326,  105,    0
  5041, 33592,20160327,   98,    0
  5041, 33592,20160328,   98,    0
  5041, 33592,20160329,   64,    0
  5041, 33592,20160330,   50,    0
  5041, 33592,20160331,   24,    0
  5041, 33592,20160401,   61,    0
  5041, 33592,20160402,   80,    0
  5041, 33592,20160403,   73,    0
  5041, 33592,20160404,   74,    0
  5041, 33592,20160405,   69,    0
  5041, 33592,20160406,   68,    0
  5041, 33592,20160407,   57,    0
  5041, 33592,20160408,   40,    0
  5041, 33592,20160409,   39,    0
  5041, 33592,20160410,   45,    0
  5041,901224,20160411,   67,    0
  5041, 33592,20160412,   52,    0
  5041, 33592,20160413,   50,    0
  5041, 33592,20160414,   35,    0
  5041, 33592,20160415,   36,    0
  5041, 33592,20160416,   55,    0
  5041, 33592,20160417,   64,    0
  5041, 33592,20160418,   60,    0
  5041, 33592,20160419,   63,    0
  5041, 33592,20160420,   64,    0
  5041, 33592,20160421,   55,    0
  5041, 33592,20160422,   33,    0
  5041, 33592,20160423,   25,    0
  5041, 33592,20160424,   23,    0
  5041, 33592,20160425,   44,    0
  5041, 33592,20160426,   42,    0
  5041, 33592,20160427,   46,    0
  5041, 33592,20160428,   66,    0
  5041, 33592,20160429,   66,    0
  5041, 33592,20160430,   93,    0
  5041, 33592,20160501,   99,    0
  5041, 33592,20160502,  127,    0
  5041, 33592,20160503,  101,    0
  5041, 33592,20160504,  119,    0
  5041, 33592,20160505,  144,    0
  5041, 33592,20160506,  132,    0
  5041, 33592,20160507,  105,    0
  5041, 33592,20160508,  139,    0
  5041, 33592,20160509,  164,    0
  5041, 33592,20160510,  100,    0
  5041, 33592,20160511,  115,    0
  5041, 33592,20160512,   67,    0
  5041, 33592,20160513,   48,    0
  5041, 33592,20160514,   57,    0
  5041, 33592,20160515,   68,    0
  5041, 33592,20160516,   75,    0
  5041, 33592,20160517,   70,    0
  5041, 33592,20160518,   67,    0
  5041, 33592,20160519,   78,    0
  5041, 33592,20160520,  102,    0
  5041, 33592,20160521,  146,    0
  5041, 33592,20160522,  126,    0
  5041, 33592,20160523,   94,    0
  5041, 33592,20160524,  102,    0
  5041, 33592,20160525,  115,    0
  5041, 33592,20160526,  122,    0
  5041, 33592,20160527,  144,    0
  5041, 33592,20160528,  143,    0
  5041, 33592,20160529,  158,    0
  5041, 33592,20160530,  162,    0
  5041, 33592,20160531,  142,    0
  5041, 33592,20160601,  146,    0
  5041, 33592,20160602,  148,    0
  5041, 33592,20160603,  126,    0
  5041, 33592,20160604,  119,    0
  5041, 33592,20160605,  125,    0
  5041, 33592,20160606,  150,    0
  5041, 33592,20160607,  122,    0
  5041, 33592,20160608,  105,    0
  5041, 33592,20160609,   89,    0
  5041, 33592,20160610,  101,    0
  5041, 33592,20160611,  128,    0
  5041, 33592,20160612,  138,    0
  5041, 33592,20160613,  141,    0
  5041, 33592,20160614,  138,    0
  5041, 33592,20160615,  135,    0
  5041, 33592,20160616,  134,    0
  5041, 33592,20160617,  121,    0
  5041, 33592,20160618,  106,    0
  5041, 33592,20160619,  109,    0
  5041, 33592,20160620,  149,    0
  5041, 33592,20160621,  137,    0
  5041, 33592,20160622,  160,    0
  5041,901224,20160623,  149,    0
  5041,901224,20160624,  153,    0
  5041,901224,20160625,  122,    0
  5041, 33592,20160626,  157,    0
  5041, 33592,20160627,  156,    0
  5041, 33592,20160628,  143,    0
  5041, 33592,20160629,  157,    0
  5041, 33592,20160630,  165,    0
  5041, 33592,20160701,  169,    0
  5041, 33592,20160702,  151,    0
  5041, 33592,20160703,  136,    0
  5041, 33592,20160704,  146,    0
  5041, 33592,20160705,  138,    0
  5041, 33592,20160706,  117,    0
  5041, 33592,20160707,  140,    0
  5041, 33592,20160708,  162,    0
  5041, 33592,20160709,  146,    0
  5041, 33592,20160710,  160,    0
  5041, 33592,20160711,  178,    0
  5041, 33592,20160712,  167,    0
  5041, 33592,20160713,  152,    0
  5041, 33592,20160714,  146,    0
  5041, 33592,20160715,  150,    0
  5041, 33592,20160716,  135,    0
  5041, 33592,20160717,  132,    0
  5041, 33592,20160718,  155,    0
  5041,901224,20160719,  150,    0
  5041, 33592,20160720,  202,    0
  5041, 33592,20160721,  233,    0
  5041, 33592,20160722,  194,    0
  5041, 33592,20160723,  191,    0
  5041, 33592,20160724,  192,    0
  5041, 33592,20160725,  199,    0
  5041, 33592,20160726,  172,    0
  5041, 33592,20160727,  170,    0
  5041, 33592,20160728,  166,    0
  5041, 33592,20160729,  158,    0
  5041, 33592,20160730,  156,    0
  5041, 33592,20160731,  159,    0
  5041, 33592,20160801,  156,    0
  5041,901224,20160802,  135,    0
  5041, 33592,20160803,  149,    0
  5041, 33592,20160804,  174,    0
  5041, 33592,20160805,  163,    0
  5041, 33592,20160806,  148,    0
  5041, 33592,20160807,  152,    0
  5041, 33592,20160808,  160,    0
  5041, 33592,20160809,  116,    0
  5041, 33592,20160810,   90,    0
  5041, 33592,20160811,   96,    0
  5041, 33592,20160812,  118,    0
  5041, 33592,20160813,  135,    0
  5041, 33592,20160814,  144,    0
  5041, 33592,20160815,  141,    0
  5041, 33592,20160816,  171,    0
  5041,901224,20160817,  166,    0
  5041, 33592,20160818,  155,    0
  5041, 33592,20160819,  152,    0
  5041, 33592,20160820,  172,    0
  5041, 33592,20160821,  173,    0
  5041, 33592,20160822,  167,    0
  5041, 33592,20160823,  167,    0
  5041, 33592,20160824,  160,    0
  5041, 33592,20160825,  149,    0
  5041, 33592,20160826,  137,    0
  5041, 33592,20160827,  134,    0
  5041, 33592,20160828,  140,    0
  5041, 33592,20160829,  142,    0
  5041, 33592,20160830,  140,    0
  5041, 33592,20160831,  174,    0
  5041, 33592,20160901,  135,    0
  5041, 33592,20160902,  131,    0
  5041, 33592,20160903,  128,    0
  5041, 33592,20160904,  126,    0
  5041, 33592,20160905,  131,    0
  5041,901224,20160906,  171,    0
  5041, 33592,20160907,  143,    0
  5041, 33592,20160908,  161,    0
  5041, 33592,20160909,  164,    0
  5041, 33592,20160910,  158,    0
  5041, 33592,20160911,  136,    0
  5041, 33592,20160912,  149,    0
  5041, 33592,20160913,  181,    0
  5041, 33592,20160914,  153,    0
  5041, 33592,20160915,  169,    0
  5041, 33592,20160916,  177,    0
  5041, 33592,20160917,  169,    0
  5041, 33592,20160918,  174,    0
  5041, 33592,20160919,  154,    0
  5041,901224,20160920,  156,    0
  5041, 33592,20160921,  155,    0
  5041, 33592,20160922,  157,    0
  5041, 33592,20160923,  137,    0
  5041, 33592,20160924,  151,    0
  5041, 33592,20160925,  210,    0
  5041, 33592,20160926,  149,    0
  5041, 33592,20160927,  143,    0
  5041, 33592,20160928,  108,    0
  5041, 33592,20160929,  104,    0
  5041, 33592,20160930,   85,    0
  5041, 33592,20161001,   84,    0
  5041, 33592,20161002,   69,    0
  5041, 33592,20161003,   65,    0
  5041, 33592,20161004,   74,    0
  5041, 33592,20161005,   68,    0
  5041, 33592,20161006,   56,    0
  5041, 33592,20161007,   70,    0
  5041, 33592,20161008,   66,    0
  5041, 33592,20161009,   49,    0
  5041, 33592,20161010,   57,    0
  5041, 33592,20161011,   52,    0
  5041, 33592,20161012,   41,    0
  5041, 33592,20161013,   39,    0
  5041, 33592,20161014,   31,    0
  5041, 33592,20161015,   99,    0
  5041, 33592,20161016,  105,    0
  5041, 33592,20161017,  107,    0
  5041, 33592,20161018,  125,    0
  5041, 33592,20161019,   80,    0
  5041, 33592,20161020,   50,    0
  5041, 33592,20161021,   74,    0
  5041, 33592,20161022,   39,    0
  5041, 33592,20161023,   42,    0
  5041, 33592,20161024,   51,    0
  5041, 33592,20161025,   64,    0
  5041, 33592,20161026,  113,    0
  5041,901224,20161027,  105,    0
  5041, 33592,20161028,   73,    0
  5041, 33592,20161029,   73,    0
  5041, 33592,20161030,   68,    0
  5041, 33592,20161031,   92,    0
  5041, 33592,20161101,   60,    0
  5041, 33592,20161102,   25,    0
  5041, 33592,20161103,   19,    0
  5041, 33592,20161104,   19,    0
  5041, 33592,20161105,   38,    0
  5041, 33592,20161106,    8,    0
  5041, 33592,20161107,  -28,    0
  5041, 33592,20161108,  -41,    0
  5041, 33592,20161109,  -17,    0
  5041, 33592,20161110,   -1,    0
  5041, 33592,20161111,   59,    0
  5041, 33592,20161112,   87,    0
  5041, 33592,20161113,   74,    0
  5041, 33592,20161114,  107,    0
  5041, 33592,20161115,   89,    0
  5041, 33592,20161116,   72,    0
  5041, 33592,20161117,   40,    0
  5041, 33592,20161118,   39,    0
  5041, 33592,20161119,   38,    0
  5041, 33592,20161120,   30,    0
  5041, 33592,20161121,   37,    0
  5041, 33592,20161122,   38,    0
  5041, 33592,20161123,   38,    0
  5041, 33592,20161124,   50,    0
  5041, 33592,20161125,   99,    0
  5041, 33592,20161126,   66,    0
  5041, 33592,20161127,   26,    0
  5041, 33592,20161128,   44,    0
  5041, 33592,20161129,   64,    0
  5041, 33592,20161130,   33,    0
  5041,901224,20161201,   45,    0
  5041, 33592,20161202,   38,    0
  5041, 33592,20161203,   54,    0
  5041, 33592,20161204,   83,    0
  5041, 33592,20161205,   56,    0
  5041, 33592,20161206,   11,    0
  5041, 33592,20161207,   70,    0
  5041, 33592,20161208,   97,    0
  5041, 33592,20161209,   86,    0
  5041, 33592,20161210,   76,    0
  5041, 33592,20161211,   37,    0
  5041, 33592,20161212,   22,    0
  5041, 33592,20161213,   56,    0
  5041, 33592,20161214,    5,    0
  5041, 33592,20161215,   82,    0
  5041, 33592,20161216,   80,    0
  5041, 33592,20161217,   73,    0
  5041, 33592,20161218,  104,    0
  5041, 33592,20161219,  125,    0
  5041, 33592,20161220,   96,    0
  5041, 33592,20161221,   78,    0
  5041, 33592,20161222,   34,    0
  5041, 33592,20161223,   56,    0
  5041, 33592,20161224,   45,    0
  5041, 33592,20161225,   70,    0
  5041, 33592,20161226,   48,    0
  5041, 33592,20161227,   44,    0
  5041, 33592,20161228,   97,    0
  5041, 33592,20161229,  100,    0
  5041, 33592,20161230,   89,    0
  5041, 33592,20161231,   53,    0
  5041, 33592,20170101,   32,    0
  5041, 33592,20170102,    8,    0
  5041, 33592,20170103,   33,    0
  5041, 33592,20170104,  -10,    0
  5041, 33592,20170105,  -17,    0
  5041, 33592,20170106,   62,    0
  5041, 33592,20170107,   46,    0
  5041, 33592,20170108,   71,    0
  5041, 33592,20170109,   91,    0
  5041, 33592,20170110,   53,    0
  5041, 33592,20170111,   42,    0
  5041, 33592,20170112,   30,    0
  5041, 33592,20170113,   20,    0
  5041, 33592,20170114,   -3,    0
  5041, 33592,20170115,   -5,    0
  5041, 33592,20170116,  -13,    0
  5041, 33592,20170117,   57,    0
  5041, 33592,20170118,   83,    0
  5041, 33592,20170119,   75,    0
  5041, 33592,20170120,   91,    0
  5041, 33592,20170121,   64,    0
  5041, 33592,20170122,   57,    0
  5041, 33592,20170123,   56,    0
  5041, 33592,20170124,   72,    0
  5041, 33592,20170125,  131,    0
  5041, 33592,20170126,  105,    0
  5041, 33592,20170127,   19,    0
  5041, 33592,20170128,   52,    0
  5041, 33592,20170129,   63,    0
  5041, 33592,20170130,   29,    0
  5041, 33592,20170131,   -7,    0
  5041,901224,20170201,   24,    0
  5041,901224,20170202,   41,    0
  5041,901224,20170203,   80,    0
  5041,901224,20170204,   77,    0
  5041,901224,20170205,   58,    0
  5041,901224,20170206,   50,    0
  5041,901224,20170207,   31,    0
  5041,901224,20170208,    0,    0
  5041,901224,20170209,   -1,    0
  5041,901224,20170210,   15,    0
  5041,901224,20170211,    6,    0
  5041,901224,20170212,    7,    0
  5041, 33592,20170213,   26,    0
  5041,901224,20170214,   31,    1
  5041, 33592,20170215,    3,    0
  5041, 33592,20170216,   48,    0
  5041, 33592,20170217,   58,    0
  5041,901224,20170218,   75,    0
  5041, 33592,20170219,   73,    0
  5041, 33592,20170220,   60,    0
  5041, 33592,20170221,   40,    0
  5041, 33592,20170222,   44,    0
  5041, 33592,20170223,    0,    0
  5041, 33592,20170224,   -3,    0
  5041, 33592,20170225,    4,    0
  5041,901224,20170226,   50,    0
  5041, 33592,20170227,   48,    0
  5041, 33592,20170228,   36,    0
  5041, 33592,20170301,   44,    0
  5041, 33592,20170302,   13,    0
  5041, 33592,20170303,   -3,    0
  5041, 33592,20170304,    2,    0
  5041, 33592,20170305,   57,    0
  5041, 33592,20170306,   39,    0
  5041, 33592,20170307,   -1,    0
  5041, 33592,20170308,   -5,    0
  5041, 33592,20170309,   31,    0
  5041, 33592,20170310,   32,    0
  5041, 33592,20170311,   29,    0
  5041, 33592,20170312,   65,    0
  5041,901224,20170313,   75,    0
  5041,901224,20170314,   77,    0
  5041, 33592,20170315,   55,    0
  5041,901224,20170316,   61,    0
  5041, 33592,20170317,   40,    0
  5041, 33592,20170318,   11,    0
  5041, 33592,20170319,   36,    0
  5041, 33592,20170320,   64,    0
  5041,901224,20170321,   50,    0
  5041, 33592,20170322,   18,    0
  5041, 33592,20170323,   21,    0
  5041, 33592,20170324,   48,    0
  5041,901224,20170325,   77,    0
  5041,901224,20170326,   93,    0
  5041,901224,20170327,   84,    0
  5041,901224,20170328,   41,    0
  5041, 33592,20170329,   23,    0
  5041,901224,20170330,   21,    0
  5041,901224,20170331,   70,    0
  5041,901224,20170401,   86,    0
  5041,901224,20170402,   80,    0
  5041,901224,20170403,  101,    0
  5041, 33592,20170404,   83,    0
  5041, 33592,20170405,   53,    0
  5041, 33592,20170406,   64,    0
  5041, 33592,20170407,   76,    0
  5041,901224,20170408,   85,    0
  5041,901224,20170409,   95,    0
  5041,901224,20170410,   53,    0
  5041,901224,20170411,   38,    0
  5041,901224,20170412,   37,    0
  5041, 33592,20170413,   31,    0
  5041,901224,20170414,   46,    0
  5041,901224,20170415,   49,    0
  5041, 33592,20170416,   32,    0
  5041, 33592,20170417,   28,    0
  5041, 33592,20170418,   40,    0
  5041,901224,20170419,   60,    1
  5041,901224,20170420,   73,    0
  5041,901224,20170421,   49,    0
  5041, 33592,20170422,   39,    0
  5041, 33592,20170423,   28,    0
  5041, 33592,20170424,   29,    0
  5041, 33592,20170425,   38,    0
  5041, 33592,20170426,-9999,    9
  5041, 33592,20170427,   48,    0
  5041, 33592,20170428,   68,    0
  5041, 33592,20170429,   84,    0
  5041, 33592,20170430,   69,    0
  5041, 33592,20170501,   92,    0
  5041, 33592,20170502,   98,    0
  5041, 33592,20170503,  102,    0
  5041, 33592,20170504,  103,    0
  5041, 33592,20170505,  128,    0
  5041, 33592,20170506,   94,    0
  5041, 33592,20170507,   78,    0
  5041, 33592,20170508,   60,    0
  5041, 33592,20170509,   57,    0
  5041, 33592,20170510,   64,    0
  5041, 33592,20170511,   69,    0
  5041, 33592,20170512,   88,    0
  5041, 33592,20170513,  120,    0
  5041, 33592,20170514,  121,    0
  5041, 33592,20170515,  120,    0
  5041, 33592,20170516,  135,    0
  5041, 33592,20170517,  138,    0
  5041, 33592,20170518,  117,    0
  5041, 33592,20170519,  126,    0
  5041,901224,20170520,  138,    0
  5041, 33592,20170521,  113,    0
  5041, 33592,20170522,  102,    0
  5041, 33592,20170523,  131,    0
  5041, 33592,20170524,  114,    0
  5041, 33592,20170525,  111,    0
  5041, 33592,20170526,  137,    0
  5041, 33592,20170527,  213,    0
  5041, 33592,20170528,  162,    0
  5041, 33592,20170529,  124,    0
  5041, 33592,20170530,  104,    0
  5041, 33592,20170531,   94,    0
  5041, 33592,20170601,   94,    0
  5041, 33592,20170602,  134,    0
  5041, 33592,20170603,  133,    0
  5041, 33592,20170604,  117,    0
  5041, 33592,20170605,  110,    0
  5041, 33592,20170606,  132,    0
  5041, 33592,20170607,  183,    0
  5041, 33592,20170608,  164,    0
  5041, 33592,20170609,  158,    0
  5041, 33592,20170610,  153,    0
  5041,901224,20170611,  164,    0
  5041, 33592,20170612,  137,    0
  5041,901224,20170613,  130,    0
  5041, 33592,20170614,  140,    0
  5041, 33592,20170615,  164,    0
  5041, 33592,20170616,  140,    0
  5041, 33592,20170617,  149,    0
  5041, 33592,20170618,  143,    0
  5041, 33592,20170619,  123,    0
  5041, 33592,20170620,  102,    0
  5041, 33592,20170621,  108,    0
  5041, 33592,20170622,  140,    0
  5041, 33592,20170623,  133,    0
  5041, 33592,20170624,  127,    0
  5041,901224,20170625,  140,    0
  5041, 33592,20170626,  110,    0
  5041, 33592,20170627,  111,    0
  5041, 33592,20170628,  131,    0
  5041, 33592,20170629,  164,    0
  5041, 33592,20170630,  195,    0
  5041, 33592,20170701,  135,    0
  5041, 33592,20170702,  140,    0
  5041, 33592,20170703,  118,    0
  5041, 33592,20170704,  118,    0
  5041, 33592,20170705,  130,    0
  5041, 33592,20170706,  131,    0
  5041,901224,20170707,  138,    0
  5041, 33592,20170708,  129,    0
  5041, 33592,20170709,  135,    0
  5041,901224,20170710,  147,    0
  5041, 33592,20170711,  135,    0
  5041, 33592,20170712,  128,    0
  5041, 33592,20170713,  120,    0
  5041,901224,20170714,  133,    0
  5041, 33592,20170715,  166,    0
  5041,901224,20170716,  136,    0
  5041, 33592,20170717,  111,    0
  5041, 33592,20170718,  135,    0
  5041, 33592,20170719,  155,    0
  5041, 33592,20170720,  186,    0
  5041, 33592,20170721,  194,    0
  5041, 33592,20170722,  169,    0
  5041, 33592,20170723,  160,    0
  5041, 33592,20170724,  175,    0
  5041, 33592,20170725,  185,    0
  5041, 33592,20170726,  184,    0
  5041, 33592,20170727,  186,    0
  5041,901224,20170728,  164,    0
  5041, 33592,20170729,  170,    0
  5041,901224,20170730,  175,    0
  5041, 33592,20170731,  170,    0
  5041,901224,20170801,  167,    0
  5041, 33592,20170802,  157,    0
  5041,901224,20170803,  171,    0
  5041, 33592,20170804,  177,    0
  5041, 33592,20170805,  166,    0
  5041, 33592,20170806,  165,    0
  5041, 33592,20170807,  153,    0
  5041,901224,20170808,  148,    0
  5041,901224,20170809,  161,    0
  5041, 33592,20170810,  149,    0
  5041, 33592,20170811,  187,    0
  5041, 33592,20170812,  134,    0
  5041, 33592,20170813,  116,    0
  5041, 33592,20170814,  131,    0
  5041, 33592,20170815,  153,    0
  5041, 33592,20170816,  152,    0
  5041, 33592,20170817,  161,    0
  5041, 33592,20170818,  177,    0
  5041, 33592,20170819,  146,    0
  5041, 33592,20170820,  136,    0
  5041, 33592,20170821,  141,    0
  5041, 33592,20170822,  131,    0
  5041, 33592,20170823,  131,    0
  5041, 33592,20170824,  136,    0
  5041, 33592,20170825,  120,    0
  5041, 33592,20170826,-9999,    9
  5041, 33592,20170827,  138,    0
  5041, 33592,20170828,  168,    0
  5041, 33592,20170829,  150,    0
  5041, 33592,20170830,  140,    0
  5041, 33592,20170831,  135,    0
  5041,901224,20170901,  128,    0
  5041, 33592,20170902,  141,    0
  5041, 33592,20170903,  134,    0
  5041,901224,20170904,  164,    0
  5041,901224,20170905,  144,    0
  5041, 33592,20170906,  147,    0
  5041, 33592,20170907,  140,    0
  5041, 33592,20170908,  136,    0
  5041, 33592,20170909,  135,    0
  5041, 33592,20170910,  135,    0
  5041,901224,20170911,  133,    0
  5041, 33592,20170912,  125,    0
  5041, 33592,20170913,  129,    0
  5041, 33592,20170914,  122,    0
  5041, 33592,20170915,  121,    0
  5041, 33592,20170916,  120,    0
  5041, 33592,20170917,  109,    0
  5041, 33592,20170918,  123,    0
  5041, 33592,20170919,  128,    0
  5041, 33592,20170920,  126,    0
  5041, 33592,20170921,  132,    0
  5041, 33592,20170922,  137,    0
  5041, 33592,20170923,  133,    0
  5041, 33592,20170924,  135,    0
  5041, 33592,20170925,  138,    0
  5041, 33592,20170926,  126,    0
  5041, 33592,20170927,  164,    0
  5041, 33592,20170928,  184,    0
  5041, 33592,20170929,  160,    0
  5041, 33592,20170930,  169,    0
  5041, 33592,20171001,  155,    0
  5041, 33592,20171002,  163,    0
  5041, 33592,20171003,  121,    0
  5041, 33592,20171004,   99,    0
  5041, 33592,20171005,   92,    0
  5041, 33592,20171006,   94,    0
  5041, 33592,20171007,   74,    0
  5041, 33592,20171008,   82,    0
  5041, 33592,20171009,   49,    0
  5041, 33592,20171010,   93,    0
  5041, 33592,20171011,  102,    0
  5041, 33592,20171012,   90,    0
  5041, 33592,20171013,  109,    0
  5041, 33592,20171014,  107,    0
  5041, 33592,20171015,  117,    0
  5041, 33592,20171016,   91,    0
  5041, 33592,20171017,   75,    0
  5041, 33592,20171018,   71,    0
  5041, 33592,20171019,   46,    0
  5041, 33592,20171020,  120,    0
  5041, 33592,20171021,  141,    0
  5041, 33592,20171022,  124,    0
  5041, 33592,20171023,   98,    0
  5041, 33592,20171024,  106,    0
  5041, 33592,20171025,   91,    0
  5041, 33592,20171026,   90,    0
  5041, 33592,20171027,   87,    0
  5041, 33592,20171028,   71,    0
  5041, 33592,20171029,   51,    0
  5041, 33592,20171030,   37,    0
  5041, 33592,20171031,   94,    0
  5041, 33592,20171101,  105,    0
  5041, 33592,20171102,   65,    0
  5041, 33592,20171103,  102,    0
  5041, 33592,20171104,   79,    0
  5041, 33592,20171105,   62,    0
  5041, 33592,20171106,   56,    0
  5041, 33592,20171107,  124,    0
  5041, 33592,20171108,   86,    0
  5041, 33592,20171109,   73,    0
  5041, 33592,20171110,   38,    0
  5041, 33592,20171111,   41,    0
  5041, 33592,20171112,   53,    0
  5041, 33592,20171113,   19,    0
  5041, 33592,20171114,   45,    0
  5041, 33592,20171115,   54,    0
  5041, 33592,20171116,   68,    0
  5041, 33592,20171117,   40,    0
  5041, 33592,20171118,   27,    0
  5041, 33592,20171119,   25,    0
  5041, 33592,20171120,   22,    0
  5041, 33592,20171121,  -20,    0
  5041, 33592,20171122,   25,    0
  5041, 33592,20171123,   47,    0
  5041, 33592,20171124,   45,    0
  5041, 33592,20171125,   61,    0
  5041, 33592,20171126,   28,    0
  5041, 33592,20171127,    2,    0
  5041, 33592,20171128,  -11,    0
  5041, 33592,20171129,   -7,    0
  5041, 33592,20171130,  -31,    0
  5041, 33592,20171201,   -8,    0
  5041, 33592,20171202,   64,    0
  5041, 33592,20171203,   39,    0
  5041, 33592,20171204,   23,    0
  5041, 33592,20171205,   44,    0
  5041, 33592,20171206,   23,    0
  5041, 33592,20171207,   97,    0
  5041, 33592,20171208,   48,    0
  5041, 33592,20171209,   32,    0
  5041, 33592,20171210,   18,    0
  5041, 33592,20171211,    3,    0
  5041, 33592,20171212,  -13,    0
  5041, 33592,20171213,   17,    0
  5041, 33592,20171214,   -9,    0
  5041, 33592,20171215,  -18,    0
  5041, 33592,20171216,   13,    0
  5041, 33592,20171217,   44,    0
  5041, 33592,20171218,   48,    0
  5041, 33592,20171219,  106,    0
  5041, 33592,20171220,   69,    0
  5041, 33592,20171221,   51,    0
  5041, 33592,20171222,   60,    0
  5041, 33592,20171223,   54,    0
  5041, 33592,20171224,   43,    0
  5041, 33592,20171225,   15,    0
  5041, 33592,20171226,   12,    0
  5041, 33592,20171227,  -23,    0
  5041, 33592,20171228,  -45,    0
  5041, 33592,20171229,  -10,    0
  5041, 33592,20171230,    4,    0
  5041, 33592,20171231,   28,    0
  5041, 33592,20180101,   22,    0
  5041,901224,20180102,   20,    0
  5041, 33592,20180103,   -4,    0
  5041, 33592,20180104,   20,    0
  5041, 33592,20180105,    0,    0
  5041, 33592,20180106,  -11,    0
  5041, 33592,20180107,   18,    0
  5041, 33592,20180108,   58,    0
  5041, 33592,20180109,   31,    0
  5041, 33592,20180110,   87,    0
  5041, 33592,20180111,   43,    0
  5041, 33592,20180112,    5,    0
  5041, 33592,20180113,  -28,    0
  5041, 33592,20180114,   49,    0
  5041, 33592,20180115,   75,    0
  5041, 33592,20180116,   41,    0
  5041, 33592,20180117,    4,    0
  5041, 33592,20180118,    2,    0
  5041, 33592,20180119,   25,    0
  5041, 33592,20180120,   10,    0
  5041, 33592,20180121,  -12,    0
  5041, 33592,20180122,    8,    0
  5041, 33592,20180123,   47,    0
  5041, 33592,20180124,   49,    0
  5041, 33592,20180125,   38,    0
  5041, 33592,20180126,   21,    0
  5041, 33592,20180127,   21,    0
  5041, 33592,20180128,   45,    0
  5041, 33592,20180129,   34,    0
  5041, 33592,20180130,   35,    0
  5041, 33592,20180131,   39,    0
  5041, 33592,20180201,   11,    0
  5041, 33592,20180202,   -8,    0
  5041,901224,20180203,   -5,    0
  5041, 33592,20180204,   25,    0
  5041, 33592,20180205,   38,    0
  5041, 33592,20180206,   12,    0
  5041, 33592,20180207,   10,    0
  5041, 33592,20180208,   45,    0
  5041, 33592,20180209,   46,    0
  5041, 33592,20180210,   34,    0
  5041, 33592,20180211,   41,    0
  5041, 33592,20180212,   18,    0
  5041, 33592,20180213,   17,    0
  5041, 33592,20180214,   61,    0
  5041, 33592,20180215,   63,    0
  5041, 33592,20180216,   34,    0
  5041, 33592,20180217,   32,    0
  5041, 33592,20180218,   37,    0
  5041, 33592,20180219,    1,    0
  5041, 33592,20180220,   -2,    0
  5041, 33592,20180221,   29,    0
  5041, 33592,20180222,   -4,    0
  5041, 33592,20180223,    9,    0
  5041, 33592,20180224,   17,    0
  5041, 33592,20180225,   18,    0
  5041, 33592,20180226,    6,    0
  5041, 33592,20180227,  -31,    0
  5041, 33592,20180228,  -53,    0
  5041, 33592,20180301,  -76,    0
  5041, 33592,20180302,  -62,    0
  5041, 33592,20180303,  -24,    0
  5041, 33592,20180304,  -25,    0
  5041, 33592,20180305,  -32,    0
  5041, 33592,20180306,  -45,    0
  5041, 33592,20180307,  -23,    0
  5041, 33592,20180308,   17,    0
  5041, 33592,20180309,   19,    0
  5041, 33592,20180310,    6,    0
  5041, 33592,20180311,    6,    0
  5041, 33592,20180312,    9,    0
  5041, 33592,20180313,    3,    0
  5041, 33592,20180314,    4,    0
  5041, 33592,20180315,    7,    0
  5041, 33592,20180316,    4,    0
  5041, 33592,20180317,  -29,    0
  5041, 33592,20180318,    9,    0
  5041, 33592,20180319,   32,    0
  5041, 33592,20180320,   23,    0
  5041, 33592,20180321,   38,    0
  5041, 33592,20180322,   41,    0
  5041, 33592,20180323,   47,    0
  5041, 33592,20180324,   66,    0
  5041, 33592,20180325,   47,    0
  5041, 33592,20180326,    6,    0
  5041, 33592,20180327,    7,    0
  5041, 33592,20180328,   -7,    0
  5041, 33592,20180329,  -11,    0
  5041, 33592,20180330,  -13,    0
  5041, 33592,20180331,   -9,    0
  5041, 33592,20180401,    6,    0
  5041, 33592,20180402,    4,    0
  5041, 33592,20180403,   -2,    0
  5041, 33592,20180404,    8,    0
  5041, 33592,20180405,   10,    0
  5041, 33592,20180406,   39,    0
  5041, 33592,20180407,   26,    0
  5041, 33592,20180408,   44,    0
  5041, 33592,20180409,   45,    0
  5041, 33592,20180410,   59,    0
  5041, 33592,20180411,   57,    0
  5041, 33592,20180412,   63,    0
  5041, 33592,20180413,   78,    0
  5041, 33592,20180414,   91,    0
  5041, 33592,20180415,   94,    0
  5041, 33592,20180416,   81,    0
  5041, 33592,20180417,   98,    0
  5041, 33592,20180418,   97,    0
  5041, 33592,20180419,  135,    0
  5041, 33592,20180420,   93,    0
  5041, 33592,20180421,   78,    0
  5041, 33592,20180422,   88,    0
  5041, 33592,20180423,   92,    0
  5041, 33592,20180424,   69,    0
  5041, 33592,20180425,   61,    0
  5041, 33592,20180426,   73,    0
  5041, 33592,20180427,   61,    0
  5041, 33592,20180428,   58,    0
  5041, 33592,20180429,   62,    0
  5041, 33592,20180430,   71,    0
  5041, 33592,20180501,   97,    0
  5041, 33592,20180502,  112,    0
  5041, 33592,20180503,  106,    0
  5041, 33592,20180504,  114,    0
  5041, 33592,20180505,  156,    0
  5041, 33592,20180506,   99,    0
  5041, 33592,20180507,  103,    0
  5041, 33592,20180508,  176,    0
  5041, 33592,20180509,  175,    0
  5041, 33592,20180510,  115,    0
  5041, 33592,20180511,  111,    0
  5041, 33592,20180512,  113,    0
  5041, 33592,20180513,  146,    0
  5041, 33592,20180514,  138,    0
  5041, 33592,20180515,  154,    0
  5041, 33592,20180516,   98,    0
  5041, 33592,20180517,   92,    0
  5041, 33592,20180518,  106,    0
  5041, 33592,20180519,  124,    0
  5041, 33592,20180520,  174,    0
  5041, 33592,20180521,  186,    0
  5041, 33592,20180522,  107,    0
  5041, 33592,20180523,  147,    0
  5041, 33592,20180524,  114,    0
  5041, 33592,20180525,  131,    0
  5041, 33592,20180526,  123,    0
  5041, 33592,20180527,  175,    0
  5041, 33592,20180528,  184,    0
  5041, 33592,20180529,  167,    0
  5041, 33592,20180530,  206,    0
  5041, 33592,20180531,  222,    0
  5041, 33592,20180601,  198,    0
  5041, 33592,20180602,  176,    0
  5041, 33592,20180603,  148,    0
  5041, 33592,20180604,  116,    0
  5041, 33592,20180605,  105,    0
  5041, 33592,20180606,  126,    0
  5041, 33592,20180607,  127,    0
  5041, 33592,20180608,  134,    0
  5041, 33592,20180609,  142,    0
  5041, 33592,20180610,  119,    0
  5041, 33592,20180611,  122,    0
  5041, 33592,20180612,  118,    0
  5041, 33592,20180613,  120,    0
  5041, 33592,20180614,  146,    0
  5041, 33592,20180615,  116,    0
  5041, 33592,20180616,  135,    0
  5041, 33592,20180617,  152,    0
  5041, 33592,20180618,  137,    0
  5041, 33592,20180619,   96,    0
  5041, 33592,20180620,  107,    0
  5041, 33592,20180621,   92,    0
  5041, 33592,20180622,  102,    0
  5041, 33592,20180623,  109,    0
  5041, 33592,20180624,  120,    0
  5041, 33592,20180625,  129,    0
  5041, 33592,20180626,  117,    0
  5041, 33592,20180627,  143,    0
  5041, 33592,20180628,  117,    0
  5041, 33592,20180629,  115,    0
  5041, 33592,20180630,  163,    0
  5041, 33592,20180701,  165,    0
  5041, 33592,20180702,  142,    0
  5041, 33592,20180703,  142,    0
  5041, 33592,20180704,  172,    0
  5041, 33592,20180705,  145,    0
  5041, 33592,20180706,  119,    0
  5041, 33592,20180707,  134,    0
  5041, 33592,20180708,  141,    0
  5041, 33592,20180709,  131,    0
  5041, 33592,20180710,  166,    0
  5041, 33592,20180711,  179,    0
  5041, 33592,20180712,  144,    0
  5041, 33592,20180713,  135,    0
  5041, 33592,20180714,  142,    0
  5041, 33592,20180715,  188,    0
  5041, 33592,20180716,  199,    0
  5041, 33592,20180717,  216,    0
  5041, 33592,20180718,  161,    0
  5041, 33592,20180719,  150,    0
  5041, 33592,20180720,  162,    0
  5041, 33592,20180721,  166,    0
  5041, 33592,20180722,  175,    0
  5041, 33592,20180723,  157,    0
  5041, 33592,20180724,  161,    0
  5041, 33592,20180725,  153,    0
  5041, 33592,20180726,  192,    0
  5041, 33592,20180727,  233,    0
  5041, 33592,20180728,  249,    0
  5041, 33592,20180729,  197,    0
  5041, 33592,20180730,  213,    0
  5041, 33592,20180731,  214,    0
  5041, 33592,20180801,  190,    0
  5041, 33592,20180802,  188,    0
  5041, 33592,20180803,  169,    0
  5041, 33592,20180804,  150,    0
  5041, 33592,20180805,  124,    0
  5041, 33592,20180806,  145,    0
  5041, 33592,20180807,  183,    0
  5041, 33592,20180808,  170,    0
  5041, 33592,20180809,  151,    0
  5041, 33592,20180810,  131,    0
  5041, 33592,20180811,  126,    0
  5041, 33592,20180812,  123,    0
  5041, 33592,20180813,  130,    0
  5041, 33592,20180814,  144,    0
  5041, 33592,20180815,  152,    0
  5041, 33592,20180816,  146,    0
  5041, 33592,20180817,  138,    0
  5041, 33592,20180818,  141,    0
  5041, 33592,20180819,  124,    0
  5041, 33592,20180820,  112,    0
  5041, 33592,20180821,  121,    0
  5041, 33592,20180822,  132,    0
  5041, 33592,20180823,  138,    0
  5041, 33592,20180824,  117,    0
  5041, 33592,20180825,  114,    0
  5041, 33592,20180826,  104,    0
  5041, 33592,20180827,  112,    0
  5041, 33592,20180828,  142,    0
  5041, 33592,20180829,  143,    0
  5041, 33592,20180830,  117,    0
  5041, 33592,20180831,  127,    0
  5041, 33592,20180901,  125,    0
  5041, 33592,20180902,  173,    0
  5041, 33592,20180903,  146,    0
  5041, 33592,20180904,  127,    0
  5041, 33592,20180905,  128,    0
  5041, 33592,20180906,  145,    0
  5041, 33592,20180907,  170,    0
  5041, 33592,20180908,  168,    0
  5041, 33592,20180909,  148,    0
  5041, 33592,20180910,  136,    0
  5041, 33592,20180911,  123,    0
  5041, 33592,20180912,  107,    0
  5041, 33592,20180913,   94,    0
  5041, 33592,20180914,   97,    0
  5041, 33592,20180915,   92,    0
  5041, 33592,20180916,  106,    0
  5041, 33592,20180917,  107,    0
  5041, 33592,20180918,  138,    0
  5041, 33592,20180919,  142,    0
  5041, 33592,20180920,  115,    0
  5041, 33592,20180921,  100,    0
  5041, 33592,20180922,   94,    0
  5041, 33592,20180923,   72,    0
  5041, 33592,20180924,   56,    0
  5041, 33592,20180925,   87,    0
  5041, 33592,20180926,  100,    0
  5041, 33592,20180927,   69,    0
  5041,901224,20180928,   73,    0
  5041,901224,20180929,   95,    0
  5041,901224,20180930,   86,    0
  5041,901224,20181001,   81,    0
  5041, 33592,20181002,   59,    0
  5041, 33592,20181003,   67,    0
  5041, 33592,20181004,   74,    0
  5041, 33592,20181005,   68,    0
  5041, 33592,20181006,   53,    0
  5041, 33592,20181007,   64,    0
  5041, 33592,20181008,   85,    0
  5041, 33592,20181009,   85,    0
  5041, 33592,20181010,  104,    0
  5041,901224,20181011,  148,    0
  5041,901224,20181012,  163,    0
  5041, 33592,20181013,  138,    0
  5041, 33592,20181014,  140,    0
  5041, 33592,20181015,   74,    0
  5041, 33592,20181016,  102,    0
  5041, 33592,20181017,  113,    0
  5041, 33592,20181018,   81,    0
  5041, 33592,20181019,   88,    0
  5041, 33592,20181020,  101,    0
  5041, 33592,20181021,   93,    0
  5041, 33592,20181022,   62,    0
  5041, 33592,20181023,   52,    0
  5041, 33592,20181024,   53,    0
  5041, 33592,20181025,   49,    0
  5041, 33592,20181026,   23,    0
  5041, 33592,20181027,   17,    0
  5041, 33592,20181028,    8,    0
  5041, 33592,20181029,    5,    0
  5041, 33592,20181030,   24,    0
  5041, 33592,20181031,   61,    0
  5041, 33592,20181101,   85,    0
  5041, 33592,20181102,   79,    0
  5041, 33592,20181103,   82,    0
  5041, 33592,20181104,  126,    0
  5041, 33592,20181105,  110,    0
  5041, 33592,20181106,   88,    0
  5041, 33592,20181107,  110,    0
  5041, 33592,20181108,   88,    0
  5041, 33592,20181109,   78,    0
  5041, 33592,20181110,   95,    0
  5041, 33592,20181111,  105,    0
  5041, 33592,20181112,   87,    0
  5041, 33592,20181113,   81,    0
  5041, 33592,20181114,  121,    0
  5041, 33592,20181115,  164,    0
  5041, 33592,20181116,  128,    0
  5041, 33592,20181117,   99,    0
  5041, 33592,20181118,   61,    0
  5041, 33592,20181119,   40,    0
  5041, 33592,20181120,   40,    0
  5041, 33592,20181121,   32,    0
  5041, 33592,20181122,    3,    0
  5041, 33592,20181123,   13,    0
  5041, 33592,20181124,   19,    0
  5041, 33592,20181125,   11,    0
  5041, 33592,20181126,   11,    0
  5041, 33592,20181127,    4,    0
  5041, 33592,20181128,   14,    0
  5041, 33592,20181129,   89,    0
  5041, 33592,20181130,  101,    0
  5041, 33592,20181201,   74,    1
  5041, 33592,20181202,   67,    1
  5041, 33592,20181203,   47,    1
  5041, 33592,20181204,   26,    1
  5041, 33592,20181205,   15,    0
  5041, 33592,20181206,    7,    0
  5041, 33592,20181207,   42,    0
  5041, 33592,20181208,   24,    1
  5041, 33592,20181209,   35,    0
  5041, 33592,20181210,   37,    0
  5041, 33592,20181211,    8,    1
  5041, 33592,20181212,   -2,    0
  5041, 33592,20181213,  -14,    0
  5041, 33592,20181214,  -22,    1
  5041, 33592,20181215,  -16,    0
  5041, 33592,20181216,   10,    0
  5041, 33592,20181217,   13,    1
  5041, 33592,20181218,   20,    0
  5041, 33592,20181219,   40,    0
  5041, 33592,20181220,   43,    1
  5041, 33592,20181221,   37,    1
  5041, 33592,20181222,   24,    0
  5041, 33592,20181223,    8,    1
  5041, 33592,20181224,   52,    0
  5041, 33592,20181225,   66,    0
  5041, 33592,20181226,   65,    0
  5041, 33592,20181227,   61,    1
  5041, 33592,20181228,   62,    0
  5041, 33592,20181229,   47,    1
  5041, 33592,20181230,   32,    0
  5041, 33592,20181231,   71,    0
  5041,901224,20190101,   55,    0
  5041,901224,20190102,   28,    0
  5041,901224,20190103,   54,    0
  5041,901224,20190104,   75,    0
  5041,901224,20190105,   76,    0
  5041,901224,20190106,   78,    0
  5041,901224,20190107,   37,    0
  5041,901224,20190108,   41,    0
  5041,901224,20190109,   19,    0
  5041,901224,20190110,   55,    0
  5041,901224,20190111,   34,    0
  5041,901224,20190112,   31,    0
  5041,901224,20190113,   31,    0
  5041,901224,20190114,    3,    0
  5041,901224,20190115,  -10,    0
  5041,901224,20190116,  -13,    0
  5041,901224,20190117,    3,    0
  5041,901224,20190118,    0,    0
  5041,901224,20190119,   15,    0
  5041,901224,20190120,  -11,    0
  5041,901224,20190121,   15,    0
  5041,901224,20190122,   10,    0
  5041,901224,20190123,    9,    0
  5041,901224,20190124,   18,    0
  5041,901224,20190125,   26,    0
  5041,901224,20190126,    0,    0
  5041,901224,20190127,   -4,    0
  5041,901224,20190128,  -10,    0
  5041,901224,20190129,   15,    0
  5041,901224,20190130,   36,    0
  5041,901224,20190131,   35,    0
  5041,901224,20190201,   27,    0
  5041,901224,20190202,   12,    0
  5041,901224,20190203,   -4,    0
  5041,901224,20190204,    5,    0
  5041,901224,20190205,   -5,    0
  5041,901224,20190206,   13,    0
  5041,901224,20190207,   54,    0
  5041,901224,20190208,   46,    0
  5041,901224,20190209,   50,    0
  5041,901224,20190210,   24,    0
  5041,901224,20190211,   16,    0
  5041,901224,20190212,   33,    0
  5041,901224,20190213,   75,    0
  5041,901224,20190214,  103,    0
  5041,901224,20190215,  120,    0
  5041,901224,20190216,   38,    0
  5041,901224,20190217,   43,    0
  5041,901224,20190218,   91,    0
  5041,901224,20190219,   64,    0
  5041,901224,20190220,   38,    0
  5041,901224,20190221,   54,    0
  5041,901224,20190222,  111,    0
  5041,901224,20190223,  136,    0
  5041,901224,20190224,   82,    0
  5041,901224,20190225,   87,    0
  5041,901224,20190226,   96,    0
  5041,901224,20190227,   88,    0
  5041,901224,20190228,   39,    0
  5041,901224,20190301,   23,    0
  5041,901224,20190302,   50,    0
  5041,901224,20190303,   75,    0
  5041,901224,20190304,   49,    0
  5041,901224,20190305,   16,    0
  5041,901224,20190306,   26,    0
  5041,901224,20190307,   24,    0
  5041,901224,20190308,    8,    0
  5041,901224,20190309,   10,    0
  5041,901224,20190310,   -1,    0
  5041,901224,20190311,   15,    0
  5041, 33592,20190312,   22,    0
  5041,901224,20190313,   41,    0
  5041,901224,20190314,   42,    0
  5041,901224,20190315,   45,    0
  5041,901224,20190316,   33,    0
  5041,901224,20190317,   30,    0
  5041,901224,20190318,   46,    0
  5041,901224,20190319,   51,    0
  5041,901224,20190320,   70,    0
  5041,901224,20190321,   67,    0
  5041,901224,20190322,   86,    0
  5041,901224,20190323,   45,    0
  5041,901224,20190324,   39,    0
  5041,901224,20190325,   32,    0
  5041,901224,20190326,   45,    0
  5041,901224,20190327,   77,    0
  5041,901224,20190328,  103,    0
  5041,901224,20190329,   90,    0
  5041,901224,20190330,   50,    0
  5041,901224,20190331,   15,    0
  5041,901224,20190401,   44,    0
  5041,901224,20190402,   59,    0
  5041,901224,20190403,   67,    0
  5041,901224,20190404,   65,    0
  5041,901224,20190405,   86,    0
  5041,901224,20190406,   62,    0
  5041,901224,20190407,   57,    0
  5041,901224,20190408,   51,    0
  5041,901224,20190409,   45,    0
  5041,901224,20190410,   30,    0
  5041,901224,20190411,   51,    0
  5041,901224,20190412,   52,    0
  5041,901224,20190413,   54,    0
  5041,901224,20190414,   70,    0
  5041,901224,20190415,   76,    0
  5041,901224,20190416,   88,    0
  5041,901224,20190417,   85,    0
  5041,901224,20190418,  118,    0
  5041,901224,20190419,  134,    0
  5041,901224,20190420,  121,    0
  5041,901224,20190421,   86,    0
  5041,901224,20190422,  148,    0
  5041,901224,20190423,  147,    0
  5041,901224,20190424,-9999,    9
  5041,901224,20190425,  158,    0
  5041,901224,20190426,  155,    0
  5041,901224,20190427,  163,    0
  5041,901224,20190428,  147,    0
  5041,901224,20190429,  143,    0
  5041,901224,20190430,  105,    0
