EUROPEAN CLIMATE ASSESSMENT & DATASET (ECA&D), file created on: 13-05-2019
THESE DATA CAN BE USED FOR NON-COMMERCIAL RESEARCH AND EDUCATION PROVIDED THAT THE FOLLOWING SOURCE IS ACKNOWLEDGED: 

Klein Tank, A.M.G. and Coauthors, 2002. Daily dataset of 20th-century surface
air temperature and precipitation series for the European Climate Assessment.
Int. J. of Climatol., 22, 1441-1453.
Data and metadata available at http://www.ecad.eu

FILE FORMAT (MISSING VALUE CODE = -9999):

01-06 STAID: Station identifier
08-13 SOUID: Source identifier
15-22 DATE : Date YYYYMMDD
24-28 TG   : Mean temperature in 0.1 &#176;C
30-34 Q_TG : quality code for TG (0='valid'; 1='suspect'; 9='missing')

This is the blended series of station TIRVIA, SPAIN (STAID: 16320)
Blended and updated with sources:90627 
See files sources.txt and stations.txt for more info.

STAID, SOUID,    DATE,   TG, Q_TG
 16320, 90627,20180101,-9999,    9
 16320, 90627,20180102,-9999,    9
 16320, 90627,20180103,-9999,    9
 16320, 90627,20180104,-9999,    9
 16320, 90627,20180105,-9999,    9
 16320, 90627,20180106,-9999,    9
 16320, 90627,20180107,-9999,    9
 16320, 90627,20180108,-9999,    9
 16320, 90627,20180109,-9999,    9
 16320, 90627,20180110,-9999,    9
 16320, 90627,20180111,-9999,    9
 16320, 90627,20180112,    6,    0
 16320, 90627,20180113,  -10,    0
 16320, 90627,20180114,   15,    0
 16320, 90627,20180115,    6,    0
 16320, 90627,20180116,   28,    0
 16320, 90627,20180117,   58,    0
 16320, 90627,20180118,   19,    0
 16320, 90627,20180119,   43,    0
 16320, 90627,20180120,   55,    0
 16320, 90627,20180121,   85,    0
 16320, 90627,20180122,   99,    0
 16320, 90627,20180123,   68,    0
 16320, 90627,20180124,   41,    0
 16320, 90627,20180125,   46,    0
 16320, 90627,20180126,   21,    0
 16320, 90627,20180127,   24,    0
 16320, 90627,20180128,   14,    0
 16320, 90627,20180129,   27,    0
 16320, 90627,20180130,   32,    0
 16320, 90627,20180131,   27,    0
 16320, 90627,20180201,   21,    0
 16320, 90627,20180202,    4,    0
 16320, 90627,20180203,    9,    0
 16320, 90627,20180204,   -7,    0
 16320, 90627,20180205,    2,    0
 16320, 90627,20180206,    1,    0
 16320, 90627,20180207,  -32,    0
 16320, 90627,20180208,  -40,    0
 16320, 90627,20180209,  -34,    0
 16320, 90627,20180210,  -13,    0
 16320, 90627,20180211,   17,    0
 16320, 90627,20180212,   11,    0
 16320, 90627,20180213,  -30,    0
 16320, 90627,20180214,    9,    0
 16320, 90627,20180215,   54,    0
 16320, 90627,20180216,   48,    0
 16320, 90627,20180217,   41,    0
 16320, 90627,20180218,   40,    0
 16320, 90627,20180219,   51,    0
 16320, 90627,20180220,   61,    0
 16320, 90627,20180221,   21,    0
 16320, 90627,20180222,    3,    0
 16320, 90627,20180223,    6,    0
 16320, 90627,20180224,   12,    0
 16320, 90627,20180225,   48,    0
 16320, 90627,20180226,   11,    0
 16320, 90627,20180227,  -20,    0
 16320, 90627,20180228,   -6,    0
 16320, 90627,20180301,   42,    0
 16320, 90627,20180302,   41,    0
 16320, 90627,20180303,   57,    0
 16320, 90627,20180304,   63,    0
 16320, 90627,20180305,   34,    0
 16320, 90627,20180306,   31,    0
 16320, 90627,20180307,   28,    0
 16320, 90627,20180308,   44,    0
 16320, 90627,20180309,   69,    0
 16320, 90627,20180310,   97,    0
 16320, 90627,20180311,   67,    0
 16320, 90627,20180312,   41,    0
 16320, 90627,20180313,   31,    0
 16320, 90627,20180314,   46,    0
 16320, 90627,20180315,   70,    0
 16320, 90627,20180316,   37,    0
 16320, 90627,20180317,   16,    0
 16320, 90627,20180318,   20,    0
 16320, 90627,20180319,    6,    0
 16320, 90627,20180320,    4,    0
 16320, 90627,20180321,    2,    0
 16320, 90627,20180322,   38,    0
 16320, 90627,20180323,   68,    0
 16320, 90627,20180324,   34,    0
 16320, 90627,20180325,   39,    0
 16320, 90627,20180326,   46,    0
 16320, 90627,20180327,   76,    0
 16320, 90627,20180328,  110,    0
 16320, 90627,20180329,   93,    0
 16320, 90627,20180330,   74,    0
 16320, 90627,20180331,   36,    0
 16320, 90627,20180401,   67,    0
 16320, 90627,20180402,   95,    0
 16320, 90627,20180403,  102,    0
 16320, 90627,20180404,   92,    0
 16320, 90627,20180405,   90,    0
 16320, 90627,20180406,   97,    0
 16320, 90627,20180407,  107,    0
 16320, 90627,20180408,   58,    0
 16320, 90627,20180409,   64,    0
 16320, 90627,20180410,   38,    0
 16320, 90627,20180411,   24,    0
 16320, 90627,20180412,   56,    0
 16320, 90627,20180413,   51,    0
 16320, 90627,20180414,   61,    0
 16320, 90627,20180415,  107,    0
 16320, 90627,20180416,   91,    0
 16320, 90627,20180417,  120,    0
 16320, 90627,20180418,  137,    0
 16320, 90627,20180419,  137,    0
 16320, 90627,20180420,  133,    0
 16320, 90627,20180421,  137,    0
 16320, 90627,20180422,  149,    0
 16320, 90627,20180423,  114,    0
 16320, 90627,20180424,  148,    0
 16320, 90627,20180425,  162,    0
 16320, 90627,20180426,  164,    0
 16320, 90627,20180427,  163,    0
 16320, 90627,20180428,  140,    0
 16320, 90627,20180429,   83,    0
 16320, 90627,20180430,   68,    0
 16320, 90627,20180501,   56,    0
 16320, 90627,20180502,   78,    0
 16320, 90627,20180503,   88,    0
 16320, 90627,20180504,  112,    0
 16320, 90627,20180505,  120,    0
 16320, 90627,20180506,  130,    0
 16320, 90627,20180507,  144,    0
 16320, 90627,20180508,  136,    0
 16320, 90627,20180509,  145,    0
 16320, 90627,20180510,  128,    0
 16320, 90627,20180511,  139,    0
 16320, 90627,20180512,  110,    0
 16320, 90627,20180513,   60,    0
 16320, 90627,20180514,   72,    0
 16320, 90627,20180515,  101,    0
 16320, 90627,20180516,  122,    0
 16320, 90627,20180517,  130,    0
 16320, 90627,20180518,  135,    0
 16320, 90627,20180519,  136,    0
 16320, 90627,20180520,  123,    0
 16320, 90627,20180521,  132,    0
 16320, 90627,20180522,  130,    0
 16320, 90627,20180523,  145,    0
 16320, 90627,20180524,  163,    0
 16320, 90627,20180525,  165,    0
 16320, 90627,20180526,  186,    0
 16320, 90627,20180527,  162,    0
 16320, 90627,20180528,  122,    0
 16320, 90627,20180529,  130,    0
 16320, 90627,20180530,  120,    0
 16320, 90627,20180531,  133,    0
 16320, 90627,20180601,  157,    0
 16320, 90627,20180602,  146,    0
 16320, 90627,20180603,  135,    0
 16320, 90627,20180604,  159,    0
 16320, 90627,20180605,  129,    0
 16320, 90627,20180606,  115,    0
 16320, 90627,20180607,  125,    0
 16320, 90627,20180608,  146,    0
 16320, 90627,20180609,  170,    0
 16320, 90627,20180610,  140,    0
 16320, 90627,20180611,  161,    0
 16320, 90627,20180612,  127,    0
 16320, 90627,20180613,  146,    0
 16320, 90627,20180614,  163,    0
 16320, 90627,20180615,  168,    0
 16320, 90627,20180616,  172,    0
 16320, 90627,20180617,  170,    0
 16320, 90627,20180618,  180,    0
 16320, 90627,20180619,  187,    0
 16320, 90627,20180620,  211,    0
 16320, 90627,20180621,  216,    0
 16320, 90627,20180622,  210,    0
 16320, 90627,20180623,  198,    0
 16320, 90627,20180624,  204,    0
 16320, 90627,20180625,  197,    0
 16320, 90627,20180626,  214,    0
 16320, 90627,20180627,  214,    0
 16320, 90627,20180628,  197,    0
 16320, 90627,20180629,  201,    0
 16320, 90627,20180630,  218,    0
 16320, 90627,20180701,  217,    0
 16320, 90627,20180702,  215,    0
 16320, 90627,20180703,  207,    0
 16320, 90627,20180704,  210,    0
 16320, 90627,20180705,  175,    0
 16320, 90627,20180706,  182,    0
 16320, 90627,20180707,  186,    0
 16320, 90627,20180708,  182,    0
 16320, 90627,20180709,  168,    0
 16320, 90627,20180710,  188,    0
 16320, 90627,20180711,  186,    0
 16320, 90627,20180712,  185,    0
 16320, 90627,20180713,  210,    0
 16320, 90627,20180714,  221,    0
 16320, 90627,20180715,  211,    0
 16320, 90627,20180716,  172,    0
 16320, 90627,20180717,  190,    0
 16320, 90627,20180718,  194,    0
 16320, 90627,20180719,  204,    0
 16320, 90627,20180720,  210,    0
 16320, 90627,20180721,  157,    0
 16320, 90627,20180722,  170,    0
 16320, 90627,20180723,  191,    0
 16320, 90627,20180724,  176,    0
 16320, 90627,20180725,  198,    0
 16320, 90627,20180726,-9999,    9
 16320, 90627,20180727,-9999,    9
 16320, 90627,20180728,  216,    0
 16320, 90627,20180729,  217,    0
 16320, 90627,20180730,  227,    0
 16320, 90627,20180731,  230,    0
 16320, 90627,20180801,  235,    0
 16320, 90627,20180802,  240,    0
 16320, 90627,20180803,  238,    0
 16320, 90627,20180804,  230,    0
 16320, 90627,20180805,  217,    0
 16320, 90627,20180806,  205,    0
 16320, 90627,20180807,  191,    0
 16320, 90627,20180808,  186,    0
 16320, 90627,20180809,  182,    0
 16320, 90627,20180810,  183,    0
 16320, 90627,20180811,  192,    0
 16320, 90627,20180812,  192,    0
 16320, 90627,20180813,  189,    0
 16320, 90627,20180814,  183,    0
 16320, 90627,20180815,  180,    0
 16320, 90627,20180816,  172,    0
 16320, 90627,20180817,  155,    0
 16320, 90627,20180818,  159,    0
 16320, 90627,20180819,  177,    0
 16320, 90627,20180820,  187,    0
 16320, 90627,20180821,  187,    0
 16320, 90627,20180822,  173,    0
 16320, 90627,20180823,  171,    0
 16320, 90627,20180824,  177,    0
 16320, 90627,20180825,  160,    0
 16320, 90627,20180826,  162,    0
 16320, 90627,20180827,  190,    0
 16320, 90627,20180828,  200,    0
 16320, 90627,20180829,  180,    0
 16320, 90627,20180830,  175,    0
 16320, 90627,20180831,  185,    0
 16320, 90627,20180901,  180,    0
 16320, 90627,20180902,  172,    0
 16320, 90627,20180903,  173,    0
 16320, 90627,20180904,  183,    0
 16320, 90627,20180905,  175,    0
 16320, 90627,20180906,  140,    0
 16320, 90627,20180907,  155,    0
 16320, 90627,20180908,  172,    0
 16320, 90627,20180909,  182,    0
 16320, 90627,20180910,  169,    0
 16320, 90627,20180911,  172,    0
 16320, 90627,20180912,  155,    0
 16320, 90627,20180913,  177,    0
 16320, 90627,20180914,  177,    0
 16320, 90627,20180915,  183,    0
 16320, 90627,20180916,  187,    0
 16320, 90627,20180917,  171,    0
 16320, 90627,20180918,  165,    0
 16320, 90627,20180919,  170,    0
 16320, 90627,20180920,  168,    0
 16320, 90627,20180921,  182,    0
 16320, 90627,20180922,  186,    0
 16320, 90627,20180923,  189,    0
 16320, 90627,20180924,  179,    0
 16320, 90627,20180925,  146,    0
 16320, 90627,20180926,  166,    0
 16320, 90627,20180927,  147,    0
 16320, 90627,20180928,  163,    0
 16320, 90627,20180929,  159,    0
 16320, 90627,20180930,  154,    0
 16320, 90627,20181001,  109,    0
 16320, 90627,20181002,  146,    0
 16320, 90627,20181003,  162,    0
 16320, 90627,20181004,  135,    0
 16320, 90627,20181005,  135,    0
 16320, 90627,20181006,  142,    0
 16320, 90627,20181007,   99,    0
 16320, 90627,20181008,   86,    0
 16320, 90627,20181009,  113,    0
 16320, 90627,20181010,  119,    0
 16320, 90627,20181011,  127,    0
 16320, 90627,20181012,  149,    0
 16320, 90627,20181013,  157,    0
 16320, 90627,20181014,  149,    0
 16320, 90627,20181015,  101,    0
 16320, 90627,20181016,  113,    0
 16320, 90627,20181017,  124,    0
 16320, 90627,20181018,  124,    0
 16320, 90627,20181019,  131,    0
 16320, 90627,20181020,  126,    0
 16320, 90627,20181021,  117,    0
 16320, 90627,20181022,  118,    0
 16320, 90627,20181023,  119,    0
 16320, 90627,20181024,  144,    0
 16320, 90627,20181025,  122,    0
 16320, 90627,20181026,  113,    0
 16320, 90627,20181027,   69,    0
 16320, 90627,20181028,   12,    0
 16320, 90627,20181029,   24,    0
 16320, 90627,20181030,   30,    0
 16320, 90627,20181031,   48,    0
 16320, 90627,20181101,   55,    0
 16320, 90627,20181102,   76,    0
 16320, 90627,20181103,   64,    0
 16320, 90627,20181104,   65,    0
 16320, 90627,20181105,   77,    0
 16320, 90627,20181106,   59,    0
 16320, 90627,20181107,   67,    0
 16320, 90627,20181108,   67,    0
 16320, 90627,20181109,   72,    0
 16320, 90627,20181110,   78,    0
 16320, 90627,20181111,   94,    0
 16320, 90627,20181112,  121,    0
 16320, 90627,20181113,   86,    0
 16320, 90627,20181114,   85,    0
 16320, 90627,20181115,   75,    0
 16320, 90627,20181116,   83,    0
 16320, 90627,20181117,   91,    0
 16320, 90627,20181118,   68,    0
 16320, 90627,20181119,   50,    0
 16320, 90627,20181120,   29,    0
 16320, 90627,20181121,   52,    0
 16320, 90627,20181122,   45,    0
 16320, 90627,20181123,   29,    0
 16320, 90627,20181124,   30,    0
 16320, 90627,20181125,   21,    0
 16320, 90627,20181126,   42,    0
 16320, 90627,20181127,   61,    0
 16320, 90627,20181128,   34,    0
 16320, 90627,20181129,   31,    0
 16320, 90627,20181130,   57,    0
 16320, 90627,20181201,   37,    0
 16320, 90627,20181202,   60,    0
 16320, 90627,20181203,   62,    0
 16320, 90627,20181204,   64,    0
 16320, 90627,20181205,   51,    0
 16320, 90627,20181206,   73,    0
 16320, 90627,20181207,   49,    0
 16320, 90627,20181208,   63,    0
 16320, 90627,20181209,   88,    0
 16320, 90627,20181210,   57,    0
 16320, 90627,20181211,   33,    0
 16320, 90627,20181212,   53,    0
 16320, 90627,20181213,   50,    0
 16320, 90627,20181214,   60,    0
 16320, 90627,20181215,   32,    0
 16320, 90627,20181216,   34,    0
 16320, 90627,20181217,   33,    0
 16320, 90627,20181218,    2,    0
 16320, 90627,20181219,   32,    0
 16320, 90627,20181220,   12,    0
 16320, 90627,20181221,    7,    0
 16320, 90627,20181222,   42,    0
 16320, 90627,20181223,   49,    0
 16320, 90627,20181224,   47,    0
 16320, 90627,20181225,   36,    0
 16320, 90627,20181226,   29,    0
 16320, 90627,20181227,   25,    0
 16320, 90627,20181228,   39,    0
 16320, 90627,20181229,   64,    0
 16320, 90627,20181230,   63,    0
 16320, 90627,20181231,   94,    0
 16320, 90627,20190101,-9999,    9
 16320, 90627,20190102,-9999,    9
 16320, 90627,20190103,-9999,    9
 16320, 90627,20190104,-9999,    9
 16320, 90627,20190105,-9999,    9
 16320, 90627,20190106,-9999,    9
 16320, 90627,20190107,-9999,    9
 16320, 90627,20190108,-9999,    9
 16320, 90627,20190109,-9999,    9
 16320, 90627,20190110,-9999,    9
 16320, 90627,20190111,-9999,    9
 16320, 90627,20190112,-9999,    9
 16320, 90627,20190113,-9999,    9
 16320, 90627,20190114,-9999,    9
 16320, 90627,20190115,-9999,    9
 16320, 90627,20190116,-9999,    9
 16320, 90627,20190117,-9999,    9
 16320, 90627,20190118,-9999,    9
 16320, 90627,20190119,-9999,    9
 16320, 90627,20190120,-9999,    9
 16320, 90627,20190121,-9999,    9
 16320, 90627,20190122,-9999,    9
 16320, 90627,20190123,-9999,    9
 16320, 90627,20190124,-9999,    9
 16320, 90627,20190125,-9999,    9
 16320, 90627,20190126,-9999,    9
 16320, 90627,20190127,-9999,    9
 16320, 90627,20190128,-9999,    9
 16320, 90627,20190129,-9999,    9
 16320, 90627,20190130,-9999,    9
 16320, 90627,20190131,-9999,    9
 16320, 90627,20190201,-9999,    9
 16320, 90627,20190202,-9999,    9
 16320, 90627,20190203,-9999,    9
 16320, 90627,20190204,-9999,    9
 16320, 90627,20190205,-9999,    9
 16320, 90627,20190206,-9999,    9
 16320, 90627,20190207,-9999,    9
 16320, 90627,20190208,-9999,    9
 16320, 90627,20190209,-9999,    9
 16320, 90627,20190210,-9999,    9
 16320, 90627,20190211,-9999,    9
 16320, 90627,20190212,-9999,    9
 16320, 90627,20190213,-9999,    9
 16320, 90627,20190214,-9999,    9
 16320, 90627,20190215,-9999,    9
 16320, 90627,20190216,-9999,    9
 16320, 90627,20190217,-9999,    9
 16320, 90627,20190218,-9999,    9
 16320, 90627,20190219,-9999,    9
 16320, 90627,20190220,-9999,    9
 16320, 90627,20190221,-9999,    9
 16320, 90627,20190222,-9999,    9
 16320, 90627,20190223,-9999,    9
 16320, 90627,20190224,-9999,    9
 16320, 90627,20190225,-9999,    9
 16320, 90627,20190226,-9999,    9
 16320, 90627,20190227,-9999,    9
 16320, 90627,20190228,-9999,    9
 16320, 90627,20190301,-9999,    9
 16320, 90627,20190302,-9999,    9
 16320, 90627,20190303,-9999,    9
 16320, 90627,20190304,-9999,    9
 16320, 90627,20190305,-9999,    9
 16320, 90627,20190306,-9999,    9
 16320, 90627,20190307,-9999,    9
 16320, 90627,20190308,-9999,    9
 16320, 90627,20190309,-9999,    9
 16320, 90627,20190310,-9999,    9
 16320, 90627,20190311,-9999,    9
 16320, 90627,20190312,-9999,    9
 16320, 90627,20190313,-9999,    9
 16320, 90627,20190314,-9999,    9
 16320, 90627,20190315,-9999,    9
 16320, 90627,20190316,-9999,    9
 16320, 90627,20190317,-9999,    9
 16320, 90627,20190318,-9999,    9
 16320, 90627,20190319,-9999,    9
 16320, 90627,20190320,-9999,    9
 16320, 90627,20190321,-9999,    9
 16320, 90627,20190322,-9999,    9
 16320, 90627,20190323,-9999,    9
 16320, 90627,20190324,-9999,    9
 16320, 90627,20190325,-9999,    9
 16320, 90627,20190326,-9999,    9
 16320, 90627,20190327,-9999,    9
 16320, 90627,20190328,-9999,    9
 16320, 90627,20190329,-9999,    9
 16320, 90627,20190330,-9999,    9
 16320, 90627,20190331,-9999,    9
 16320, 90627,20190401,-9999,    9
 16320, 90627,20190402,-9999,    9
 16320, 90627,20190403,-9999,    9
 16320, 90627,20190404,-9999,    9
 16320, 90627,20190405,-9999,    9
 16320, 90627,20190406,-9999,    9
 16320, 90627,20190407,-9999,    9
 16320, 90627,20190408,-9999,    9
 16320, 90627,20190409,-9999,    9
 16320, 90627,20190410,-9999,    9
 16320, 90627,20190411,-9999,    9
 16320, 90627,20190412,-9999,    9
 16320, 90627,20190413,-9999,    9
 16320, 90627,20190414,-9999,    9
 16320, 90627,20190415,-9999,    9
 16320, 90627,20190416,-9999,    9
 16320, 90627,20190417,-9999,    9
 16320, 90627,20190418,-9999,    9
 16320, 90627,20190419,-9999,    9
 16320, 90627,20190420,-9999,    9
 16320, 90627,20190421,-9999,    9
 16320, 90627,20190422,-9999,    9
 16320, 90627,20190423,-9999,    9
 16320, 90627,20190424,-9999,    9
 16320, 90627,20190425,-9999,    9
 16320, 90627,20190426,-9999,    9
 16320, 90627,20190427,-9999,    9
 16320, 90627,20190428,-9999,    9
 16320, 90627,20190429,-9999,    9
 16320, 90627,20190430,-9999,    9
