EUROPEAN CLIMATE ASSESSMENT & DATASET (ECA&D), file created on: 13-05-2019
THESE DATA CAN BE USED FOR NON-COMMERCIAL RESEARCH AND EDUCATION PROVIDED THAT THE FOLLOWING SOURCE IS ACKNOWLEDGED: 

Klein Tank, A.M.G. and Coauthors, 2002. Daily dataset of 20th-century surface
air temperature and precipitation series for the European Climate Assessment.
Int. J. of Climatol., 22, 1441-1453.
Data and metadata available at http://www.ecad.eu

FILE FORMAT (MISSING VALUE CODE = -9999):

01-06 STAID: Station identifier
08-13 SOUID: Source identifier
15-22 DATE : Date YYYYMMDD
24-28 TG   : Mean temperature in 0.1 &#176;C
30-34 Q_TG : quality code for TG (0='valid'; 1='suspect'; 9='missing')

This is the blended series of station BLACKPOOL SQUIRES GATE, UNITED KINGDOM (STAID: 11102)
Blended and updated with sources:56831 
See files sources.txt and stations.txt for more info.

STAID, SOUID,    DATE,   TG, Q_TG
 11102, 56831,20130101,   66,    0
 11102, 56831,20130102,   79,    0
 11102, 56831,20130103,   78,    0
 11102, 56831,20130104,   86,    0
 11102, 56831,20130105,   71,    0
 11102, 56831,20130106,   67,    0
 11102, 56831,20130107,   79,    0
 11102, 56831,20130108,   86,    1
 11102, 56831,20130109,   21,    0
 11102, 56831,20130110,   13,    0
 11102, 56831,20130111,   28,    0
 11102, 56831,20130112,   31,    1
 11102, 56831,20130113,   -2,    0
 11102, 56831,20130114,   23,    0
 11102, 56831,20130115,   14,    1
 11102, 56831,20130116,  -14,    0
 11102, 56831,20130117,   -5,    0
 11102, 56831,20130118,    3,    0
 11102, 56831,20130119,   -3,    0
 11102, 56831,20130120,   13,    1
 11102, 56831,20130121,    5,    0
 11102, 56831,20130122,    7,    0
 11102, 56831,20130123,   -4,    0
 11102, 56831,20130124,    3,    0
 11102, 56831,20130125,   16,    0
 11102, 56831,20130126,   39,    0
 11102, 56831,20130127,   57,    0
 11102, 56831,20130128,   70,    0
 11102, 56831,20130129,   79,    0
 11102, 56831,20130130,   75,    0
 11102, 56831,20130131,   69,    0
 11102, 56831,20130201,   65,    0
 11102, 56831,20130202,   45,    0
 11102, 56831,20130203,   40,    0
 11102, 56831,20130204,   63,    0
 11102, 56831,20130205,   39,    0
 11102, 56831,20130206,   43,    0
 11102, 56831,20130207,   35,    0
 11102, 56831,20130208,   47,    1
 11102, 56831,20130209,   32,    0
 11102, 56831,20130210,   32,    0
 11102, 56831,20130211,   27,    0
 11102, 56831,20130212,    5,    0
 11102, 56831,20130213,   29,    0
 11102, 56831,20130214,   33,    0
 11102, 56831,20130215,   58,    0
 11102, 56831,20130216,   45,    0
 11102, 56831,20130217,   52,    0
 11102, 56831,20130218,   40,    0
 11102, 56831,20130219,   22,    0
 11102, 56831,20130220,   12,    0
 11102, 56831,20130221,   24,    0
 11102, 56831,20130222,   13,    0
 11102, 56831,20130223,   18,    0
 11102, 56831,20130224,   25,    0
 11102, 56831,20130225,   38,    0
 11102, 56831,20130226,   41,    0
 11102, 56831,20130227,   21,    0
 11102, 56831,20130228,   14,    0
 11102, 56831,20130301,   37,    0
 11102, 56831,20130302,   16,    0
 11102, 56831,20130303,   37,    0
 11102, 56831,20130304,   39,    0
 11102, 56831,20130305,   49,    0
 11102, 56831,20130306,   41,    0
 11102, 56831,20130307,   68,    0
 11102, 56831,20130308,   65,    1
 11102, 56831,20130309,   44,    1
 11102, 56831,20130310,   32,    1
 11102, 56831,20130311,   -3,    0
 11102, 56831,20130312,   11,    0
 11102, 56831,20130313,   35,    0
 11102, 56831,20130314,    7,    0
 11102, 56831,20130315,   61,    0
 11102, 56831,20130316,   47,    0
 11102, 56831,20130317,   48,    0
 11102, 56831,20130318,   27,    0
 11102, 56831,20130319,   27,    0
 11102, 56831,20130320,   39,    0
 11102, 56831,20130321,   25,    1
 11102, 56831,20130322,   12,    0
 11102, 56831,20130323,   12,    0
 11102, 56831,20130324,   24,    0
 11102, 56831,20130325,   31,    0
 11102, 56831,20130326,   24,    0
 11102, 56831,20130327,   25,    0
 11102, 56831,20130328,   24,    0
 11102, 56831,20130329,   15,    0
 11102, 56831,20130330,   15,    0
 11102, 56831,20130331,   13,    0
 11102, 56831,20130401,   27,    0
 11102, 56831,20130402,   22,    0
 11102, 56831,20130403,   37,    0
 11102, 56831,20130404,   49,    0
 11102, 56831,20130405,   48,    0
 11102, 56831,20130406,   29,    0
 11102, 56831,20130407,   30,    0
 11102, 56831,20130408,   58,    0
 11102, 56831,20130409,   60,    0
 11102, 56831,20130410,   42,    0
 11102, 56831,20130411,   49,    0
 11102, 56831,20130412,   72,    0
 11102, 56831,20130413,   78,    0
 11102, 56831,20130414,  117,    0
 11102, 56831,20130415,  108,    0
 11102, 56831,20130416,   98,    0
 11102, 56831,20130417,  103,    0
 11102, 56831,20130418,   86,    0
 11102, 56831,20130419,   81,    0
 11102, 56831,20130420,   65,    0
 11102, 56831,20130421,   77,    0
 11102, 56831,20130422,   90,    0
 11102, 56831,20130423,   97,    0
 11102, 56831,20130424,  104,    1
 11102, 56831,20130425,   87,    0
 11102, 56831,20130426,   76,    0
 11102, 56831,20130427,   57,    0
 11102, 56831,20130428,   79,    0
 11102, 56831,20130429,   86,    0
 11102, 56831,20130430,   84,    0
 11102, 56831,20130501,   78,    0
 11102, 56831,20130502,   72,    0
 11102, 56831,20130503,  108,    0
 11102, 56831,20130504,  102,    0
 11102, 56831,20130505,  119,    0
 11102, 56831,20130506,  115,    0
 11102, 56831,20130507,  148,    0
 11102, 56831,20130508,  146,    1
 11102, 56831,20130509,   91,    0
 11102, 56831,20130510,  106,    0
 11102, 56831,20130511,   94,    0
 11102, 56831,20130512,   88,    0
 11102, 56831,20130513,   87,    0
 11102, 56831,20130514,   79,    0
 11102, 56831,20130515,   92,    0
 11102, 56831,20130516,   90,    0
 11102, 56831,20130517,  105,    0
 11102, 56831,20130518,   99,    0
 11102, 56831,20130519,  109,    0
 11102, 56831,20130520,  121,    0
 11102, 56831,20130521,  117,    0
 11102, 56831,20130522,  109,    0
 11102, 56831,20130523,   83,    0
 11102, 56831,20130524,  102,    0
 11102, 56831,20130525,   76,    0
 11102, 56831,20130526,   82,    0
 11102, 56831,20130527,   92,    0
 11102, 56831,20130528,  112,    0
 11102, 56831,20130529,  112,    0
 11102, 56831,20130530,  143,    1
 11102, 56831,20130531,  115,    0
 11102, 56831,20130601,  111,    0
 11102, 56831,20130602,  114,    0
 11102, 56831,20130603,  108,    0
 11102, 56831,20130604,  145,    0
 11102, 56831,20130605,  129,    0
 11102, 56831,20130606,  134,    0
 11102, 56831,20130607,  140,    0
 11102, 56831,20130608,  135,    0
 11102, 56831,20130609,  130,    0
 11102, 56831,20130610,  130,    0
 11102, 56831,20130611,  138,    0
 11102, 56831,20130612,  141,    0
 11102, 56831,20130613,  143,    0
 11102, 56831,20130614,  141,    0
 11102, 56831,20130615,  129,    0
 11102, 56831,20130616,  142,    0
 11102, 56831,20130617,  164,    0
 11102, 56831,20130618,  154,    0
 11102, 56831,20130619,  156,    0
 11102, 56831,20130620,  134,    0
 11102, 56831,20130621,  156,    0
 11102, 56831,20130622,  137,    0
 11102, 56831,20130623,  132,    0
 11102, 56831,20130624,  133,    0
 11102, 56831,20130625,  136,    0
 11102, 56831,20130626,  141,    0
 11102, 56831,20130627,  131,    0
 11102, 56831,20130628,  132,    0
 11102, 56831,20130629,  142,    0
 11102, 56831,20130630,  161,    1
 11102, 56831,20130701,  140,    0
 11102, 56831,20130702,  133,    0
 11102, 56831,20130703,  149,    0
 11102, 56831,20130704,  159,    0
 11102, 56831,20130705,  154,    0
 11102, 56831,20130706,  140,    0
 11102, 56831,20130707,  160,    0
 11102, 56831,20130708,  183,    0
 11102, 56831,20130709,  171,    0
 11102, 56831,20130710,  197,    0
 11102, 56831,20130711,  147,    0
 11102, 56831,20130712,  173,    0
 11102, 56831,20130713,  181,    0
 11102, 56831,20130714,  144,    0
 11102, 56831,20130715,  147,    0
 11102, 56831,20130716,  157,    0
 11102, 56831,20130717,  193,    0
 11102, 56831,20130718,  186,    0
 11102, 56831,20130719,  215,    0
 11102, 56831,20130720,  201,    0
 11102, 56831,20130721,  186,    0
 11102, 56831,20130722,  208,    0
 11102, 56831,20130723,  198,    0
 11102, 56831,20130724,  188,    0
 11102, 56831,20130725,  200,    0
 11102, 56831,20130726,  167,    0
 11102, 56831,20130727,  187,    0
 11102, 56831,20130728,  180,    0
 11102, 56831,20130729,  190,    0
 11102, 56831,20130730,  179,    0
 11102, 56831,20130731,  184,    0
 11102, 56831,20130801,  218,    0
 11102, 56831,20130802,  188,    0
 11102, 56831,20130803,  182,    0
 11102, 56831,20130804,  183,    1
 11102, 56831,20130805,  165,    0
 11102, 56831,20130806,  166,    0
 11102, 56831,20130807,  153,    0
 11102, 56831,20130808,  146,    0
 11102, 56831,20130809,  167,    0
 11102, 56831,20130810,  167,    0
 11102, 56831,20130811,  161,    0
 11102, 56831,20130812,  161,    0
 11102, 56831,20130813,  157,    0
 11102, 56831,20130814,  172,    0
 11102, 56831,20130815,  192,    1
 11102, 56831,20130816,  173,    0
 11102, 56831,20130817,  164,    0
 11102, 56831,20130818,  163,    0
 11102, 56831,20130819,  163,    0
 11102, 56831,20130820,  175,    0
 11102, 56831,20130821,  171,    0
 11102, 56831,20130822,  188,    0
 11102, 56831,20130823,  186,    1
 11102, 56831,20130824,  168,    0
 11102, 56831,20130825,  167,    0
 11102, 56831,20130826,  170,    0
 11102, 56831,20130827,  154,    0
 11102, 56831,20130828,  159,    0
 11102, 56831,20130829,  164,    0
 11102, 56831,20130830,  175,    1
 11102, 56831,20130831,  150,    0
 11102, 56831,20130901,  151,    0
 11102, 56831,20130902,  170,    0
 11102, 56831,20130903,  180,    0
 11102, 56831,20130904,  167,    0
 11102, 56831,20130905,  144,    1
 11102, 56831,20130906,  126,    0
 11102, 56831,20130907,  118,    0
 11102, 56831,20130908,  108,    0
 11102, 56831,20130909,  126,    0
 11102, 56831,20130910,  130,    0
 11102, 56831,20130911,  142,    0
 11102, 56831,20130912,  149,    1
 11102, 56831,20130913,  138,    0
 11102, 56831,20130914,  127,    0
 11102, 56831,20130915,  133,    0
 11102, 56831,20130916,  112,    0
 11102, 56831,20130917,  113,    0
 11102, 56831,20130918,  114,    0
 11102, 56831,20130919,  130,    0
 11102, 56831,20130920,  125,    0
 11102, 56831,20130921,  138,    0
 11102, 56831,20130922,  152,    0
 11102, 56831,20130923,  126,    0
 11102, 56831,20130924,  162,    0
 11102, 56831,20130925,  148,    0
 11102, 56831,20130926,  145,    0
 11102, 56831,20130927,  160,    0
 11102, 56831,20130928,  136,    0
 11102, 56831,20130929,  143,    0
 11102, 56831,20130930,  142,    0
 11102, 56831,20131001,  135,    0
 11102, 56831,20131002,  145,    0
 11102, 56831,20131003,  159,    0
 11102, 56831,20131004,  168,    1
 11102, 56831,20131005,  145,    0
 11102, 56831,20131006,  135,    0
 11102, 56831,20131007,  156,    0
 11102, 56831,20131008,  151,    1
 11102, 56831,20131009,  126,    1
 11102, 56831,20131010,   96,    0
 11102, 56831,20131011,  111,    0
 11102, 56831,20131012,  115,    0
 11102, 56831,20131013,  116,    0
 11102, 56831,20131014,  121,    0
 11102, 56831,20131015,  126,    0
 11102, 56831,20131016,   93,    0
 11102, 56831,20131017,  124,    0
 11102, 56831,20131018,  110,    0
 11102, 56831,20131019,  151,    0
 11102, 56831,20131020,  127,    0
 11102, 56831,20131021,  139,    0
 11102, 56831,20131022,  144,    1
 11102, 56831,20131023,  127,    0
 11102, 56831,20131024,  113,    0
 11102, 56831,20131025,  133,    0
 11102, 56831,20131026,  135,    0
 11102, 56831,20131027,  118,    0
 11102, 56831,20131028,  112,    0
 11102, 56831,20131029,  101,    0
 11102, 56831,20131030,  101,    0
 11102, 56831,20131031,  109,    0
 11102, 56831,20131101,  104,    0
 11102, 56831,20131102,   79,    0
 11102, 56831,20131103,   90,    0
 11102, 56831,20131104,   44,    0
 11102, 56831,20131105,   60,    0
 11102, 56831,20131106,   91,    0
 11102, 56831,20131107,   95,    1
 11102, 56831,20131108,   81,    0
 11102, 56831,20131109,   77,    0
 11102, 56831,20131110,   55,    0
 11102, 56831,20131111,   73,    0
 11102, 56831,20131112,  104,    0
 11102, 56831,20131113,   95,    0
 11102, 56831,20131114,   77,    0
 11102, 56831,20131115,   63,    0
 11102, 56831,20131116,   80,    0
 11102, 56831,20131117,   97,    1
 11102, 56831,20131118,   83,    0
 11102, 56831,20131119,   57,    0
 11102, 56831,20131120,   59,    0
 11102, 56831,20131121,   66,    0
 11102, 56831,20131122,   53,    0
 11102, 56831,20131123,   15,    0
 11102, 56831,20131124,   32,    0
 11102, 56831,20131125,   29,    0
 11102, 56831,20131126,   39,    0
 11102, 56831,20131127,   93,    0
 11102, 56831,20131128,   90,    0
 11102, 56831,20131129,   87,    0
 11102, 56831,20131130,   72,    0
 11102, 56831,20131201,   79,    0
 11102, 56831,20131202,   77,    0
 11102, 56831,20131203,   83,    0
 11102, 56831,20131204,   72,    0
 11102, 56831,20131205,   80,    0
 11102, 56831,20131206,   53,    0
 11102, 56831,20131207,   74,    0
 11102, 56831,20131208,   93,    0
 11102, 56831,20131209,  101,    0
 11102, 56831,20131210,   78,    1
 11102, 56831,20131211,   61,    0
 11102, 56831,20131212,   76,    0
 11102, 56831,20131213,   97,    0
 11102, 56831,20131214,   79,    0
 11102, 56831,20131215,   86,    1
 11102, 56831,20131216,   68,    1
 11102, 56831,20131217,   36,    0
 11102, 56831,20131218,   71,    0
 11102, 56831,20131219,   65,    0
 11102, 56831,20131220,   77,    0
 11102, 56831,20131221,   90,    1
 11102, 56831,20131222,   61,    0
 11102, 56831,20131223,   67,    0
 11102, 56831,20131224,   61,    0
 11102, 56831,20131225,   45,    0
 11102, 56831,20131226,   38,    0
 11102, 56831,20131227,   49,    0
 11102, 56831,20131228,   64,    0
 11102, 56831,20131229,   80,    0
 11102, 56831,20131230,   79,    0
 11102, 56831,20131231,   64,    0
 11102, 56831,20140101,   73,    0
 11102, 56831,20140102,   70,    0
 11102, 56831,20140103,   72,    1
 11102, 56831,20140104,   54,    0
 11102, 56831,20140105,   64,    0
 11102, 56831,20140106,   68,    0
 11102, 56831,20140107,   85,    0
 11102, 56831,20140108,   83,    1
 11102, 56831,20140109,   58,    0
 11102, 56831,20140110,   69,    1
 11102, 56831,20140111,   54,    0
 11102, 56831,20140112,   37,    0
 11102, 56831,20140113,   46,    0
 11102, 56831,20140114,   66,    0
 11102, 56831,20140115,   75,    0
 11102, 56831,20140116,   61,    0
 11102, 56831,20140117,   56,    0
 11102, 56831,20140118,   66,    0
 11102, 56831,20140119,   62,    0
 11102, 56831,20140120,   45,    0
 11102, 56831,20140121,   41,    0
 11102, 56831,20140122,   57,    0
 11102, 56831,20140123,   62,    0
 11102, 56831,20140124,   54,    0
 11102, 56831,20140125,   66,    0
 11102, 56831,20140126,   59,    0
 11102, 56831,20140127,   56,    0
 11102, 56831,20140128,   60,    0
 11102, 56831,20140129,   65,    1
 11102, 56831,20140130,   32,    0
 11102, 56831,20140131,   49,    0
 11102, 56831,20140201,   45,    0
 11102, 56831,20140202,   55,    0
 11102, 56831,20140203,   65,    0
 11102, 56831,20140204,   51,    0
 11102, 56831,20140205,   60,    0
 11102, 56831,20140206,   69,    0
 11102, 56831,20140207,   61,    0
 11102, 56831,20140208,   60,    0
 11102, 56831,20140209,   65,    1
 11102, 56831,20140210,   27,    0
 11102, 56831,20140211,   37,    0
 11102, 56831,20140212,   44,    0
 11102, 56831,20140213,   55,    0
 11102, 56831,20140214,   61,    0
 11102, 56831,20140215,   56,    0
 11102, 56831,20140216,   66,    0
 11102, 56831,20140217,   61,    0
 11102, 56831,20140218,   76,    0
 11102, 56831,20140219,   83,    0
 11102, 56831,20140220,   84,    0
 11102, 56831,20140221,   71,    0
 11102, 56831,20140222,   84,    0
 11102, 56831,20140223,   91,    0
 11102, 56831,20140224,   80,    0
 11102, 56831,20140225,   75,    0
 11102, 56831,20140226,   78,    0
 11102, 56831,20140227,   71,    0
 11102, 56831,20140228,   40,    0
 11102, 56831,20140301,   38,    0
 11102, 56831,20140302,   70,    0
 11102, 56831,20140303,   40,    0
 11102, 56831,20140304,   66,    0
 11102, 56831,20140305,   66,    0
 11102, 56831,20140306,   94,    0
 11102, 56831,20140307,   91,    0
 11102, 56831,20140308,   69,    0
 11102, 56831,20140309,   93,    0
 11102, 56831,20140310,   76,    0
 11102, 56831,20140311,   57,    0
 11102, 56831,20140312,   61,    1
 11102, 56831,20140313,   42,    0
 11102, 56831,20140314,   57,    0
 11102, 56831,20140315,   80,    0
 11102, 56831,20140316,   79,    0
 11102, 56831,20140317,   90,    0
 11102, 56831,20140318,   88,    0
 11102, 56831,20140319,   98,    0
 11102, 56831,20140320,   97,    0
 11102, 56831,20140321,   81,    0
 11102, 56831,20140322,   58,    0
 11102, 56831,20140323,   66,    0
 11102, 56831,20140324,   43,    0
 11102, 56831,20140325,   68,    0
 11102, 56831,20140326,   51,    0
 11102, 56831,20140327,   61,    0
 11102, 56831,20140328,   75,    0
 11102, 56831,20140329,  108,    0
 11102, 56831,20140330,  127,    0
 11102, 56831,20140331,  112,    0
 11102, 56831,20140401,   97,    0
 11102, 56831,20140402,   94,    0
 11102, 56831,20140403,   97,    0
 11102, 56831,20140404,   98,    0
 11102, 56831,20140405,  100,    0
 11102, 56831,20140406,  127,    1
 11102, 56831,20140407,   87,    0
 11102, 56831,20140408,   86,    0
 11102, 56831,20140409,  102,    0
 11102, 56831,20140410,  108,    0
 11102, 56831,20140411,   89,    0
 11102, 56831,20140412,  100,    0
 11102, 56831,20140413,  100,    0
 11102, 56831,20140414,   99,    0
 11102, 56831,20140415,   83,    0
 11102, 56831,20140416,   98,    0
 11102, 56831,20140417,  103,    0
 11102, 56831,20140418,   61,    0
 11102, 56831,20140419,   74,    0
 11102, 56831,20140420,   96,    0
 11102, 56831,20140421,  146,    1
 11102, 56831,20140422,  108,    0
 11102, 56831,20140423,  123,    0
 11102, 56831,20140424,   91,    0
 11102, 56831,20140425,  107,    0
 11102, 56831,20140426,  124,    0
 11102, 56831,20140427,  124,    0
 11102, 56831,20140428,  118,    0
 11102, 56831,20140429,  116,    0
 11102, 56831,20140430,  131,    1
 11102, 56831,20140501,  114,    0
 11102, 56831,20140502,  102,    0
 11102, 56831,20140503,   76,    0
 11102, 56831,20140504,  105,    0
 11102, 56831,20140505,  102,    0
 11102, 56831,20140506,  123,    0
 11102, 56831,20140507,  115,    0
 11102, 56831,20140508,  117,    0
 11102, 56831,20140509,  114,    0
 11102, 56831,20140510,  119,    0
 11102, 56831,20140511,  115,    0
 11102, 56831,20140512,  115,    0
 11102, 56831,20140513,  104,    0
 11102, 56831,20140514,  120,    0
 11102, 56831,20140515,  133,    0
 11102, 56831,20140516,  118,    0
 11102, 56831,20140517,  142,    0
 11102, 56831,20140518,  152,    0
 11102, 56831,20140519,  159,    0
 11102, 56831,20140520,  172,    1
 11102, 56831,20140521,  129,    0
 11102, 56831,20140522,  119,    0
 11102, 56831,20140523,  116,    0
 11102, 56831,20140524,  125,    0
 11102, 56831,20140525,  128,    0
 11102, 56831,20140526,  133,    0
 11102, 56831,20140527,  150,    0
 11102, 56831,20140528,  128,    0
 11102, 56831,20140529,  116,    0
 11102, 56831,20140530,  126,    0
 11102, 56831,20140531,  140,    0
 11102, 56831,20140601,  134,    0
 11102, 56831,20140602,  145,    0
 11102, 56831,20140603,  137,    0
 11102, 56831,20140604,  124,    0
 11102, 56831,20140605,  132,    0
 11102, 56831,20140606,  125,    0
 11102, 56831,20140607,  157,    0
 11102, 56831,20140608,  161,    0
 11102, 56831,20140609,  160,    0
 11102, 56831,20140610,  151,    0
 11102, 56831,20140611,  151,    0
 11102, 56831,20140612,  133,    0
 11102, 56831,20140613,  144,    0
 11102, 56831,20140614,  160,    0
 11102, 56831,20140615,  162,    0
 11102, 56831,20140616,  155,    0
 11102, 56831,20140617,  168,    0
 11102, 56831,20140618,  172,    0
 11102, 56831,20140619,  175,    1
 11102, 56831,20140620,  144,    0
 11102, 56831,20140621,  161,    0
 11102, 56831,20140622,  159,    0
 11102, 56831,20140623,  150,    0
 11102, 56831,20140624,  167,    0
 11102, 56831,20140625,  156,    0
 11102, 56831,20140626,  163,    0
 11102, 56831,20140627,  140,    0
 11102, 56831,20140628,  127,    0
 11102, 56831,20140629,  132,    0
 11102, 56831,20140630,  148,    0
 11102, 56831,20140701,  154,    0
 11102, 56831,20140702,  156,    0
 11102, 56831,20140703,  175,    0
 11102, 56831,20140704,  168,    0
 11102, 56831,20140705,  149,    0
 11102, 56831,20140706,  124,    0
 11102, 56831,20140707,  160,    0
 11102, 56831,20140708,  154,    0
 11102, 56831,20140709,  168,    0
 11102, 56831,20140710,  164,    0
 11102, 56831,20140711,  149,    0
 11102, 56831,20140712,  161,    0
 11102, 56831,20140713,  173,    0
 11102, 56831,20140714,  162,    0
 11102, 56831,20140715,  167,    0
 11102, 56831,20140716,  156,    0
 11102, 56831,20140717,  176,    0
 11102, 56831,20140718,  207,    0
 11102, 56831,20140719,  191,    0
 11102, 56831,20140720,  180,    0
 11102, 56831,20140721,  188,    0
 11102, 56831,20140722,  180,    0
 11102, 56831,20140723,  215,    0
 11102, 56831,20140724,  218,    0
 11102, 56831,20140725,  216,    0
 11102, 56831,20140726,  197,    0
 11102, 56831,20140727,  179,    0
 11102, 56831,20140728,  176,    0
 11102, 56831,20140729,  176,    0
 11102, 56831,20140730,  183,    0
 11102, 56831,20140731,  181,    0
 11102, 56831,20140801,  160,    0
 11102, 56831,20140802,  183,    0
 11102, 56831,20140803,  160,    0
 11102, 56831,20140804,  170,    0
 11102, 56831,20140805,  161,    0
 11102, 56831,20140806,  181,    0
 11102, 56831,20140807,  168,    0
 11102, 56831,20140808,  153,    0
 11102, 56831,20140809,  177,    1
 11102, 56831,20140810,  152,    0
 11102, 56831,20140811,  158,    0
 11102, 56831,20140812,  160,    0
 11102, 56831,20140813,  165,    0
 11102, 56831,20140814,  161,    0
 11102, 56831,20140815,  149,    0
 11102, 56831,20140816,  158,    0
 11102, 56831,20140817,  149,    0
 11102, 56831,20140818,  154,    0
 11102, 56831,20140819,  127,    0
 11102, 56831,20140820,  136,    0
 11102, 56831,20140821,  142,    0
 11102, 56831,20140822,  140,    0
 11102, 56831,20140823,  132,    0
 11102, 56831,20140824,  142,    0
 11102, 56831,20140825,  131,    0
 11102, 56831,20140826,  164,    0
 11102, 56831,20140827,  143,    0
 11102, 56831,20140828,  174,    1
 11102, 56831,20140829,  147,    0
 11102, 56831,20140830,  162,    0
 11102, 56831,20140831,  161,    0
 11102, 56831,20140901,  158,    0
 11102, 56831,20140902,  153,    0
 11102, 56831,20140903,  168,    0
 11102, 56831,20140904,  189,    0
 11102, 56831,20140905,  159,    0
 11102, 56831,20140906,  165,    0
 11102, 56831,20140907,  143,    0
 11102, 56831,20140908,  146,    0
 11102, 56831,20140909,  122,    0
 11102, 56831,20140910,  145,    0
 11102, 56831,20140911,  153,    0
 11102, 56831,20140912,  137,    0
 11102, 56831,20140913,  156,    0
 11102, 56831,20140914,  141,    0
 11102, 56831,20140915,  142,    0
 11102, 56831,20140916,  171,    0
 11102, 56831,20140917,  166,    0
 11102, 56831,20140918,  180,    0
 11102, 56831,20140919,  159,    0
 11102, 56831,20140920,  159,    0
 11102, 56831,20140921,  114,    0
 11102, 56831,20140922,  123,    0
 11102, 56831,20140923,  146,    0
 11102, 56831,20140924,  149,    0
 11102, 56831,20140925,  154,    0
 11102, 56831,20140926,  164,    0
 11102, 56831,20140927,  117,    0
 11102, 56831,20140928,  150,    0
 11102, 56831,20140929,  136,    0
 11102, 56831,20140930,  162,    0
 11102, 56831,20141001,  152,    0
 11102, 56831,20141002,  103,    0
 11102, 56831,20141003,  156,    1
 11102, 56831,20141004,  121,    0
 11102, 56831,20141005,  112,    0
 11102, 56831,20141006,  120,    0
 11102, 56831,20141007,   80,    0
 11102, 56831,20141008,  102,    0
 11102, 56831,20141009,  115,    0
 11102, 56831,20141010,  120,    0
 11102, 56831,20141011,  104,    0
 11102, 56831,20141012,   99,    0
 11102, 56831,20141013,   92,    0
 11102, 56831,20141014,  113,    0
 11102, 56831,20141015,  119,    0
 11102, 56831,20141016,  129,    0
 11102, 56831,20141017,  151,    0
 11102, 56831,20141018,  160,    0
 11102, 56831,20141019,  156,    1
 11102, 56831,20141020,  130,    1
 11102, 56831,20141021,  117,    0
 11102, 56831,20141022,  101,    0
 11102, 56831,20141023,  128,    0
 11102, 56831,20141024,  130,    0
 11102, 56831,20141025,  121,    0
 11102, 56831,20141026,  138,    0
 11102, 56831,20141027,  147,    0
 11102, 56831,20141028,  148,    1
 11102, 56831,20141029,   72,    0
 11102, 56831,20141030,  103,    0
 11102, 56831,20141031,  155,    1
 11102, 56831,20141101,  135,    1
 11102, 56831,20141102,  124,    1
 11102, 56831,20141103,   91,    0
 11102, 56831,20141104,   65,    0
 11102, 56831,20141105,   75,    0
 11102, 56831,20141106,   60,    0
 11102, 56831,20141107,   88,    0
 11102, 56831,20141108,   90,    0
 11102, 56831,20141109,   78,    0
 11102, 56831,20141110,   75,    0
 11102, 56831,20141111,   90,    0
 11102, 56831,20141112,  113,    0
 11102, 56831,20141113,  108,    0
 11102, 56831,20141114,  111,    1
 11102, 56831,20141115,   77,    0
 11102, 56831,20141116,   86,    0
 11102, 56831,20141117,   92,    0
 11102, 56831,20141118,   88,    0
 11102, 56831,20141119,   88,    0
 11102, 56831,20141120,   77,    0
 11102, 56831,20141121,   64,    0
 11102, 56831,20141122,   97,    0
 11102, 56831,20141123,   91,    0
 11102, 56831,20141124,   92,    1
 11102, 56831,20141125,   48,    0
 11102, 56831,20141126,   57,    0
 11102, 56831,20141127,   75,    0
 11102, 56831,20141128,   75,    0
 11102, 56831,20141129,  100,    0
 11102, 56831,20141130,   95,    0
 11102, 56831,20141201,   59,    0
 11102, 56831,20141202,   68,    0
 11102, 56831,20141203,   20,    0
 11102, 56831,20141204,   34,    0
 11102, 56831,20141205,   47,    0
 11102, 56831,20141206,   41,    0
 11102, 56831,20141207,   43,    0
 11102, 56831,20141208,   55,    0
 11102, 56831,20141209,   59,    0
 11102, 56831,20141210,   62,    0
 11102, 56831,20141211,   52,    0
 11102, 56831,20141212,   46,    0
 11102, 56831,20141213,   36,    0
 11102, 56831,20141214,   47,    0
 11102, 56831,20141215,   66,    0
 11102, 56831,20141216,   76,    0
 11102, 56831,20141217,   83,    0
 11102, 56831,20141218,  101,    1
 11102, 56831,20141219,   75,    0
 11102, 56831,20141220,   74,    0
 11102, 56831,20141221,   93,    0
 11102, 56831,20141222,  100,    0
 11102, 56831,20141223,  106,    1
 11102, 56831,20141224,   72,    0
 11102, 56831,20141225,   67,    1
 11102, 56831,20141226,   30,    0
 11102, 56831,20141227,   32,    0
 11102, 56831,20141228,   15,    0
 11102, 56831,20141229,   25,    0
 11102, 56831,20141230,   17,    0
 11102, 56831,20141231,   55,    0
 11102, 56831,20150101,   73,    0
 11102, 56831,20150102,   71,    1
 11102, 56831,20150103,   52,    1
 11102, 56831,20150104,    8,    0
 11102, 56831,20150105,   41,    0
 11102, 56831,20150106,   51,    0
 11102, 56831,20150107,   73,    0
 11102, 56831,20150108,   86,    0
 11102, 56831,20150109,   92,    1
 11102, 56831,20150110,   73,    0
 11102, 56831,20150111,   69,    0
 11102, 56831,20150112,   84,    1
 11102, 56831,20150113,   54,    0
 11102, 56831,20150114,   60,    0
 11102, 56831,20150115,   58,    0
 11102, 56831,20150116,   45,    0
 11102, 56831,20150117,   45,    0
 11102, 56831,20150118,    2,    0
 11102, 56831,20150119,    3,    0
 11102, 56831,20150120,   -7,    0
 11102, 56831,20150121,    6,    0
 11102, 56831,20150122,   13,    0
 11102, 56831,20150123,   31,    0
 11102, 56831,20150124,   40,    0
 11102, 56831,20150125,   63,    0
 11102, 56831,20150126,   64,    0
 11102, 56831,20150127,   63,    1
 11102, 56831,20150128,   52,    0
 11102, 56831,20150129,   35,    0
 11102, 56831,20150130,   33,    0
 11102, 56831,20150131,   41,    0
 11102, 56831,20150201,   37,    0
 11102, 56831,20150202,   23,    0
 11102, 56831,20150203,   14,    0
 11102, 56831,20150204,   10,    0
 11102, 56831,20150205,   44,    0
 11102, 56831,20150206,   18,    0
 11102, 56831,20150207,   19,    0
 11102, 56831,20150208,   22,    0
 11102, 56831,20150209,   47,    0
 11102, 56831,20150210,   52,    1
 11102, 56831,20150211,   34,    0
 11102, 56831,20150212,   47,    0
 11102, 56831,20150213,   56,    0
 11102, 56831,20150214,   69,    0
 11102, 56831,20150215,   45,    0
 11102, 56831,20150216,   43,    0
 11102, 56831,20150217,   56,    0
 11102, 56831,20150218,   64,    0
 11102, 56831,20150219,   69,    1
 11102, 56831,20150220,   51,    0
 11102, 56831,20150221,   42,    0
 11102, 56831,20150222,   57,    0
 11102, 56831,20150223,   46,    0
 11102, 56831,20150224,   53,    0
 11102, 56831,20150225,   71,    0
 11102, 56831,20150226,   68,    0
 11102, 56831,20150227,   59,    0
 11102, 56831,20150228,   78,    1
 11102, 56831,20150301,   65,    0
 11102, 56831,20150302,   40,    0
 11102, 56831,20150303,   44,    0
 11102, 56831,20150304,   62,    0
 11102, 56831,20150305,   64,    0
 11102, 56831,20150306,   86,    0
 11102, 56831,20150307,   94,    1
 11102, 56831,20150308,   76,    0
 11102, 56831,20150309,   50,    0
 11102, 56831,20150310,   64,    0
 11102, 56831,20150311,   45,    0
 11102, 56831,20150312,   63,    0
 11102, 56831,20150313,   56,    0
 11102, 56831,20150314,   37,    0
 11102, 56831,20150315,   49,    0
 11102, 56831,20150316,   62,    0
 11102, 56831,20150317,   54,    0
 11102, 56831,20150318,   31,    0
 11102, 56831,20150319,   35,    0
 11102, 56831,20150320,   61,    0
 11102, 56831,20150321,   70,    0
 11102, 56831,20150322,   30,    0
 11102, 56831,20150323,   49,    0
 11102, 56831,20150324,   60,    0
 11102, 56831,20150325,   32,    0
 11102, 56831,20150326,   57,    0
 11102, 56831,20150327,   78,    0
 11102, 56831,20150328,   82,    0
 11102, 56831,20150329,   75,    0
 11102, 56831,20150330,   76,    0
 11102, 56831,20150331,   73,    0
 11102, 56831,20150401,   53,    0
 11102, 56831,20150402,   70,    0
 11102, 56831,20150403,   82,    0
 11102, 56831,20150404,   91,    1
 11102, 56831,20150405,   70,    0
 11102, 56831,20150406,   58,    0
 11102, 56831,20150407,   76,    0
 11102, 56831,20150408,   84,    0
 11102, 56831,20150409,   98,    0
 11102, 56831,20150410,  110,    1
 11102, 56831,20150411,   76,    0
 11102, 56831,20150412,   83,    0
 11102, 56831,20150413,   76,    0
 11102, 56831,20150414,   99,    0
 11102, 56831,20150415,   62,    0
 11102, 56831,20150416,   68,    0
 11102, 56831,20150417,  112,    0
 11102, 56831,20150418,   87,    0
 11102, 56831,20150419,   80,    0
 11102, 56831,20150420,   77,    0
 11102, 56831,20150421,   83,    0
 11102, 56831,20150422,   97,    0
 11102, 56831,20150423,  100,    0
 11102, 56831,20150424,   84,    0
 11102, 56831,20150425,  103,    1
 11102, 56831,20150426,   67,    0
 11102, 56831,20150427,   42,    0
 11102, 56831,20150428,   73,    0
 11102, 56831,20150429,   79,    0
 11102, 56831,20150430,   85,    0
 11102, 56831,20150501,   59,    0
 11102, 56831,20150502,   69,    0
 11102, 56831,20150503,  106,    0
 11102, 56831,20150504,  116,    0
 11102, 56831,20150505,  118,    1
 11102, 56831,20150506,   93,    0
 11102, 56831,20150507,   99,    0
 11102, 56831,20150508,   85,    0
 11102, 56831,20150509,  105,    0
 11102, 56831,20150510,  109,    0
 11102, 56831,20150511,  133,    0
 11102, 56831,20150512,  115,    0
 11102, 56831,20150513,  106,    0
 11102, 56831,20150514,   98,    0
 11102, 56831,20150515,   88,    0
 11102, 56831,20150516,  112,    0
 11102, 56831,20150517,  110,    0
 11102, 56831,20150518,   97,    0
 11102, 56831,20150519,   90,    0
 11102, 56831,20150520,   97,    0
 11102, 56831,20150521,  114,    0
 11102, 56831,20150522,  124,    0
 11102, 56831,20150523,  116,    0
 11102, 56831,20150524,  106,    0
 11102, 56831,20150525,  117,    0
 11102, 56831,20150526,  119,    0
 11102, 56831,20150527,  113,    0
 11102, 56831,20150528,  112,    0
 11102, 56831,20150529,  100,    0
 11102, 56831,20150530,   99,    0
 11102, 56831,20150531,  109,    0
 11102, 56831,20150601,   93,    0
 11102, 56831,20150602,  119,    0
 11102, 56831,20150603,  121,    0
 11102, 56831,20150604,  128,    0
 11102, 56831,20150605,  128,    0
 11102, 56831,20150606,  127,    0
 11102, 56831,20150607,  119,    0
 11102, 56831,20150608,  120,    0
 11102, 56831,20150609,   99,    0
 11102, 56831,20150610,  118,    0
 11102, 56831,20150611,  148,    0
 11102, 56831,20150612,  148,    0
 11102, 56831,20150613,  151,    0
 11102, 56831,20150614,  133,    0
 11102, 56831,20150615,  111,    0
 11102, 56831,20150616,  141,    0
 11102, 56831,20150617,  148,    0
 11102, 56831,20150618,  131,    0
 11102, 56831,20150619,  128,    0
 11102, 56831,20150620,  144,    0
 11102, 56831,20150621,  138,    0
 11102, 56831,20150622,  134,    0
 11102, 56831,20150623,  119,    0
 11102, 56831,20150624,  136,    0
 11102, 56831,20150625,  164,    0
 11102, 56831,20150626,  156,    0
 11102, 56831,20150627,  163,    0
 11102, 56831,20150628,  166,    0
 11102, 56831,20150629,  181,    0
 11102, 56831,20150630,  221,    0
 11102, 56831,20150701,  232,    1
 11102, 56831,20150702,  181,    0
 11102, 56831,20150703,  170,    0
 11102, 56831,20150704,  190,    0
 11102, 56831,20150705,  155,    0
 11102, 56831,20150706,  155,    0
 11102, 56831,20150707,  164,    0
 11102, 56831,20150708,  148,    0
 11102, 56831,20150709,  148,    0
 11102, 56831,20150710,  187,    0
 11102, 56831,20150711,  167,    0
 11102, 56831,20150712,  162,    0
 11102, 56831,20150713,  156,    0
 11102, 56831,20150714,  153,    0
 11102, 56831,20150715,  147,    0
 11102, 56831,20150716,  149,    0
 11102, 56831,20150717,  173,    0
 11102, 56831,20150718,  163,    0
 11102, 56831,20150719,  150,    0
 11102, 56831,20150720,  156,    0
 11102, 56831,20150721,  177,    1
 11102, 56831,20150722,  144,    0
 11102, 56831,20150723,  149,    0
 11102, 56831,20150724,  136,    0
 11102, 56831,20150725,  147,    0
 11102, 56831,20150726,  123,    0
 11102, 56831,20150727,  142,    0
 11102, 56831,20150728,  141,    0
 11102, 56831,20150729,  143,    0
 11102, 56831,20150730,  142,    0
 11102, 56831,20150731,  137,    0
 11102, 56831,20150801,  147,    0
 11102, 56831,20150802,  157,    0
 11102, 56831,20150803,  169,    0
 11102, 56831,20150804,  160,    0
 11102, 56831,20150805,  169,    0
 11102, 56831,20150806,  157,    0
 11102, 56831,20150807,  128,    0
 11102, 56831,20150808,  139,    0
 11102, 56831,20150809,  159,    0
 11102, 56831,20150810,  176,    0
 11102, 56831,20150811,  155,    0
 11102, 56831,20150812,  132,    0
 11102, 56831,20150813,  161,    0
 11102, 56831,20150814,  151,    0
 11102, 56831,20150815,  145,    0
 11102, 56831,20150816,  138,    0
 11102, 56831,20150817,  150,    0
 11102, 56831,20150818,  164,    0
 11102, 56831,20150819,  169,    0
 11102, 56831,20150820,  187,    0
 11102, 56831,20150821,  194,    0
 11102, 56831,20150822,  171,    0
 11102, 56831,20150823,  202,    1
 11102, 56831,20150824,  130,    0
 11102, 56831,20150825,  156,    0
 11102, 56831,20150826,  164,    0
 11102, 56831,20150827,  157,    0
 11102, 56831,20150828,  163,    0
 11102, 56831,20150829,  167,    0
 11102, 56831,20150830,  144,    0
 11102, 56831,20150831,  153,    0
 11102, 56831,20150901,  140,    0
 11102, 56831,20150902,  144,    0
 11102, 56831,20150903,  135,    0
 11102, 56831,20150904,  124,    0
 11102, 56831,20150905,  128,    0
 11102, 56831,20150906,  122,    0
 11102, 56831,20150907,  132,    0
 11102, 56831,20150908,  120,    0
 11102, 56831,20150909,  119,    0
 11102, 56831,20150910,  152,    0
 11102, 56831,20150911,  161,    0
 11102, 56831,20150912,  144,    0
 11102, 56831,20150913,  143,    0
 11102, 56831,20150914,  122,    0
 11102, 56831,20150915,  138,    0
 11102, 56831,20150916,  115,    0
 11102, 56831,20150917,  113,    0
 11102, 56831,20150918,  136,    0
 11102, 56831,20150919,  119,    0
 11102, 56831,20150920,  110,    0
 11102, 56831,20150921,  136,    0
 11102, 56831,20150922,  114,    0
 11102, 56831,20150923,  138,    0
 11102, 56831,20150924,  130,    0
 11102, 56831,20150925,  132,    0
 11102, 56831,20150926,  125,    0
 11102, 56831,20150927,  111,    0
 11102, 56831,20150928,  119,    0
 11102, 56831,20150929,  123,    0
 11102, 56831,20150930,  128,    0
 11102, 56831,20151001,  120,    0
 11102, 56831,20151002,   94,    0
 11102, 56831,20151003,   87,    0
 11102, 56831,20151004,  124,    0
 11102, 56831,20151005,  147,    0
 11102, 56831,20151006,  159,    1
 11102, 56831,20151007,  135,    0
 11102, 56831,20151008,  114,    0
 11102, 56831,20151009,  109,    0
 11102, 56831,20151010,  106,    0
 11102, 56831,20151011,  120,    0
 11102, 56831,20151012,   83,    0
 11102, 56831,20151013,   86,    0
 11102, 56831,20151014,   77,    0
 11102, 56831,20151015,   89,    0
 11102, 56831,20151016,  117,    0
 11102, 56831,20151017,   99,    0
 11102, 56831,20151018,  102,    0
 11102, 56831,20151019,  118,    0
 11102, 56831,20151020,  115,    0
 11102, 56831,20151021,  128,    0
 11102, 56831,20151022,  130,    0
 11102, 56831,20151023,  114,    0
 11102, 56831,20151024,  107,    0
 11102, 56831,20151025,  104,    0
 11102, 56831,20151026,  100,    0
 11102, 56831,20151027,  130,    0
 11102, 56831,20151028,  121,    0
 11102, 56831,20151029,  111,    0
 11102, 56831,20151030,  116,    0
 11102, 56831,20151031,  123,    0
 11102, 56831,20151101,  101,    1
 11102, 56831,20151102,   73,    0
 11102, 56831,20151103,   76,    0
 11102, 56831,20151104,  105,    0
 11102, 56831,20151105,  109,    0
 11102, 56831,20151106,  133,    1
 11102, 56831,20151107,  116,    0
 11102, 56831,20151108,  111,    0
 11102, 56831,20151109,  119,    0
 11102, 56831,20151110,  141,    0
 11102, 56831,20151111,  136,    0
 11102, 56831,20151112,  111,    1
 11102, 56831,20151113,   86,    0
 11102, 56831,20151114,  104,    0
 11102, 56831,20151115,  109,    1
 11102, 56831,20151116,  100,    0
 11102, 56831,20151117,  113,    0
 11102, 56831,20151118,  111,    0
 11102, 56831,20151119,  107,    1
 11102, 56831,20151120,   76,    1
 11102, 56831,20151121,   40,    0
 11102, 56831,20151122,   32,    0
 11102, 56831,20151123,   38,    0
 11102, 56831,20151124,   63,    0
 11102, 56831,20151125,   90,    0
 11102, 56831,20151126,  100,    0
 11102, 56831,20151127,  106,    1
 11102, 56831,20151128,   72,    0
 11102, 56831,20151129,   90,    0
 11102, 56831,20151130,   83,    0
 11102, 56831,20151201,   67,    0
 11102, 56831,20151202,  103,    0
 11102, 56831,20151203,   93,    0
 11102, 56831,20151204,   96,    0
 11102, 56831,20151205,  108,    0
 11102, 56831,20151206,  106,    0
 11102, 56831,20151207,   87,    0
 11102, 56831,20151208,  106,    0
 11102, 56831,20151209,   83,    0
 11102, 56831,20151210,   85,    0
 11102, 56831,20151211,   74,    0
 11102, 56831,20151212,   75,    0
 11102, 56831,20151213,   30,    0
 11102, 56831,20151214,   48,    0
 11102, 56831,20151215,  103,    0
 11102, 56831,20151216,  113,    0
 11102, 56831,20151217,  110,    0
 11102, 56831,20151218,  120,    0
 11102, 56831,20151219,  129,    1
 11102, 56831,20151220,  104,    0
 11102, 56831,20151221,   98,    0
 11102, 56831,20151222,   94,    0
 11102, 56831,20151223,   92,    0
 11102, 56831,20151224,   85,    0
 11102, 56831,20151225,   88,    0
 11102, 56831,20151226,   94,    0
 11102, 56831,20151227,   88,    0
 11102, 56831,20151228,   84,    0
 11102, 56831,20151229,  100,    0
 11102, 56831,20151230,  102,    1
 11102, 56831,20151231,   67,    0
 11102, 56831,20160101,   46,    0
 11102, 56831,20160102,   58,    0
 11102, 56831,20160103,   68,    0
 11102, 56831,20160104,   68,    0
 11102, 56831,20160105,   73,    0
 11102, 56831,20160106,   56,    0
 11102, 56831,20160107,   65,    0
 11102, 56831,20160108,   58,    0
 11102, 56831,20160109,   56,    0
 11102, 56831,20160110,   56,    0
 11102, 56831,20160111,   36,    0
 11102, 56831,20160112,   32,    0
 11102, 56831,20160113,   58,    1
 11102, 56831,20160114,   38,    0
 11102, 56831,20160115,   44,    1
 11102, 56831,20160116,   -8,    0
 11102, 56831,20160117,    4,    0
 11102, 56831,20160118,   28,    0
 11102, 56831,20160119,   42,    0
 11102, 56831,20160120,   28,    0
 11102, 56831,20160121,   28,    0
 11102, 56831,20160122,   60,    0
 11102, 56831,20160123,   84,    0
 11102, 56831,20160124,   98,    0
 11102, 56831,20160125,  110,    0
 11102, 56831,20160126,   94,    0
 11102, 56831,20160127,  100,    0
 11102, 56831,20160128,   80,    0
 11102, 56831,20160129,   92,    1
 11102, 56831,20160130,   54,    0
 11102, 56831,20160131,   66,    0
 11102, 56831,20160201,   77,    1
 11102, 56831,20160202,   62,    0
 11102, 56831,20160203,   60,    0
 11102, 56831,20160204,   74,    0
 11102, 56831,20160205,   90,    0
 11102, 56831,20160206,   65,    0
 11102, 56831,20160207,   61,    0
 11102, 56831,20160208,   64,    0
 11102, 56831,20160209,   59,    0
 11102, 56831,20160210,   60,    0
 11102, 56831,20160211,   33,    0
 11102, 56831,20160212,   42,    0
 11102, 56831,20160213,   39,    0
 11102, 56831,20160214,   31,    0
 11102, 56831,20160215,   32,    0
 11102, 56831,20160216,   11,    0
 11102, 56831,20160217,   33,    0
 11102, 56831,20160218,   26,    0
 11102, 56831,20160219,   47,    0
 11102, 56831,20160220,   60,    0
 11102, 56831,20160221,   86,    1
 11102, 56831,20160222,   64,    0
 11102, 56831,20160223,   40,    0
 11102, 56831,20160224,   16,    0
 11102, 56831,20160225,    6,    0
 11102, 56831,20160226,   38,    0
 11102, 56831,20160227,   40,    0
 11102, 56831,20160228,   40,    0
 11102, 56831,20160229,   29,    0
 11102, 56831,20160301,   58,    0
 11102, 56831,20160302,   45,    0
 11102, 56831,20160303,   48,    0
 11102, 56831,20160304,   33,    0
 11102, 56831,20160305,   42,    0
 11102, 56831,20160306,   27,    0
 11102, 56831,20160307,   22,    0
 11102, 56831,20160308,   24,    0
 11102, 56831,20160309,   62,    0
 11102, 56831,20160310,   40,    0
 11102, 56831,20160311,   50,    0
 11102, 56831,20160312,   66,    0
 11102, 56831,20160313,  100,    0
 11102, 56831,20160314,   66,    0
 11102, 56831,20160315,   80,    0
 11102, 56831,20160316,   76,    0
 11102, 56831,20160317,   48,    0
 11102, 56831,20160318,   52,    0
 11102, 56831,20160319,   64,    0
 11102, 56831,20160320,   70,    0
 11102, 56831,20160321,   62,    0
 11102, 56831,20160322,   82,    0
 11102, 56831,20160323,   74,    0
 11102, 56831,20160324,   62,    0
 11102, 56831,20160325,   90,    0
 11102, 56831,20160326,  100,    1
 11102, 56831,20160327,   72,    0
 11102, 56831,20160328,   63,    0
 11102, 56831,20160329,   68,    0
 11102, 56831,20160330,   61,    0
 11102, 56831,20160331,   60,    0
 11102, 56831,20160401,   46,    0
 11102, 56831,20160402,   82,    0
 11102, 56831,20160403,   97,    0
 11102, 56831,20160404,   90,    0
 11102, 56831,20160405,   88,    0
 11102, 56831,20160406,   78,    0
 11102, 56831,20160407,   79,    0
 11102, 56831,20160408,   65,    0
 11102, 56831,20160409,   66,    0
 11102, 56831,20160410,   60,    0
 11102, 56831,20160411,  110,    1
 11102, 56831,20160412,   84,    0
 11102, 56831,20160413,   64,    0
 11102, 56831,20160414,   87,    1
 11102, 56831,20160415,   66,    0
 11102, 56831,20160416,   56,    0
 11102, 56831,20160417,   42,    0
 11102, 56831,20160418,   92,    0
 11102, 56831,20160419,   82,    0
 11102, 56831,20160420,   86,    0
 11102, 56831,20160421,  106,    0
 11102, 56831,20160422,   88,    0
 11102, 56831,20160423,   60,    0
 11102, 56831,20160424,   70,    0
 11102, 56831,20160425,   86,    0
 11102, 56831,20160426,   70,    0
 11102, 56831,20160427,   42,    0
 11102, 56831,20160428,   40,    0
 11102, 56831,20160429,   46,    0
 11102, 56831,20160430,   70,    0
 11102, 56831,20160501,   83,    0
 11102, 56831,20160502,  100,    0
 11102, 56831,20160503,   97,    0
 11102, 56831,20160504,   94,    0
 11102, 56831,20160505,  114,    0
 11102, 56831,20160506,  124,    0
 11102, 56831,20160507,  158,    0
 11102, 56831,20160508,  180,    0
 11102, 56831,20160509,  199,    1
 11102, 56831,20160510,  162,    0
 11102, 56831,20160511,  167,    0
 11102, 56831,20160512,  176,    1
 11102, 56831,20160513,  123,    1
 11102, 56831,20160514,   72,    0
 11102, 56831,20160515,   99,    0
 11102, 56831,20160516,  107,    0
 11102, 56831,20160517,  100,    0
 11102, 56831,20160518,  120,    0
 11102, 56831,20160519,  123,    0
 11102, 56831,20160520,  132,    0
 11102, 56831,20160521,  137,    0
 11102, 56831,20160522,  124,    0
 11102, 56831,20160523,  123,    0
 11102, 56831,20160524,  124,    1
 11102, 56831,20160525,   94,    0
 11102, 56831,20160526,  116,    0
 11102, 56831,20160527,  138,    0
 11102, 56831,20160528,  133,    0
 11102, 56831,20160529,  127,    0
 11102, 56831,20160530,  137,    0
 11102, 56831,20160531,  154,    0
 11102, 56831,20160601,  153,    0
 11102, 56831,20160602,  115,    0
 11102, 56831,20160603,  118,    0
 11102, 56831,20160604,  168,    0
 11102, 56831,20160605,  177,    0
 11102, 56831,20160606,  184,    0
 11102, 56831,20160607,  173,    0
 11102, 56831,20160608,  162,    0
 11102, 56831,20160609,  178,    0
 11102, 56831,20160610,  178,    0
 11102, 56831,20160611,  173,    0
 11102, 56831,20160612,  169,    1
 11102, 56831,20160613,  147,    0
 11102, 56831,20160614,  156,    0
 11102, 56831,20160615,  148,    0
 11102, 56831,20160616,  157,    0
 11102, 56831,20160617,  144,    0
 11102, 56831,20160618,  142,    0
 11102, 56831,20160619,  151,    0
 11102, 56831,20160620,  159,    0
 11102, 56831,20160621,  161,    0
 11102, 56831,20160622,  171,    0
 11102, 56831,20160623,  141,    0
 11102, 56831,20160624,  153,    0
 11102, 56831,20160625,  148,    0
 11102, 56831,20160626,  151,    0
 11102, 56831,20160627,  150,    0
 11102, 56831,20160628,  136,    0
 11102, 56831,20160629,  139,    0
 11102, 56831,20160630,  144,    0
 11102, 56831,20160701,  148,    0
 11102, 56831,20160702,  138,    0
 11102, 56831,20160703,  152,    0
 11102, 56831,20160704,  154,    0
 11102, 56831,20160705,  150,    0
 11102, 56831,20160706,  142,    0
 11102, 56831,20160707,  163,    0
 11102, 56831,20160708,  168,    0
 11102, 56831,20160709,  176,    0
 11102, 56831,20160710,  178,    1
 11102, 56831,20160711,  156,    0
 11102, 56831,20160712,  154,    0
 11102, 56831,20160713,  148,    0
 11102, 56831,20160714,  152,    0
 11102, 56831,20160715,  162,    0
 11102, 56831,20160716,  164,    0
 11102, 56831,20160717,  163,    0
 11102, 56831,20160718,  195,    0
 11102, 56831,20160719,  237,    1
 11102, 56831,20160720,  200,    0
 11102, 56831,20160721,  176,    0
 11102, 56831,20160722,  178,    0
 11102, 56831,20160723,  172,    0
 11102, 56831,20160724,  180,    0
 11102, 56831,20160725,  168,    0
 11102, 56831,20160726,  164,    0
 11102, 56831,20160727,  166,    0
 11102, 56831,20160728,  164,    0
 11102, 56831,20160729,  168,    0
 11102, 56831,20160730,  160,    0
 11102, 56831,20160731,  158,    0
 11102, 56831,20160801,  148,    0
 11102, 56831,20160802,  170,    0
 11102, 56831,20160803,  178,    0
 11102, 56831,20160804,  168,    0
 11102, 56831,20160805,  163,    0
 11102, 56831,20160806,  160,    0
 11102, 56831,20160807,  180,    1
 11102, 56831,20160808,  152,    0
 11102, 56831,20160809,  152,    0
 11102, 56831,20160810,  148,    0
 11102, 56831,20160811,  159,    0
 11102, 56831,20160812,  170,    0
 11102, 56831,20160813,  162,    0
 11102, 56831,20160814,  166,    0
 11102, 56831,20160815,  152,    0
 11102, 56831,20160816,  176,    0
 11102, 56831,20160817,  172,    0
 11102, 56831,20160818,  191,    1
 11102, 56831,20160819,  166,    0
 11102, 56831,20160820,  158,    0
 11102, 56831,20160821,  168,    0
 11102, 56831,20160822,  174,    0
 11102, 56831,20160823,  186,    0
 11102, 56831,20160824,  176,    0
 11102, 56831,20160825,  168,    0
 11102, 56831,20160826,  172,    0
 11102, 56831,20160827,  159,    0
 11102, 56831,20160828,  166,    0
 11102, 56831,20160829,  162,    0
 11102, 56831,20160830,  171,    0
 11102, 56831,20160831,  168,    0
 11102, 56831,20160901,  159,    0
 11102, 56831,20160902,  166,    0
 11102, 56831,20160903,  152,    0
 11102, 56831,20160904,  156,    0
 11102, 56831,20160905,  180,    0
 11102, 56831,20160906,  182,    0
 11102, 56831,20160907,  213,    1
 11102, 56831,20160908,  168,    0
 11102, 56831,20160909,  172,    0
 11102, 56831,20160910,  156,    0
 11102, 56831,20160911,  166,    0
 11102, 56831,20160912,  182,    0
 11102, 56831,20160913,  190,    0
 11102, 56831,20160914,  205,    1
 11102, 56831,20160915,  176,    1
 11102, 56831,20160916,  158,    0
 11102, 56831,20160917,  142,    0
 11102, 56831,20160918,  126,    0
 11102, 56831,20160919,  148,    0
 11102, 56831,20160920,  131,    0
 11102, 56831,20160921,  140,    0
 11102, 56831,20160922,  142,    0
 11102, 56831,20160923,  154,    0
 11102, 56831,20160924,  152,    0
 11102, 56831,20160925,  148,    0
 11102, 56831,20160926,  123,    0
 11102, 56831,20160927,  146,    0
 11102, 56831,20160928,  168,    1
 11102, 56831,20160929,  150,    0
 11102, 56831,20160930,  132,    0
 11102, 56831,20161001,  119,    0
 11102, 56831,20161002,  103,    0
 11102, 56831,20161003,  104,    0
 11102, 56831,20161004,  124,    0
 11102, 56831,20161005,  147,    0
 11102, 56831,20161006,  116,    0
 11102, 56831,20161007,  118,    0
 11102, 56831,20161008,  131,    0
 11102, 56831,20161009,  108,    0
 11102, 56831,20161010,  102,    0
 11102, 56831,20161011,   94,    0
 11102, 56831,20161012,  117,    0
 11102, 56831,20161013,  102,    0
 11102, 56831,20161014,  108,    0
 11102, 56831,20161015,  105,    0
 11102, 56831,20161016,  116,    0
 11102, 56831,20161017,  123,    0
 11102, 56831,20161018,  102,    0
 11102, 56831,20161019,  113,    0
 11102, 56831,20161020,  112,    0
 11102, 56831,20161021,   90,    0
 11102, 56831,20161022,   84,    0
 11102, 56831,20161023,   88,    0
 11102, 56831,20161024,   77,    0
 11102, 56831,20161025,   86,    0
 11102, 56831,20161026,  112,    0
 11102, 56831,20161027,  130,    0
 11102, 56831,20161028,  124,    0
 11102, 56831,20161029,  126,    0
 11102, 56831,20161030,  120,    0
 11102, 56831,20161031,  107,    0
 11102, 56831,20161101,   96,    0
 11102, 56831,20161102,   77,    0
 11102, 56831,20161103,   66,    0
 11102, 56831,20161104,   86,    1
 11102, 56831,20161105,   64,    0
 11102, 56831,20161106,   64,    0
 11102, 56831,20161107,   52,    1
 11102, 56831,20161108,   -2,    0
 11102, 56831,20161109,   49,    0
 11102, 56831,20161110,   56,    0
 11102, 56831,20161111,   36,    0
 11102, 56831,20161112,   62,    0
 11102, 56831,20161113,   88,    0
 11102, 56831,20161114,   96,    0
 11102, 56831,20161115,  113,    0
 11102, 56831,20161116,   83,    0
 11102, 56831,20161117,   75,    1
 11102, 56831,20161118,   52,    0
 11102, 56831,20161119,   55,    0
 11102, 56831,20161120,   38,    0
 11102, 56831,20161121,   22,    0
 11102, 56831,20161122,   56,    0
 11102, 56831,20161123,   66,    0
 11102, 56831,20161124,   40,    0
 11102, 56831,20161125,   36,    0
 11102, 56831,20161126,   19,    0
 11102, 56831,20161127,   28,    0
 11102, 56831,20161128,   61,    0
 11102, 56831,20161129,   18,    0
 11102, 56831,20161130,   33,    0
 11102, 56831,20161201,   84,    0
 11102, 56831,20161202,   76,    1
 11102, 56831,20161203,   40,    0
 11102, 56831,20161204,   31,    0
 11102, 56831,20161205,   22,    0
 11102, 56831,20161206,   49,    0
 11102, 56831,20161207,   96,    0
 11102, 56831,20161208,  108,    0
 11102, 56831,20161209,   84,    0
 11102, 56831,20161210,   92,    0
 11102, 56831,20161211,   85,    1
 11102, 56831,20161212,   46,    0
 11102, 56831,20161213,   78,    0
 11102, 56831,20161214,   90,    0
 11102, 56831,20161215,   88,    0
 11102, 56831,20161216,   88,    1
 11102, 56831,20161217,   34,    0
 11102, 56831,20161218,   42,    0
 11102, 56831,20161219,   63,    0
 11102, 56831,20161220,   68,    0
 11102, 56831,20161221,   64,    0
 11102, 56831,20161222,   64,    0
 11102, 56831,20161223,   78,    0
 11102, 56831,20161224,   87,    0
 11102, 56831,20161225,   99,    1
 11102, 56831,20161226,   70,    0
 11102, 56831,20161227,   50,    1
 11102, 56831,20161228,   10,    0
 11102, 56831,20161229,   17,    0
 11102, 56831,20161230,   39,    0
 11102, 56831,20161231,   74,    1
 11102, 56831,20170101,   48,    0
 11102, 56831,20170102,   39,    0
 11102, 56831,20170103,   51,    0
 11102, 56831,20170104,   68,    1
 11102, 56831,20170105,  -11,    0
 11102, 56831,20170106,   19,    0
 11102, 56831,20170107,   59,    0
 11102, 56831,20170108,   76,    0
 11102, 56831,20170109,   76,    0
 11102, 56831,20170110,   78,    0
 11102, 56831,20170111,   76,    1
 11102, 56831,20170112,   45,    0
 11102, 56831,20170113,   36,    0
 11102, 56831,20170114,   52,    0
 11102, 56831,20170115,   65,    0
 11102, 56831,20170116,   84,    1
 11102, 56831,20170117,   75,    0
 11102, 56831,20170118,   72,    0
 11102, 56831,20170119,   70,    0
 11102, 56831,20170120,   65,    1
 11102, 56831,20170121,   18,    0
 11102, 56831,20170122,   14,    0
 11102, 56831,20170123,   12,    0
 11102, 56831,20170124,   30,    0
 11102, 56831,20170125,   47,    1
 11102, 56831,20170126,    3,    0
 11102, 56831,20170127,    6,    0
 11102, 56831,20170128,   31,    0
 11102, 56831,20170129,   34,    0
 11102, 56831,20170130,   48,    0
 11102, 56831,20170131,   75,    0
 11102, 56831,20170201,   90,    0
 11102, 56831,20170202,   99,    1
 11102, 56831,20170203,   72,    0
 11102, 56831,20170204,   58,    0
 11102, 56831,20170205,   45,    0
 11102, 56831,20170206,   22,    0
 11102, 56831,20170207,   45,    0
 11102, 56831,20170208,   44,    1
 11102, 56831,20170209,    6,    0
 11102, 56831,20170210,   31,    0
 11102, 56831,20170211,   34,    0
 11102, 56831,20170212,   40,    0
 11102, 56831,20170213,   61,    0
 11102, 56831,20170214,   45,    0
 11102, 56831,20170215,   68,    0
 11102, 56831,20170216,   77,    0
 11102, 56831,20170217,   88,    0
 11102, 56831,20170218,   91,    0
 11102, 56831,20170219,   81,    0
 11102, 56831,20170220,   86,    0
 11102, 56831,20170221,   65,    0
 11102, 56831,20170222,   84,    1
 11102, 56831,20170223,   63,    0
 11102, 56831,20170224,   60,    0
 11102, 56831,20170225,   75,    0
 11102, 56831,20170226,   84,    1
 11102, 56831,20170227,   52,    0
 11102, 56831,20170228,   29,    0
 11102, 56831,20170301,   42,    0
 11102, 56831,20170302,   59,    0
 11102, 56831,20170303,   64,    0
 11102, 56831,20170304,   80,    1
 11102, 56831,20170305,   57,    0
 11102, 56831,20170306,   67,    0
 11102, 56831,20170307,   58,    0
 11102, 56831,20170308,   85,    0
 11102, 56831,20170309,   82,    0
 11102, 56831,20170310,   81,    0
 11102, 56831,20170311,   99,    0
 11102, 56831,20170312,   83,    0
 11102, 56831,20170313,   77,    0
 11102, 56831,20170314,   96,    0
 11102, 56831,20170315,   88,    0
 11102, 56831,20170316,   78,    0
 11102, 56831,20170317,   81,    0
 11102, 56831,20170318,   88,    0
 11102, 56831,20170319,  104,    1
 11102, 56831,20170320,   89,    1
 11102, 56831,20170321,   65,    0
 11102, 56831,20170322,   51,    0
 11102, 56831,20170323,   75,    0
 11102, 56831,20170324,   77,    0
 11102, 56831,20170325,   60,    0
 11102, 56831,20170326,   95,    0
 11102, 56831,20170327,   81,    0
 11102, 56831,20170328,   78,    0
 11102, 56831,20170329,  102,    0
 11102, 56831,20170330,  130,    0
 11102, 56831,20170331,  128,    1
 11102, 56831,20170401,   99,    0
 11102, 56831,20170402,   94,    0
 11102, 56831,20170403,   84,    0
 11102, 56831,20170404,   99,    0
 11102, 56831,20170405,   96,    0
 11102, 56831,20170406,   81,    0
 11102, 56831,20170407,   95,    0
 11102, 56831,20170408,   82,    0
 11102, 56831,20170409,   99,    0
 11102, 56831,20170410,   95,    0
 11102, 56831,20170411,   93,    0
 11102, 56831,20170412,  100,    0
 11102, 56831,20170413,   93,    0
 11102, 56831,20170414,   98,    0
 11102, 56831,20170415,   91,    0
 11102, 56831,20170416,   97,    0
 11102, 56831,20170417,   83,    0
 11102, 56831,20170418,   53,    0
 11102, 56831,20170419,   80,    0
 11102, 56831,20170420,  103,    0
 11102, 56831,20170421,  116,    1
 11102, 56831,20170422,   89,    0
 11102, 56831,20170423,   87,    0
 11102, 56831,20170424,   98,    0
 11102, 56831,20170425,   56,    0
 11102, 56831,20170426,   60,    0
 11102, 56831,20170427,   87,    0
 11102, 56831,20170428,   83,    0
 11102, 56831,20170429,  108,    0
 11102, 56831,20170430,  122,    0
 11102, 56831,20170501,  134,    0
 11102, 56831,20170502,  113,    0
 11102, 56831,20170503,  109,    0
 11102, 56831,20170504,  123,    0
 11102, 56831,20170505,  109,    0
 11102, 56831,20170506,  104,    0
 11102, 56831,20170507,   96,    0
 11102, 56831,20170508,   98,    0
 11102, 56831,20170509,   70,    0
 11102, 56831,20170510,   81,    0
 11102, 56831,20170511,  132,    0
 11102, 56831,20170512,  127,    0
 11102, 56831,20170513,  139,    0
 11102, 56831,20170514,  132,    0
 11102, 56831,20170515,  122,    0
 11102, 56831,20170516,  147,    1
 11102, 56831,20170517,  114,    0
 11102, 56831,20170518,  115,    0
 11102, 56831,20170519,  106,    0
 11102, 56831,20170520,   92,    0
 11102, 56831,20170521,  132,    0
 11102, 56831,20170522,  165,    0
 11102, 56831,20170523,  146,    0
 11102, 56831,20170524,  165,    0
 11102, 56831,20170525,  192,    0
 11102, 56831,20170526,  222,    0
 11102, 56831,20170527,  199,    1
 11102, 56831,20170528,  143,    0
 11102, 56831,20170529,  147,    0
 11102, 56831,20170530,  147,    0
 11102, 56831,20170531,  138,    0
 11102, 56831,20170601,  174,    1
 11102, 56831,20170602,  146,    0
 11102, 56831,20170603,  125,    0
 11102, 56831,20170604,  142,    0
 11102, 56831,20170605,  126,    0
 11102, 56831,20170606,  124,    0
 11102, 56831,20170607,  138,    0
 11102, 56831,20170608,  148,    0
 11102, 56831,20170609,  148,    0
 11102, 56831,20170610,  155,    0
 11102, 56831,20170611,  156,    0
 11102, 56831,20170612,  148,    0
 11102, 56831,20170613,  159,    0
 11102, 56831,20170614,  169,    0
 11102, 56831,20170615,  161,    0
 11102, 56831,20170616,  159,    0
 11102, 56831,20170617,  179,    0
 11102, 56831,20170618,  162,    0
 11102, 56831,20170619,  176,    0
 11102, 56831,20170620,  201,    0
 11102, 56831,20170621,  217,    1
 11102, 56831,20170622,  165,    0
 11102, 56831,20170623,  158,    0
 11102, 56831,20170624,  162,    0
 11102, 56831,20170625,  144,    0
 11102, 56831,20170626,  151,    0
 11102, 56831,20170627,  152,    1
 11102, 56831,20170628,  126,    0
 11102, 56831,20170629,  126,    0
 11102, 56831,20170630,  156,    0
 11102, 56831,20170701,  152,    0
 11102, 56831,20170702,  151,    0
 11102, 56831,20170703,  158,    0
 11102, 56831,20170704,  144,    0
 11102, 56831,20170705,  171,    0
 11102, 56831,20170706,  189,    1
 11102, 56831,20170707,  168,    0
 11102, 56831,20170708,  151,    0
 11102, 56831,20170709,  151,    0
 11102, 56831,20170710,  158,    0
 11102, 56831,20170711,  147,    0
 11102, 56831,20170712,  143,    0
 11102, 56831,20170713,  152,    0
 11102, 56831,20170714,  155,    0
 11102, 56831,20170715,  172,    0
 11102, 56831,20170716,  165,    0
 11102, 56831,20170717,  179,    0
 11102, 56831,20170718,  184,    0
 11102, 56831,20170719,  205,    1
 11102, 56831,20170720,  151,    0
 11102, 56831,20170721,  164,    0
 11102, 56831,20170722,  154,    0
 11102, 56831,20170723,  158,    0
 11102, 56831,20170724,  175,    0
 11102, 56831,20170725,  164,    0
 11102, 56831,20170726,  161,    0
 11102, 56831,20170727,  152,    0
 11102, 56831,20170728,  161,    0
 11102, 56831,20170729,  169,    0
 11102, 56831,20170730,  168,    0
 11102, 56831,20170731,  158,    0
 11102, 56831,20170801,  157,    0
 11102, 56831,20170802,  176,    0
 11102, 56831,20170803,  170,    0
 11102, 56831,20170804,  164,    0
 11102, 56831,20170805,  157,    0
 11102, 56831,20170806,  161,    0
 11102, 56831,20170807,  154,    0
 11102, 56831,20170808,  132,    0
 11102, 56831,20170809,  162,    0
 11102, 56831,20170810,  130,    0
 11102, 56831,20170811,  150,    0
 11102, 56831,20170812,  166,    0
 11102, 56831,20170813,  142,    0
 11102, 56831,20170814,  159,    0
 11102, 56831,20170815,  162,    0
 11102, 56831,20170816,  153,    0
 11102, 56831,20170817,  177,    0
 11102, 56831,20170818,  155,    0
 11102, 56831,20170819,  152,    0
 11102, 56831,20170820,  156,    0
 11102, 56831,20170821,  148,    0
 11102, 56831,20170822,  194,    1
 11102, 56831,20170823,  174,    0
 11102, 56831,20170824,  166,    0
 11102, 56831,20170825,  173,    0
 11102, 56831,20170826,  167,    0
 11102, 56831,20170827,  159,    0
 11102, 56831,20170828,  168,    0
 11102, 56831,20170829,  153,    0
 11102, 56831,20170830,  152,    0
 11102, 56831,20170831,  132,    0
 11102, 56831,20170901,  127,    0
 11102, 56831,20170902,  132,    0
 11102, 56831,20170903,  135,    0
 11102, 56831,20170904,  174,    1
 11102, 56831,20170905,  153,    0
 11102, 56831,20170906,  142,    0
 11102, 56831,20170907,  152,    0
 11102, 56831,20170908,  147,    0
 11102, 56831,20170909,  146,    0
 11102, 56831,20170910,  146,    0
 11102, 56831,20170911,  136,    0
 11102, 56831,20170912,  141,    0
 11102, 56831,20170913,  126,    0
 11102, 56831,20170914,  129,    0
 11102, 56831,20170915,  136,    0
 11102, 56831,20170916,  113,    0
 11102, 56831,20170917,  124,    0
 11102, 56831,20170918,  124,    0
 11102, 56831,20170919,   98,    0
 11102, 56831,20170920,  148,    0
 11102, 56831,20170921,  147,    1
 11102, 56831,20170922,   99,    0
 11102, 56831,20170923,  146,    0
 11102, 56831,20170924,  153,    0
 11102, 56831,20170925,  148,    0
 11102, 56831,20170926,  142,    0
 11102, 56831,20170927,  144,    0
 11102, 56831,20170928,  146,    0
 11102, 56831,20170929,  149,    1
 11102, 56831,20170930,  116,    0
 11102, 56831,20171001,  142,    0
 11102, 56831,20171002,  138,    0
 11102, 56831,20171003,  128,    0
 11102, 56831,20171004,  134,    0
 11102, 56831,20171005,  123,    0
 11102, 56831,20171006,  119,    0
 11102, 56831,20171007,  123,    0
 11102, 56831,20171008,  136,    0
 11102, 56831,20171009,  137,    0
 11102, 56831,20171010,  139,    0
 11102, 56831,20171011,  143,    0
 11102, 56831,20171012,  142,    0
 11102, 56831,20171013,  152,    0
 11102, 56831,20171014,  162,    0
 11102, 56831,20171015,  139,    0
 11102, 56831,20171016,  168,    1
 11102, 56831,20171017,  132,    0
 11102, 56831,20171018,   95,    0
 11102, 56831,20171019,  121,    0
 11102, 56831,20171020,  122,    0
 11102, 56831,20171021,  117,    0
 11102, 56831,20171022,  116,    0
 11102, 56831,20171023,  126,    0
 11102, 56831,20171024,  134,    0
 11102, 56831,20171025,  132,    0
 11102, 56831,20171026,  128,    0
 11102, 56831,20171027,   83,    0
 11102, 56831,20171028,  112,    0
 11102, 56831,20171029,  111,    0
 11102, 56831,20171030,   62,    0
 11102, 56831,20171031,   78,    0
 11102, 56831,20171101,  103,    0
 11102, 56831,20171102,  120,    1
 11102, 56831,20171103,   99,    0
 11102, 56831,20171104,  103,    1
 11102, 56831,20171105,   82,    0
 11102, 56831,20171106,   61,    0
 11102, 56831,20171107,   79,    0
 11102, 56831,20171108,   55,    0
 11102, 56831,20171109,   69,    0
 11102, 56831,20171110,   88,    0
 11102, 56831,20171111,   78,    0
 11102, 56831,20171112,   66,    0
 11102, 56831,20171113,   52,    0
 11102, 56831,20171114,   72,    0
 11102, 56831,20171115,   96,    0
 11102, 56831,20171116,   96,    0
 11102, 56831,20171117,   86,    0
 11102, 56831,20171118,   91,    0
 11102, 56831,20171119,   62,    0
 11102, 56831,20171120,   72,    0
 11102, 56831,20171121,  120,    0
 11102, 56831,20171122,  121,    1
 11102, 56831,20171123,   77,    0
 11102, 56831,20171124,   62,    0
 11102, 56831,20171125,   50,    0
 11102, 56831,20171126,   68,    0
 11102, 56831,20171127,   74,    1
 11102, 56831,20171128,   52,    0
 11102, 56831,20171129,   52,    1
 11102, 56831,20171130,   33,    0
 11102, 56831,20171201,   46,    0
 11102, 56831,20171202,   63,    0
 11102, 56831,20171203,   87,    0
 11102, 56831,20171204,   81,    0
 11102, 56831,20171205,   88,    0
 11102, 56831,20171206,   98,    1
 11102, 56831,20171207,   82,    1
 11102, 56831,20171208,   35,    0
 11102, 56831,20171209,   40,    1
 11102, 56831,20171210,    8,    0
 11102, 56831,20171211,  -16,    0
 11102, 56831,20171212,   10,    0
 11102, 56831,20171213,   19,    0
 11102, 56831,20171214,   52,    0
 11102, 56831,20171215,   44,    0
 11102, 56831,20171216,   40,    0
 11102, 56831,20171217,   30,    0
 11102, 56831,20171218,   35,    0
 11102, 56831,20171219,   47,    0
 11102, 56831,20171220,   72,    0
 11102, 56831,20171221,   82,    0
 11102, 56831,20171222,   78,    0
 11102, 56831,20171223,   81,    0
 11102, 56831,20171224,   89,    0
 11102, 56831,20171225,  102,    1
 11102, 56831,20171226,   52,    0
 11102, 56831,20171227,   36,    0
 11102, 56831,20171228,   40,    0
 11102, 56831,20171229,   35,    0
 11102, 56831,20171230,   62,    0
 11102, 56831,20171231,   75,    0
 11102, 56831,20180101,-9999,    9
 11102, 56831,20180102,-9999,    9
 11102, 56831,20180103,-9999,    9
 11102, 56831,20180104,-9999,    9
 11102, 56831,20180105,-9999,    9
 11102, 56831,20180106,-9999,    9
 11102, 56831,20180107,-9999,    9
 11102, 56831,20180108,-9999,    9
 11102, 56831,20180109,-9999,    9
 11102, 56831,20180110,-9999,    9
 11102, 56831,20180111,-9999,    9
 11102, 56831,20180112,-9999,    9
 11102, 56831,20180113,-9999,    9
 11102, 56831,20180114,-9999,    9
 11102, 56831,20180115,-9999,    9
 11102, 56831,20180116,-9999,    9
 11102, 56831,20180117,-9999,    9
 11102, 56831,20180118,-9999,    9
 11102, 56831,20180119,-9999,    9
 11102, 56831,20180120,-9999,    9
 11102, 56831,20180121,-9999,    9
 11102, 56831,20180122,-9999,    9
 11102, 56831,20180123,-9999,    9
 11102, 56831,20180124,-9999,    9
 11102, 56831,20180125,-9999,    9
 11102, 56831,20180126,-9999,    9
 11102, 56831,20180127,-9999,    9
 11102, 56831,20180128,-9999,    9
 11102, 56831,20180129,-9999,    9
 11102, 56831,20180130,-9999,    9
 11102, 56831,20180131,-9999,    9
 11102, 56831,20180201,-9999,    9
 11102, 56831,20180202,-9999,    9
 11102, 56831,20180203,-9999,    9
 11102, 56831,20180204,-9999,    9
 11102, 56831,20180205,-9999,    9
 11102, 56831,20180206,-9999,    9
 11102, 56831,20180207,-9999,    9
 11102, 56831,20180208,-9999,    9
 11102, 56831,20180209,-9999,    9
 11102, 56831,20180210,-9999,    9
 11102, 56831,20180211,-9999,    9
 11102, 56831,20180212,-9999,    9
 11102, 56831,20180213,-9999,    9
 11102, 56831,20180214,-9999,    9
 11102, 56831,20180215,-9999,    9
 11102, 56831,20180216,-9999,    9
 11102, 56831,20180217,-9999,    9
 11102, 56831,20180218,-9999,    9
 11102, 56831,20180219,-9999,    9
 11102, 56831,20180220,-9999,    9
 11102, 56831,20180221,-9999,    9
 11102, 56831,20180222,-9999,    9
 11102, 56831,20180223,-9999,    9
 11102, 56831,20180224,-9999,    9
 11102, 56831,20180225,-9999,    9
 11102, 56831,20180226,-9999,    9
 11102, 56831,20180227,-9999,    9
 11102, 56831,20180228,-9999,    9
 11102, 56831,20180301,-9999,    9
 11102, 56831,20180302,-9999,    9
 11102, 56831,20180303,-9999,    9
 11102, 56831,20180304,-9999,    9
 11102, 56831,20180305,-9999,    9
 11102, 56831,20180306,-9999,    9
 11102, 56831,20180307,-9999,    9
 11102, 56831,20180308,-9999,    9
 11102, 56831,20180309,-9999,    9
 11102, 56831,20180310,-9999,    9
 11102, 56831,20180311,-9999,    9
 11102, 56831,20180312,-9999,    9
 11102, 56831,20180313,-9999,    9
 11102, 56831,20180314,-9999,    9
 11102, 56831,20180315,-9999,    9
 11102, 56831,20180316,-9999,    9
 11102, 56831,20180317,-9999,    9
 11102, 56831,20180318,-9999,    9
 11102, 56831,20180319,-9999,    9
 11102, 56831,20180320,-9999,    9
 11102, 56831,20180321,-9999,    9
 11102, 56831,20180322,-9999,    9
 11102, 56831,20180323,-9999,    9
 11102, 56831,20180324,-9999,    9
 11102, 56831,20180325,-9999,    9
 11102, 56831,20180326,-9999,    9
 11102, 56831,20180327,-9999,    9
 11102, 56831,20180328,-9999,    9
 11102, 56831,20180329,-9999,    9
 11102, 56831,20180330,-9999,    9
 11102, 56831,20180331,-9999,    9
 11102, 56831,20180401,-9999,    9
 11102, 56831,20180402,-9999,    9
 11102, 56831,20180403,-9999,    9
 11102, 56831,20180404,-9999,    9
 11102, 56831,20180405,-9999,    9
 11102, 56831,20180406,-9999,    9
 11102, 56831,20180407,-9999,    9
 11102, 56831,20180408,-9999,    9
 11102, 56831,20180409,-9999,    9
 11102, 56831,20180410,-9999,    9
 11102, 56831,20180411,-9999,    9
 11102, 56831,20180412,-9999,    9
 11102, 56831,20180413,-9999,    9
 11102, 56831,20180414,-9999,    9
 11102, 56831,20180415,-9999,    9
 11102, 56831,20180416,-9999,    9
 11102, 56831,20180417,-9999,    9
 11102, 56831,20180418,-9999,    9
 11102, 56831,20180419,-9999,    9
 11102, 56831,20180420,-9999,    9
 11102, 56831,20180421,-9999,    9
 11102, 56831,20180422,-9999,    9
 11102, 56831,20180423,-9999,    9
 11102, 56831,20180424,-9999,    9
 11102, 56831,20180425,-9999,    9
 11102, 56831,20180426,-9999,    9
 11102, 56831,20180427,-9999,    9
 11102, 56831,20180428,-9999,    9
 11102, 56831,20180429,-9999,    9
 11102, 56831,20180430,-9999,    9
 11102, 56831,20180501,-9999,    9
 11102, 56831,20180502,-9999,    9
 11102, 56831,20180503,-9999,    9
 11102, 56831,20180504,-9999,    9
 11102, 56831,20180505,-9999,    9
 11102, 56831,20180506,-9999,    9
 11102, 56831,20180507,-9999,    9
 11102, 56831,20180508,-9999,    9
 11102, 56831,20180509,-9999,    9
 11102, 56831,20180510,-9999,    9
 11102, 56831,20180511,-9999,    9
 11102, 56831,20180512,-9999,    9
 11102, 56831,20180513,-9999,    9
 11102, 56831,20180514,-9999,    9
 11102, 56831,20180515,-9999,    9
 11102, 56831,20180516,-9999,    9
 11102, 56831,20180517,-9999,    9
 11102, 56831,20180518,-9999,    9
 11102, 56831,20180519,-9999,    9
 11102, 56831,20180520,-9999,    9
 11102, 56831,20180521,-9999,    9
 11102, 56831,20180522,-9999,    9
 11102, 56831,20180523,-9999,    9
 11102, 56831,20180524,-9999,    9
 11102, 56831,20180525,-9999,    9
 11102, 56831,20180526,-9999,    9
 11102, 56831,20180527,-9999,    9
 11102, 56831,20180528,-9999,    9
 11102, 56831,20180529,-9999,    9
 11102, 56831,20180530,-9999,    9
 11102, 56831,20180531,-9999,    9
 11102, 56831,20180601,-9999,    9
 11102, 56831,20180602,-9999,    9
 11102, 56831,20180603,-9999,    9
 11102, 56831,20180604,-9999,    9
 11102, 56831,20180605,-9999,    9
 11102, 56831,20180606,-9999,    9
 11102, 56831,20180607,-9999,    9
 11102, 56831,20180608,-9999,    9
 11102, 56831,20180609,-9999,    9
 11102, 56831,20180610,-9999,    9
 11102, 56831,20180611,-9999,    9
 11102, 56831,20180612,-9999,    9
 11102, 56831,20180613,-9999,    9
 11102, 56831,20180614,-9999,    9
 11102, 56831,20180615,-9999,    9
 11102, 56831,20180616,-9999,    9
 11102, 56831,20180617,-9999,    9
 11102, 56831,20180618,-9999,    9
 11102, 56831,20180619,-9999,    9
 11102, 56831,20180620,-9999,    9
 11102, 56831,20180621,-9999,    9
 11102, 56831,20180622,-9999,    9
 11102, 56831,20180623,-9999,    9
 11102, 56831,20180624,-9999,    9
 11102, 56831,20180625,-9999,    9
 11102, 56831,20180626,-9999,    9
 11102, 56831,20180627,-9999,    9
 11102, 56831,20180628,-9999,    9
 11102, 56831,20180629,-9999,    9
 11102, 56831,20180630,-9999,    9
 11102, 56831,20180701,-9999,    9
 11102, 56831,20180702,-9999,    9
 11102, 56831,20180703,-9999,    9
 11102, 56831,20180704,-9999,    9
 11102, 56831,20180705,-9999,    9
 11102, 56831,20180706,-9999,    9
 11102, 56831,20180707,-9999,    9
 11102, 56831,20180708,-9999,    9
 11102, 56831,20180709,-9999,    9
 11102, 56831,20180710,-9999,    9
 11102, 56831,20180711,-9999,    9
 11102, 56831,20180712,-9999,    9
 11102, 56831,20180713,-9999,    9
 11102, 56831,20180714,-9999,    9
 11102, 56831,20180715,-9999,    9
 11102, 56831,20180716,-9999,    9
 11102, 56831,20180717,-9999,    9
 11102, 56831,20180718,-9999,    9
 11102, 56831,20180719,-9999,    9
 11102, 56831,20180720,-9999,    9
 11102, 56831,20180721,-9999,    9
 11102, 56831,20180722,-9999,    9
 11102, 56831,20180723,-9999,    9
 11102, 56831,20180724,-9999,    9
 11102, 56831,20180725,-9999,    9
 11102, 56831,20180726,-9999,    9
 11102, 56831,20180727,-9999,    9
 11102, 56831,20180728,-9999,    9
 11102, 56831,20180729,-9999,    9
 11102, 56831,20180730,-9999,    9
 11102, 56831,20180731,-9999,    9
 11102, 56831,20180801,-9999,    9
 11102, 56831,20180802,-9999,    9
 11102, 56831,20180803,-9999,    9
 11102, 56831,20180804,-9999,    9
 11102, 56831,20180805,-9999,    9
 11102, 56831,20180806,-9999,    9
 11102, 56831,20180807,-9999,    9
 11102, 56831,20180808,-9999,    9
 11102, 56831,20180809,-9999,    9
 11102, 56831,20180810,-9999,    9
 11102, 56831,20180811,-9999,    9
 11102, 56831,20180812,-9999,    9
 11102, 56831,20180813,-9999,    9
 11102, 56831,20180814,-9999,    9
 11102, 56831,20180815,-9999,    9
 11102, 56831,20180816,-9999,    9
 11102, 56831,20180817,-9999,    9
 11102, 56831,20180818,-9999,    9
 11102, 56831,20180819,-9999,    9
 11102, 56831,20180820,-9999,    9
 11102, 56831,20180821,-9999,    9
 11102, 56831,20180822,-9999,    9
 11102, 56831,20180823,-9999,    9
 11102, 56831,20180824,-9999,    9
 11102, 56831,20180825,-9999,    9
 11102, 56831,20180826,-9999,    9
 11102, 56831,20180827,-9999,    9
 11102, 56831,20180828,-9999,    9
 11102, 56831,20180829,-9999,    9
 11102, 56831,20180830,-9999,    9
 11102, 56831,20180831,-9999,    9
 11102, 56831,20180901,-9999,    9
 11102, 56831,20180902,-9999,    9
 11102, 56831,20180903,-9999,    9
 11102, 56831,20180904,-9999,    9
 11102, 56831,20180905,-9999,    9
 11102, 56831,20180906,-9999,    9
 11102, 56831,20180907,-9999,    9
 11102, 56831,20180908,-9999,    9
 11102, 56831,20180909,-9999,    9
 11102, 56831,20180910,-9999,    9
 11102, 56831,20180911,-9999,    9
 11102, 56831,20180912,-9999,    9
 11102, 56831,20180913,-9999,    9
 11102, 56831,20180914,-9999,    9
 11102, 56831,20180915,-9999,    9
 11102, 56831,20180916,-9999,    9
 11102, 56831,20180917,-9999,    9
 11102, 56831,20180918,-9999,    9
 11102, 56831,20180919,-9999,    9
 11102, 56831,20180920,-9999,    9
 11102, 56831,20180921,-9999,    9
 11102, 56831,20180922,-9999,    9
 11102, 56831,20180923,-9999,    9
 11102, 56831,20180924,-9999,    9
 11102, 56831,20180925,-9999,    9
 11102, 56831,20180926,-9999,    9
 11102, 56831,20180927,-9999,    9
 11102, 56831,20180928,-9999,    9
 11102, 56831,20180929,-9999,    9
 11102, 56831,20180930,-9999,    9
 11102, 56831,20181001,-9999,    9
 11102, 56831,20181002,-9999,    9
 11102, 56831,20181003,-9999,    9
 11102, 56831,20181004,-9999,    9
 11102, 56831,20181005,-9999,    9
 11102, 56831,20181006,-9999,    9
 11102, 56831,20181007,-9999,    9
 11102, 56831,20181008,-9999,    9
 11102, 56831,20181009,-9999,    9
 11102, 56831,20181010,-9999,    9
 11102, 56831,20181011,-9999,    9
 11102, 56831,20181012,-9999,    9
 11102, 56831,20181013,-9999,    9
 11102, 56831,20181014,-9999,    9
 11102, 56831,20181015,-9999,    9
 11102, 56831,20181016,-9999,    9
 11102, 56831,20181017,-9999,    9
 11102, 56831,20181018,-9999,    9
 11102, 56831,20181019,-9999,    9
 11102, 56831,20181020,-9999,    9
 11102, 56831,20181021,-9999,    9
 11102, 56831,20181022,-9999,    9
 11102, 56831,20181023,-9999,    9
 11102, 56831,20181024,-9999,    9
 11102, 56831,20181025,-9999,    9
 11102, 56831,20181026,-9999,    9
 11102, 56831,20181027,-9999,    9
 11102, 56831,20181028,-9999,    9
 11102, 56831,20181029,-9999,    9
 11102, 56831,20181030,-9999,    9
 11102, 56831,20181031,-9999,    9
 11102, 56831,20181101,-9999,    9
 11102, 56831,20181102,-9999,    9
 11102, 56831,20181103,-9999,    9
 11102, 56831,20181104,-9999,    9
 11102, 56831,20181105,-9999,    9
 11102, 56831,20181106,-9999,    9
 11102, 56831,20181107,-9999,    9
 11102, 56831,20181108,-9999,    9
 11102, 56831,20181109,-9999,    9
 11102, 56831,20181110,-9999,    9
 11102, 56831,20181111,-9999,    9
 11102, 56831,20181112,-9999,    9
 11102, 56831,20181113,-9999,    9
 11102, 56831,20181114,-9999,    9
 11102, 56831,20181115,-9999,    9
 11102, 56831,20181116,-9999,    9
 11102, 56831,20181117,-9999,    9
 11102, 56831,20181118,-9999,    9
 11102, 56831,20181119,-9999,    9
 11102, 56831,20181120,-9999,    9
 11102, 56831,20181121,-9999,    9
 11102, 56831,20181122,-9999,    9
 11102, 56831,20181123,-9999,    9
 11102, 56831,20181124,-9999,    9
 11102, 56831,20181125,-9999,    9
 11102, 56831,20181126,-9999,    9
 11102, 56831,20181127,-9999,    9
 11102, 56831,20181128,-9999,    9
 11102, 56831,20181129,-9999,    9
 11102, 56831,20181130,-9999,    9
 11102, 56831,20181201,-9999,    9
 11102, 56831,20181202,-9999,    9
 11102, 56831,20181203,-9999,    9
 11102, 56831,20181204,-9999,    9
 11102, 56831,20181205,-9999,    9
 11102, 56831,20181206,-9999,    9
 11102, 56831,20181207,-9999,    9
 11102, 56831,20181208,-9999,    9
 11102, 56831,20181209,-9999,    9
 11102, 56831,20181210,-9999,    9
 11102, 56831,20181211,-9999,    9
 11102, 56831,20181212,-9999,    9
 11102, 56831,20181213,-9999,    9
 11102, 56831,20181214,-9999,    9
 11102, 56831,20181215,-9999,    9
 11102, 56831,20181216,-9999,    9
 11102, 56831,20181217,-9999,    9
 11102, 56831,20181218,-9999,    9
 11102, 56831,20181219,-9999,    9
 11102, 56831,20181220,-9999,    9
 11102, 56831,20181221,-9999,    9
 11102, 56831,20181222,-9999,    9
 11102, 56831,20181223,-9999,    9
 11102, 56831,20181224,-9999,    9
 11102, 56831,20181225,-9999,    9
 11102, 56831,20181226,-9999,    9
 11102, 56831,20181227,-9999,    9
 11102, 56831,20181228,-9999,    9
 11102, 56831,20181229,-9999,    9
 11102, 56831,20181230,-9999,    9
 11102, 56831,20181231,-9999,    9
 11102, 56831,20190101,-9999,    9
 11102, 56831,20190102,-9999,    9
 11102, 56831,20190103,-9999,    9
 11102, 56831,20190104,-9999,    9
 11102, 56831,20190105,-9999,    9
 11102, 56831,20190106,-9999,    9
 11102, 56831,20190107,-9999,    9
 11102, 56831,20190108,-9999,    9
 11102, 56831,20190109,-9999,    9
 11102, 56831,20190110,-9999,    9
 11102, 56831,20190111,-9999,    9
 11102, 56831,20190112,-9999,    9
 11102, 56831,20190113,-9999,    9
 11102, 56831,20190114,-9999,    9
 11102, 56831,20190115,-9999,    9
 11102, 56831,20190116,-9999,    9
 11102, 56831,20190117,-9999,    9
 11102, 56831,20190118,-9999,    9
 11102, 56831,20190119,-9999,    9
 11102, 56831,20190120,-9999,    9
 11102, 56831,20190121,-9999,    9
 11102, 56831,20190122,-9999,    9
 11102, 56831,20190123,-9999,    9
 11102, 56831,20190124,-9999,    9
 11102, 56831,20190125,-9999,    9
 11102, 56831,20190126,-9999,    9
 11102, 56831,20190127,-9999,    9
 11102, 56831,20190128,-9999,    9
 11102, 56831,20190129,-9999,    9
 11102, 56831,20190130,-9999,    9
 11102, 56831,20190131,-9999,    9
 11102, 56831,20190201,-9999,    9
 11102, 56831,20190202,-9999,    9
 11102, 56831,20190203,-9999,    9
 11102, 56831,20190204,-9999,    9
 11102, 56831,20190205,-9999,    9
 11102, 56831,20190206,-9999,    9
 11102, 56831,20190207,-9999,    9
 11102, 56831,20190208,-9999,    9
 11102, 56831,20190209,-9999,    9
 11102, 56831,20190210,-9999,    9
 11102, 56831,20190211,-9999,    9
 11102, 56831,20190212,-9999,    9
 11102, 56831,20190213,-9999,    9
 11102, 56831,20190214,-9999,    9
 11102, 56831,20190215,-9999,    9
 11102, 56831,20190216,-9999,    9
 11102, 56831,20190217,-9999,    9
 11102, 56831,20190218,-9999,    9
 11102, 56831,20190219,-9999,    9
 11102, 56831,20190220,-9999,    9
 11102, 56831,20190221,-9999,    9
 11102, 56831,20190222,-9999,    9
 11102, 56831,20190223,-9999,    9
 11102, 56831,20190224,-9999,    9
 11102, 56831,20190225,-9999,    9
 11102, 56831,20190226,-9999,    9
 11102, 56831,20190227,-9999,    9
 11102, 56831,20190228,-9999,    9
 11102, 56831,20190301,-9999,    9
 11102, 56831,20190302,-9999,    9
 11102, 56831,20190303,-9999,    9
 11102, 56831,20190304,-9999,    9
 11102, 56831,20190305,-9999,    9
 11102, 56831,20190306,-9999,    9
 11102, 56831,20190307,-9999,    9
 11102, 56831,20190308,-9999,    9
 11102, 56831,20190309,-9999,    9
 11102, 56831,20190310,-9999,    9
 11102, 56831,20190311,-9999,    9
 11102, 56831,20190312,-9999,    9
 11102, 56831,20190313,-9999,    9
 11102, 56831,20190314,-9999,    9
 11102, 56831,20190315,-9999,    9
 11102, 56831,20190316,-9999,    9
 11102, 56831,20190317,-9999,    9
 11102, 56831,20190318,-9999,    9
 11102, 56831,20190319,-9999,    9
 11102, 56831,20190320,-9999,    9
 11102, 56831,20190321,-9999,    9
 11102, 56831,20190322,-9999,    9
 11102, 56831,20190323,-9999,    9
 11102, 56831,20190324,-9999,    9
 11102, 56831,20190325,-9999,    9
 11102, 56831,20190326,-9999,    9
 11102, 56831,20190327,-9999,    9
 11102, 56831,20190328,-9999,    9
 11102, 56831,20190329,-9999,    9
 11102, 56831,20190330,-9999,    9
 11102, 56831,20190331,-9999,    9
 11102, 56831,20190401,-9999,    9
 11102, 56831,20190402,-9999,    9
 11102, 56831,20190403,-9999,    9
 11102, 56831,20190404,-9999,    9
 11102, 56831,20190405,-9999,    9
 11102, 56831,20190406,-9999,    9
 11102, 56831,20190407,-9999,    9
 11102, 56831,20190408,-9999,    9
 11102, 56831,20190409,-9999,    9
 11102, 56831,20190410,-9999,    9
 11102, 56831,20190411,-9999,    9
 11102, 56831,20190412,-9999,    9
 11102, 56831,20190413,-9999,    9
 11102, 56831,20190414,-9999,    9
 11102, 56831,20190415,-9999,    9
 11102, 56831,20190416,-9999,    9
 11102, 56831,20190417,-9999,    9
 11102, 56831,20190418,-9999,    9
 11102, 56831,20190419,-9999,    9
 11102, 56831,20190420,-9999,    9
 11102, 56831,20190421,-9999,    9
 11102, 56831,20190422,-9999,    9
 11102, 56831,20190423,-9999,    9
 11102, 56831,20190424,-9999,    9
 11102, 56831,20190425,-9999,    9
 11102, 56831,20190426,-9999,    9
 11102, 56831,20190427,-9999,    9
 11102, 56831,20190428,-9999,    9
 11102, 56831,20190429,-9999,    9
 11102, 56831,20190430,-9999,    9
