EUROPEAN CLIMATE ASSESSMENT & DATASET (ECA&D), file created on: 13-05-2019
THESE DATA CAN BE USED FOR NON-COMMERCIAL RESEARCH AND EDUCATION PROVIDED THAT THE FOLLOWING SOURCE IS ACKNOWLEDGED: 

Klein Tank, A.M.G. and Coauthors, 2002. Daily dataset of 20th-century surface
air temperature and precipitation series for the European Climate Assessment.
Int. J. of Climatol., 22, 1441-1453.
Data and metadata available at http://www.ecad.eu

FILE FORMAT (MISSING VALUE CODE = -9999):

01-06 STAID: Station identifier
08-13 SOUID: Source identifier
15-22 DATE : Date YYYYMMDD
24-28 TG   : Mean temperature in 0.1 &#176;C
30-34 Q_TG : quality code for TG (0='valid'; 1='suspect'; 9='missing')

This is the blended series of station ASKIM II, NORWAY (STAID: 5099)
Blended and updated with sources:34288 
See files sources.txt and stations.txt for more info.

STAID, SOUID,    DATE,   TG, Q_TG
  5099, 34288,20160406,   55,    0
  5099, 34288,20160407,   48,    0
  5099, 34288,20160408,   38,    0
  5099, 34288,20160409,   37,    0
  5099, 34288,20160410,   43,    0
  5099, 34288,20160411,   51,    0
  5099, 34288,20160412,   55,    0
  5099, 34288,20160413,   67,    0
  5099, 34288,20160414,   59,    0
  5099, 34288,20160415,   57,    0
  5099, 34288,20160416,   60,    0
  5099, 34288,20160417,   46,    0
  5099, 34288,20160418,   63,    0
  5099, 34288,20160419,   63,    0
  5099, 34288,20160420,   59,    0
  5099, 34288,20160421,   81,    0
  5099, 34288,20160422,   45,    0
  5099, 34288,20160423,   17,    0
  5099, 34288,20160424,   19,    0
  5099, 34288,20160425,   24,    0
  5099, 34288,20160426,   30,    0
  5099, 34288,20160427,   40,    0
  5099, 34288,20160428,   38,    0
  5099, 34288,20160429,   42,    0
  5099, 34288,20160430,   35,    0
  5099, 34288,20160501,   60,    0
  5099, 34288,20160502,   74,    0
  5099, 34288,20160503,   79,    0
  5099, 34288,20160504,   85,    0
  5099, 34288,20160505,   88,    0
  5099, 34288,20160506,   99,    0
  5099, 34288,20160507,  121,    0
  5099, 34288,20160508,  144,    0
  5099, 34288,20160509,  150,    0
  5099, 34288,20160510,  159,    0
  5099, 34288,20160511,  134,    0
  5099, 34288,20160512,  116,    0
  5099, 34288,20160513,   77,    0
  5099, 34288,20160514,   79,    0
  5099, 34288,20160515,   94,    0
  5099, 34288,20160516,   99,    0
  5099, 34288,20160517,   97,    0
  5099, 34288,20160518,  105,    0
  5099, 34288,20160519,  108,    0
  5099, 34288,20160520,  104,    0
  5099, 34288,20160521,  106,    0
  5099, 34288,20160522,  133,    0
  5099, 34288,20160523,  134,    0
  5099, 34288,20160524,   91,    0
  5099, 34288,20160525,  120,    0
  5099, 34288,20160526,  125,    0
  5099, 34288,20160527,  139,    0
  5099, 34288,20160528,  125,    0
  5099, 34288,20160529,  126,    0
  5099, 34288,20160530,  160,    0
  5099, 34288,20160531,  188,    0
  5099, 34288,20160601,  199,    0
  5099, 34288,20160602,  205,    0
  5099, 34288,20160603,  209,    0
  5099, 34288,20160604,  164,    0
  5099, 34288,20160605,  158,    0
  5099, 34288,20160606,  152,    0
  5099, 34288,20160607,  159,    0
  5099, 34288,20160608,  136,    0
  5099, 34288,20160609,  117,    0
  5099, 34288,20160610,  108,    0
  5099, 34288,20160611,  117,    0
  5099, 34288,20160612,  132,    0
  5099, 34288,20160613,  144,    0
  5099, 34288,20160614,  161,    0
  5099, 34288,20160615,  134,    0
  5099, 34288,20160616,  179,    0
  5099, 34288,20160617,  156,    0
  5099, 34288,20160618,  160,    0
  5099, 34288,20160619,  126,    0
  5099, 34288,20160620,  126,    0
  5099, 34288,20160621,  162,    0
  5099, 34288,20160622,  157,    0
  5099, 34288,20160623,  159,    0
  5099, 34288,20160624,  170,    0
  5099, 34288,20160625,  185,    0
  5099, 34288,20160626,  164,    0
  5099, 34288,20160627,  144,    0
  5099, 34288,20160628,  152,    0
  5099, 34288,20160629,  144,    0
  5099, 34288,20160630,-9999,    9
  5099, 34288,20160701,-9999,    9
  5099, 34288,20160702,-9999,    9
  5099, 34288,20160703,-9999,    9
  5099, 34288,20160704,-9999,    9
  5099, 34288,20160705,-9999,    9
  5099, 34288,20160706,-9999,    9
  5099, 34288,20160707,  143,    0
  5099, 34288,20160708,  158,    0
  5099, 34288,20160709,  148,    0
  5099, 34288,20160710,  155,    0
  5099, 34288,20160711,  161,    0
  5099, 34288,20160712,  164,    0
  5099, 34288,20160713,  163,    0
  5099, 34288,20160714,  160,    0
  5099, 34288,20160715,  176,    0
  5099, 34288,20160716,  164,    0
  5099, 34288,20160717,  141,    0
  5099, 34288,20160718,  150,    0
  5099, 34288,20160719,  155,    0
  5099, 34288,20160720,  188,    0
  5099, 34288,20160721,  191,    0
  5099, 34288,20160722,  197,    0
  5099, 34288,20160723,  191,    0
  5099, 34288,20160724,  195,    0
  5099, 34288,20160725,  193,    0
  5099, 34288,20160726,  173,    0
  5099, 34288,20160727,  164,    0
  5099, 34288,20160728,  168,    0
  5099, 34288,20160729,  158,    0
  5099, 34288,20160730,  165,    0
  5099, 34288,20160731,  145,    0
  5099, 34288,20160801,  143,    0
  5099, 34288,20160802,  148,    0
  5099, 34288,20160803,  142,    0
  5099, 34288,20160804,  154,    0
  5099, 34288,20160805,  159,    0
  5099, 34288,20160806,  149,    0
  5099, 34288,20160807,  139,    0
  5099, 34288,20160808,  144,    0
  5099, 34288,20160809,  131,    0
  5099, 34288,20160810,   89,    0
  5099, 34288,20160811,  108,    0
  5099, 34288,20160812,  112,    0
  5099, 34288,20160813,  154,    0
  5099, 34288,20160814,  147,    0
  5099, 34288,20160815,  140,    0
  5099, 34288,20160816,  148,    0
  5099, 34288,20160817,  162,    0
  5099, 34288,20160818,  152,    0
  5099, 34288,20160819,  147,    0
  5099, 34288,20160820,  151,    0
  5099, 34288,20160821,  156,    0
  5099, 34288,20160822,  148,    0
  5099, 34288,20160823,  167,    0
  5099, 34288,20160824,  154,    0
  5099, 34288,20160825,  170,    0
  5099, 34288,20160826,  177,    0
  5099, 34288,20160827,  149,    0
  5099, 34288,20160828,  114,    0
  5099, 34288,20160829,  101,    0
  5099, 34288,20160830,  118,    0
  5099, 34288,20160831,  145,    0
  5099, 34288,20160901,  161,    0
  5099, 34288,20160902,  138,    0
  5099, 34288,20160903,  144,    0
  5099, 34288,20160904,  112,    0
  5099, 34288,20160905,  122,    0
  5099, 34288,20160906,  149,    0
  5099, 34288,20160907,  179,    0
  5099, 34288,20160908,  171,    0
  5099, 34288,20160909,  158,    0
  5099, 34288,20160910,  161,    0
  5099, 34288,20160911,  152,    0
  5099, 34288,20160912,  123,    0
  5099, 34288,20160913,  159,    0
  5099, 34288,20160914,  161,    0
  5099, 34288,20160915,  165,    0
  5099, 34288,20160916,-9999,    9
  5099, 34288,20160917,-9999,    9
  5099, 34288,20160918,-9999,    9
  5099, 34288,20160919,-9999,    9
  5099, 34288,20160920,  127,    0
  5099, 34288,20160921,  145,    0
  5099, 34288,20160922,  130,    0
  5099, 34288,20160923,  105,    0
  5099, 34288,20160924,   98,    0
  5099, 34288,20160925,  146,    0
  5099, 34288,20160926,  127,    0
  5099, 34288,20160927,  113,    0
  5099, 34288,20160928,  128,    0
  5099, 34288,20160929,  129,    0
  5099, 34288,20160930,  107,    0
  5099, 34288,20161001,   71,    0
  5099, 34288,20161002,   64,    0
  5099, 34288,20161003,   47,    0
  5099, 34288,20161004,   32,    0
  5099, 34288,20161005,   43,    0
  5099, 34288,20161006,   60,    0
  5099, 34288,20161007,   81,    0
  5099, 34288,20161008,   61,    0
  5099, 34288,20161009,   54,    0
  5099, 34288,20161010,   54,    0
  5099, 34288,20161011,   48,    0
  5099, 34288,20161012,   41,    0
  5099, 34288,20161013,   31,    0
  5099, 34288,20161014,   11,    0
  5099, 34288,20161015,   41,    0
  5099, 34288,20161016,   58,    0
  5099, 34288,20161017,   60,    0
  5099, 34288,20161018,   63,    0
  5099, 34288,20161019,   70,    0
  5099, 34288,20161020,   59,    0
  5099, 34288,20161021,   43,    0
  5099, 34288,20161022,-9999,    9
  5099, 34288,20161023,   32,    0
  5099, 34288,20161024,   47,    0
  5099, 34288,20161025,   34,    0
  5099, 34288,20161026,   41,    0
  5099, 34288,20161027,   79,    0
  5099, 34288,20161028,   72,    0
  5099, 34288,20161029,   17,    0
  5099, 34288,20161030,   14,    0
  5099, 34288,20161031,-9999,    9
  5099, 34288,20161101,   32,    0
  5099, 34288,20161102,    8,    0
  5099, 34288,20161103,  -47,    0
  5099, 34288,20161104,  -31,    1
  5099, 34288,20161105,    1,    0
  5099, 34288,20161106,  -26,    0
  5099, 34288,20161107,  -62,    0
  5099, 34288,20161108,  -50,    0
  5099, 34288,20161109,  -45,    0
  5099, 34288,20161110,  -41,    0
  5099, 34288,20161111,  -48,    0
  5099, 34288,20161112,  -41,    0
  5099, 34288,20161113,   31,    0
  5099, 34288,20161114,   45,    0
  5099, 34288,20161115,   32,    0
  5099, 34288,20161116,   31,    0
  5099, 34288,20161117,   25,    0
  5099, 34288,20161118,-9999,    9
  5099, 34288,20161119,   29,    0
  5099, 34288,20161120,   21,    0
  5099, 34288,20161121,   22,    0
  5099, 34288,20161122,   60,    0
  5099, 34288,20161123,   62,    0
  5099, 34288,20161124,  -19,    0
  5099, 34288,20161125,   38,    0
  5099, 34288,20161126,   45,    0
  5099, 34288,20161127,    5,    0
  5099, 34288,20161128,  -40,    0
  5099, 34288,20161129,  -31,    0
  5099, 34288,20161130,  -45,    0
  5099, 34288,20161201,-9999,    9
  5099, 34288,20161202,  -70,    0
  5099, 34288,20161203,  -64,    0
  5099, 34288,20161204,  -52,    0
  5099, 34288,20161205,  -11,    0
  5099, 34288,20161206,  -54,    0
  5099, 34288,20161207,   33,    0
  5099, 34288,20161208,   55,    0
  5099, 34288,20161209,   30,    0
  5099, 34288,20161210,   21,    0
  5099, 34288,20161211,   -3,    0
  5099, 34288,20161212,  -32,    0
  5099, 34288,20161213,  -29,    0
  5099, 34288,20161214,  -81,    0
  5099, 34288,20161215,  -45,    0
  5099, 34288,20161216,    6,    0
  5099, 34288,20161217,   -3,    0
  5099, 34288,20161218,  -17,    0
  5099, 34288,20161219,   33,    0
  5099, 34288,20161220,   44,    0
  5099, 34288,20161221,   30,    0
  5099, 34288,20161222,   34,    0
  5099, 34288,20161223,   27,    0
  5099, 34288,20161224,   28,    0
  5099, 34288,20161225,   40,    0
  5099, 34288,20161226,   34,    0
  5099, 34288,20161227,    9,    0
  5099, 34288,20161228,  -28,    0
  5099, 34288,20161229,   15,    0
  5099, 34288,20161230,   54,    0
  5099, 34288,20161231,   66,    0
  5099, 34288,20170101,  -13,    0
  5099, 34288,20170102,  -70,    0
  5099, 34288,20170103,  -41,    0
  5099, 34288,20170104,  -45,    0
  5099, 34288,20170105, -131,    0
  5099, 34288,20170106,  -38,    0
  5099, 34288,20170107,   -9,    0
  5099, 34288,20170108,  -26,    0
  5099, 34288,20170109,   26,    0
  5099, 34288,20170110,   14,    0
  5099, 34288,20170111,   22,    0
  5099, 34288,20170112,   18,    0
  5099, 34288,20170113,  -48,    0
  5099, 34288,20170114,  -59,    0
  5099, 34288,20170115,  -96,    0
  5099, 34288,20170116,  -95,    0
  5099, 34288,20170117,  -21,    0
  5099, 34288,20170118,   -1,    0
  5099, 34288,20170119,   21,    0
  5099, 34288,20170120,   20,    0
  5099, 34288,20170121,  -25,    0
  5099, 34288,20170122,   10,    0
  5099, 34288,20170123,  -34,    0
  5099, 34288,20170124,  -38,    0
  5099, 34288,20170125,   15,    0
  5099, 34288,20170126,   24,    0
  5099, 34288,20170127,   -3,    0
  5099, 34288,20170128,   -8,    0
  5099, 34288,20170129,   -4,    0
  5099, 34288,20170130,   15,    0
  5099, 34288,20170131,   -1,    0
  5099, 34288,20170201,  -10,    0
  5099, 34288,20170202,  -10,    0
  5099, 34288,20170203,   -6,    0
  5099, 34288,20170204,  -16,    0
  5099, 34288,20170205,   -4,    0
  5099, 34288,20170206,  -16,    0
  5099, 34288,20170207,  -70,    0
  5099, 34288,20170208,  -76,    0
  5099, 34288,20170209,  -65,    0
  5099, 34288,20170210,  -41,    0
  5099, 34288,20170211,  -46,    0
  5099, 34288,20170212,  -74,    0
  5099, 34288,20170213,  -53,    0
  5099, 34288,20170214,  -53,    0
  5099, 34288,20170215,  -24,    0
  5099, 34288,20170216,  -11,    0
  5099, 34288,20170217,  -18,    0
  5099, 34288,20170218,  -21,    0
  5099, 34288,20170219,   25,    0
  5099, 34288,20170220,   26,    0
  5099, 34288,20170221,   12,    0
  5099, 34288,20170222,    8,    0
  5099, 34288,20170223,  -35,    0
  5099, 34288,20170224,  -65,    0
  5099, 34288,20170225,  -50,    0
  5099, 34288,20170226,   -5,    0
  5099, 34288,20170227,   25,    0
  5099, 34288,20170228,   30,    0
  5099, 34288,20170301,   10,    0
  5099, 34288,20170302,   -1,    0
  5099, 34288,20170303,   -4,    0
  5099, 34288,20170304,   -5,    0
  5099, 34288,20170305,  -19,    0
  5099, 34288,20170306,  -26,    0
  5099, 34288,20170307,  -38,    0
  5099, 34288,20170308,  -26,    0
  5099, 34288,20170309,   10,    0
  5099, 34288,20170310,    8,    0
  5099, 34288,20170311,    5,    0
  5099, 34288,20170312,   17,    0
  5099, 34288,20170313,   16,    0
  5099, 34288,20170314,   36,    0
  5099, 34288,20170315,   57,    0
  5099, 34288,20170316,   29,    0
  5099, 34288,20170317,   38,    0
  5099, 34288,20170318,  -10,    0
  5099, 34288,20170319,  -12,    0
  5099, 34288,20170320,   16,    0
  5099, 34288,20170321,   32,    0
  5099, 34288,20170322,   20,    0
  5099, 34288,20170323,    2,    0
  5099, 34288,20170324,   22,    0
  5099, 34288,20170325,   49,    0
  5099, 34288,20170326,   64,    0
  5099, 34288,20170327,   48,    0
  5099, 34288,20170328,   50,    0
  5099, 34288,20170329,   24,    0
  5099, 34288,20170330,   22,    0
  5099, 34288,20170331,   38,    0
  5099, 34288,20170401,   58,    0
  5099, 34288,20170402,   72,    0
  5099, 34288,20170403,   46,    0
  5099, 34288,20170404,   43,    0
  5099, 34288,20170405,   52,    0
  5099, 34288,20170406,   35,    0
  5099, 34288,20170407,   76,    0
  5099, 34288,20170408,   68,    0
  5099, 34288,20170409,   54,    0
  5099, 34288,20170410,   79,    0
  5099, 34288,20170411,   51,    0
  5099, 34288,20170412,   46,    0
  5099, 34288,20170413,   25,    0
  5099, 34288,20170414,   -6,    0
  5099, 34288,20170415,  -22,    0
  5099, 34288,20170416,    4,    0
  5099, 34288,20170417,   14,    0
  5099, 34288,20170418,    2,    0
  5099, 34288,20170419,   22,    0
  5099, 34288,20170420,   61,    0
  5099, 34288,20170421,   67,    0
  5099, 34288,20170422,   40,    0
  5099, 34288,20170423,   20,    0
  5099, 34288,20170424,   10,    0
  5099, 34288,20170425,   19,    0
  5099, 34288,20170426,   30,    0
  5099, 34288,20170427,   10,    0
  5099, 34288,20170428,   33,    0
  5099, 34288,20170429,   46,    0
  5099, 34288,20170430,   47,    0
  5099, 34288,20170501,   72,    0
  5099, 34288,20170502,   97,    0
  5099, 34288,20170503,  103,    0
  5099, 34288,20170504,   94,    0
  5099, 34288,20170505,  122,    0
  5099, 34288,20170506,  148,    0
  5099, 34288,20170507,   82,    0
  5099, 34288,20170508,   47,    0
  5099, 34288,20170509,   41,    0
  5099, 34288,20170510,   14,    0
  5099, 34288,20170511,   26,    0
  5099, 34288,20170512,   57,    0
  5099, 34288,20170513,   68,    0
  5099, 34288,20170514,   86,    0
  5099, 34288,20170515,   85,    0
  5099, 34288,20170516,   80,    0
  5099, 34288,20170517,  106,    0
  5099, 34288,20170518,  148,    0
  5099, 34288,20170519,  132,    0
  5099, 34288,20170520,  155,    0
  5099, 34288,20170521,  120,    0
  5099, 34288,20170522,  108,    0
  5099, 34288,20170523,  114,    0
  5099, 34288,20170524,  131,    0
  5099, 34288,20170525,  143,    0
  5099, 34288,20170526,  154,    0
  5099, 34288,20170527,  159,    0
  5099, 34288,20170528,  148,    0
  5099, 34288,20170529,  156,    0
  5099, 34288,20170530,  118,    0
  5099, 34288,20170531,  122,    0
  5099, 34288,20170601,  102,    0
  5099, 34288,20170602,   97,    0
  5099, 34288,20170603,  104,    0
  5099, 34288,20170604,  117,    0
  5099, 34288,20170605,  136,    0
  5099, 34288,20170606,  155,    0
  5099, 34288,20170607,  124,    0
  5099, 34288,20170608,  120,    0
  5099, 34288,20170609,  117,    0
  5099, 34288,20170610,  136,    0
  5099, 34288,20170611,  126,    0
  5099, 34288,20170612,  136,    0
  5099, 34288,20170613,  146,    0
  5099, 34288,20170614,  150,    0
  5099, 34288,20170615,  155,    0
  5099, 34288,20170616,  143,    0
  5099, 34288,20170617,  161,    0
  5099, 34288,20170618,  187,    0
  5099, 34288,20170619,  156,    0
  5099, 34288,20170620,  138,    0
  5099, 34288,20170621,  133,    0
  5099, 34288,20170622,  144,    0
  5099, 34288,20170623,  133,    0
  5099, 34288,20170624,  149,    0
  5099, 34288,20170625,  131,    0
  5099, 34288,20170626,  130,    0
  5099, 34288,20170627,  127,    0
  5099, 34288,20170628,  149,    0
  5099, 34288,20170629,  165,    0
  5099, 34288,20170630,  178,    0
  5099, 34288,20170701,  182,    0
  5099, 34288,20170702,  166,    0
  5099, 34288,20170703,  145,    0
  5099, 34288,20170704,  143,    0
  5099, 34288,20170705,  140,    0
  5099, 34288,20170706,  136,    0
  5099, 34288,20170707,  145,    0
  5099, 34288,20170708,  146,    0
  5099, 34288,20170709,  148,    0
  5099, 34288,20170710,  143,    0
  5099, 34288,20170711,  145,    0
  5099, 34288,20170712,  135,    0
  5099, 34288,20170713,  134,    0
  5099, 34288,20170714,  143,    0
  5099, 34288,20170715,  160,    0
  5099, 34288,20170716,  150,    0
  5099, 34288,20170717,  139,    0
  5099, 34288,20170718,  149,    0
  5099, 34288,20170719,  157,    0
  5099, 34288,20170720,  173,    0
  5099, 34288,20170721,  157,    0
  5099, 34288,20170722,  175,    0
  5099, 34288,20170723,  186,    0
  5099, 34288,20170724,  170,    0
  5099, 34288,20170725,  176,    0
  5099, 34288,20170726,  166,    0
  5099, 34288,20170727,  159,    0
  5099, 34288,20170728,  152,    0
  5099, 34288,20170729,  141,    0
  5099, 34288,20170730,  153,    0
  5099, 34288,20170731,  153,    0
  5099, 34288,20170801,  153,    0
  5099, 34288,20170802,  147,    0
  5099, 34288,20170803,  141,    0
  5099, 34288,20170804,  154,    0
  5099, 34288,20170805,  152,    0
  5099, 34288,20170806,  150,    0
  5099, 34288,20170807,  128,    0
  5099, 34288,20170808,  154,    0
  5099, 34288,20170809,-9999,    9
  5099, 34288,20170810,  168,    0
  5099, 34288,20170811,  159,    0
  5099, 34288,20170812,  153,    0
  5099, 34288,20170813,  134,    0
  5099, 34288,20170814,  125,    0
  5099, 34288,20170815,  144,    0
  5099, 34288,20170816,  164,    0
  5099, 34288,20170817,  152,    0
  5099, 34288,20170818,  154,    0
  5099, 34288,20170819,  145,    0
  5099, 34288,20170820,  131,    0
  5099, 34288,20170821,  138,    0
  5099, 34288,20170822,  115,    0
  5099, 34288,20170823,  116,    0
  5099, 34288,20170824,  127,    0
  5099, 34288,20170825,  130,    0
  5099, 34288,20170826,  130,    0
  5099, 34288,20170827,  129,    0
  5099, 34288,20170828,  139,    0
  5099, 34288,20170829,  156,    0
  5099, 34288,20170830,  129,    0
  5099, 34288,20170831,  113,    0
  5099, 34288,20170901,  113,    0
  5099, 34288,20170902,  113,    0
  5099, 34288,20170903,  121,    0
  5099, 34288,20170904,  105,    0
  5099, 34288,20170905,  120,    0
  5099, 34288,20170906,  117,    0
  5099, 34288,20170907,  102,    0
  5099, 34288,20170908,  102,    0
  5099, 34288,20170909,  114,    0
  5099, 34288,20170910,  118,    0
  5099, 34288,20170911,  120,    0
  5099, 34288,20170912,  123,    0
  5099, 34288,20170913,  101,    0
  5099, 34288,20170914,  104,    0
  5099, 34288,20170915,  101,    0
  5099, 34288,20170916,   90,    0
  5099, 34288,20170917,   97,    0
  5099, 34288,20170918,  109,    0
  5099, 34288,20170919,  102,    0
  5099, 34288,20170920,   86,    0
  5099, 34288,20170921,   87,    0
  5099, 34288,20170922,  107,    0
  5099, 34288,20170923,  112,    0
  5099, 34288,20170924,  124,    0
  5099, 34288,20170925,  126,    0
  5099, 34288,20170926,  121,    0
  5099, 34288,20170927,  125,    0
  5099, 34288,20170928,  118,    0
  5099, 34288,20170929,  105,    0
  5099, 34288,20170930,  107,    0
  5099, 34288,20171001,  104,    0
  5099, 34288,20171002,  108,    0
  5099, 34288,20171003,  114,    0
  5099, 34288,20171004,   71,    0
  5099, 34288,20171005,   40,    0
  5099, 34288,20171006,   55,    0
  5099, 34288,20171007,   44,    0
  5099, 34288,20171008,   50,    0
  5099, 34288,20171009,   27,    0
  5099, 34288,20171010,   30,    0
  5099, 34288,20171011,   62,    0
  5099, 34288,20171012,   78,    0
  5099, 34288,20171013,   62,    0
  5099, 34288,20171014,  119,    0
  5099, 34288,20171015,  104,    0
  5099, 34288,20171016,  117,    0
  5099, 34288,20171017,  101,    0
  5099, 34288,20171018,-9999,    9
  5099, 34288,20171019,   30,    0
  5099, 34288,20171020,   65,    0
  5099, 34288,20171021,   68,    0
  5099, 34288,20171022,   48,    0
  5099, 34288,20171023,   31,    0
  5099, 34288,20171024,   38,    0
  5099, 34288,20171025,   48,    0
  5099, 34288,20171026,   53,    0
  5099, 34288,20171027,   37,    0
  5099, 34288,20171028,   72,    0
  5099, 34288,20171029,   47,    0
  5099, 34288,20171030,   -3,    0
  5099, 34288,20171031,   21,    0
  5099, 34288,20171101,   51,    0
  5099, 34288,20171102,   33,    0
  5099, 34288,20171103,   32,    0
  5099, 34288,20171104,   54,    0
  5099, 34288,20171105,   53,    0
  5099, 34288,20171106,    8,    0
  5099, 34288,20171107,   29,    0
  5099, 34288,20171108,   38,    0
  5099, 34288,20171109,   59,    0
  5099, 34288,20171110,   25,    0
  5099, 34288,20171111,  -22,    0
  5099, 34288,20171112,  -46,    0
  5099, 34288,20171113,  -52,    0
  5099, 34288,20171114,  -20,    0
  5099, 34288,20171115,   10,    0
  5099, 34288,20171116,    8,    0
  5099, 34288,20171117,   35,    0
  5099, 34288,20171118,   14,    0
  5099, 34288,20171119,  -25,    0
  5099, 34288,20171120,  -60,    0
  5099, 34288,20171121,  -51,    0
  5099, 34288,20171122,  -25,    0
  5099, 34288,20171123,   72,    0
  5099, 34288,20171124,   20,    0
  5099, 34288,20171125,   -1,    0
  5099, 34288,20171126,   14,    0
  5099, 34288,20171127,    2,    0
  5099, 34288,20171128,  -14,    0
  5099, 34288,20171129,  -15,    0
  5099, 34288,20171130,  -19,    0
  5099, 34288,20171201,  -53,    0
  5099, 34288,20171202,  -44,    0
  5099, 34288,20171203,  -57,    0
  5099, 34288,20171204,  -86,    0
  5099, 34288,20171205,  -13,    0
  5099, 34288,20171206,    0,    0
  5099, 34288,20171207,   61,    0
  5099, 34288,20171208,   27,    0
  5099, 34288,20171209,  -10,    0
  5099, 34288,20171210,  -60,    0
  5099, 34288,20171211,  -27,    0
  5099, 34288,20171212,  -65,    0
  5099, 34288,20171213,  -32,    0
  5099, 34288,20171214,   -9,    0
  5099, 34288,20171215,  -29,    0
  5099, 34288,20171216,  -45,    0
  5099, 34288,20171217, -106,    0
  5099, 34288,20171218,   -7,    0
  5099, 34288,20171219,  -31,    0
  5099, 34288,20171220,   18,    0
  5099, 34288,20171221,  -34,    0
  5099, 34288,20171222,   -8,    0
  5099, 34288,20171223,   30,    0
  5099, 34288,20171224,  -11,    0
  5099, 34288,20171225,   19,    0
  5099, 34288,20171226,   23,    0
  5099, 34288,20171227,   19,    0
  5099, 34288,20171228,    6,    0
  5099, 34288,20171229,  -12,    0
  5099, 34288,20171230,  -41,    0
  5099, 34288,20171231,  -18,    0
  5099, 34288,20180101,   24,    0
  5099, 34288,20180102,  -19,    0
  5099, 34288,20180103,   -6,    0
  5099, 34288,20180104,    3,    0
  5099, 34288,20180105,  -28,    0
  5099, 34288,20180106,  -83,    0
  5099, 34288,20180107,  -83,    0
  5099, 34288,20180108,  -47,    0
  5099, 34288,20180109,  -37,    0
  5099, 34288,20180110,  -48,    0
  5099, 34288,20180111,-9999,    9
  5099, 34288,20180112,  -39,    0
  5099, 34288,20180113,  -32,    0
  5099, 34288,20180114,  -37,    0
  5099, 34288,20180115,  -26,    0
  5099, 34288,20180116,   -3,    0
  5099, 34288,20180117,  -13,    0
  5099, 34288,20180118,  -38,    0
  5099, 34288,20180119,  -35,    0
  5099, 34288,20180120,  -34,    0
  5099, 34288,20180121,  -28,    0
  5099, 34288,20180122,  -44,    0
  5099, 34288,20180123,  -15,    0
  5099, 34288,20180124,   32,    0
  5099, 34288,20180125,   35,    0
  5099, 34288,20180126,    4,    0
  5099, 34288,20180127,  -45,    0
  5099, 34288,20180128,   -3,    0
  5099, 34288,20180129,  -21,    0
  5099, 34288,20180130,  -53,    0
  5099, 34288,20180131,    7,    0
  5099, 34288,20180201,   -1,    0
  5099, 34288,20180202,  -74,    0
  5099, 34288,20180203,  -87,    0
  5099, 34288,20180204, -102,    0
  5099, 34288,20180205, -109,    0
  5099, 34288,20180206,  -68,    0
  5099, 34288,20180207,  -67,    0
  5099, 34288,20180208,  -17,    0
  5099, 34288,20180209,   -8,    0
  5099, 34288,20180210,  -23,    0
  5099, 34288,20180211,  -22,    0
  5099, 34288,20180212,  -10,    0
  5099, 34288,20180213,  -42,    0
  5099, 34288,20180214,   -2,    0
  5099, 34288,20180215,  -14,    0
  5099, 34288,20180216,  -23,    0
  5099, 34288,20180217,  -56,    0
  5099, 34288,20180218,   -4,    0
  5099, 34288,20180219,  -19,    0
  5099, 34288,20180220,  -47,    0
  5099, 34288,20180221,  -36,    0
  5099, 34288,20180222,  -55,    0
  5099, 34288,20180223,  -40,    0
  5099, 34288,20180224,  -51,    0
  5099, 34288,20180225,  -87,    0
  5099, 34288,20180226, -112,    0
  5099, 34288,20180227, -107,    0
  5099, 34288,20180228, -127,    0
  5099, 34288,20180301, -120,    0
  5099, 34288,20180302,  -95,    0
  5099, 34288,20180303,  -74,    0
  5099, 34288,20180304,  -52,    0
  5099, 34288,20180305,  -52,    0
  5099, 34288,20180306,  -42,    0
  5099, 34288,20180307,  -18,    0
  5099, 34288,20180308,  -28,    0
  5099, 34288,20180309,  -42,    0
  5099, 34288,20180310,  -45,    0
  5099, 34288,20180311,  -30,    0
  5099, 34288,20180312,   -9,    0
  5099, 34288,20180313,   -5,    0
  5099, 34288,20180314,  -40,    0
  5099, 34288,20180315,  -52,    0
  5099, 34288,20180316,  -80,    0
  5099, 34288,20180317,  -97,    0
  5099, 34288,20180318,  -89,    0
  5099, 34288,20180319,  -41,    0
  5099, 34288,20180320,  -21,    0
  5099, 34288,20180321,    3,    0
  5099, 34288,20180322,    5,    0
  5099, 34288,20180323,  -11,    0
  5099, 34288,20180324,   13,    0
  5099, 34288,20180325,   19,    0
  5099, 34288,20180326,  -19,    0
  5099, 34288,20180327,  -51,    0
  5099, 34288,20180328,  -53,    0
  5099, 34288,20180329,  -44,    0
  5099, 34288,20180330,  -47,    0
  5099, 34288,20180331,  -40,    0
  5099, 34288,20180401,  -24,    0
  5099, 34288,20180402,  -28,    0
  5099, 34288,20180403,  -18,    0
  5099, 34288,20180404,   22,    0
  5099, 34288,20180405,   26,    0
  5099, 34288,20180406,   31,    0
  5099, 34288,20180407,   28,    0
  5099, 34288,20180408,   21,    0
  5099, 34288,20180409,   20,    0
  5099, 34288,20180410,   17,    0
  5099, 34288,20180411,   16,    0
  5099, 34288,20180412,   39,    0
  5099, 34288,20180413,   55,    0
  5099, 34288,20180414,   69,    0
  5099, 34288,20180415,   84,    0
  5099, 34288,20180416,-9999,    9
  5099, 34288,20180417,   61,    0
  5099, 34288,20180418,   85,    0
  5099, 34288,20180419,   85,    0
  5099, 34288,20180420,   91,    0
  5099, 34288,20180421,   78,    0
  5099, 34288,20180422,   74,    0
  5099, 34288,20180423,   67,    0
  5099, 34288,20180424,   59,    0
  5099, 34288,20180425,   61,    0
  5099, 34288,20180426,   56,    0
  5099, 34288,20180427,   68,    0
  5099, 34288,20180428,-9999,    9
  5099, 34288,20180429,-9999,    9
  5099, 34288,20180430,-9999,    9
  5099, 34288,20180501,   47,    0
  5099, 34288,20180502,   77,    0
  5099, 34288,20180503,   68,    0
  5099, 34288,20180504,   65,    0
  5099, 34288,20180505,  105,    0
  5099, 34288,20180506,  120,    0
  5099, 34288,20180507,  132,    0
  5099, 34288,20180508,  142,    0
  5099, 34288,20180509,  154,    0
  5099, 34288,20180510,  159,    0
  5099, 34288,20180511,  145,    0
  5099, 34288,20180512,  126,    0
  5099, 34288,20180513,  158,    0
  5099, 34288,20180514,  171,    0
  5099, 34288,20180515,  174,    0
  5099, 34288,20180516,  177,    0
  5099, 34288,20180517,  111,    0
  5099, 34288,20180518,  123,    0
  5099, 34288,20180519,  134,    0
  5099, 34288,20180520,  148,    0
  5099, 34288,20180521,  148,    0
  5099, 34288,20180522,  154,    0
  5099, 34288,20180523,  164,    0
  5099, 34288,20180524,  176,    0
  5099, 34288,20180525,  183,    0
  5099, 34288,20180526,  184,    0
  5099, 34288,20180527,  195,    0
  5099, 34288,20180528,  160,    0
  5099, 34288,20180529,  185,    0
  5099, 34288,20180530,  216,    0
  5099, 34288,20180531,  204,    0
  5099, 34288,20180601,  192,    0
  5099, 34288,20180602,  208,    0
  5099, 34288,20180603,  210,    0
  5099, 34288,20180604,  185,    0
  5099, 34288,20180605,  123,    0
  5099, 34288,20180606,  141,    0
  5099, 34288,20180607,  184,    0
  5099, 34288,20180608,  193,    0
  5099, 34288,20180609,  193,    0
  5099, 34288,20180610,  190,    0
  5099, 34288,20180611,  145,    0
  5099, 34288,20180612,  157,    0
  5099, 34288,20180613,  153,    0
  5099, 34288,20180614,  133,    0
  5099, 34288,20180615,  135,    0
  5099, 34288,20180616,  142,    0
  5099, 34288,20180617,  130,    0
  5099, 34288,20180618,  130,    0
  5099, 34288,20180619,  148,    0
  5099, 34288,20180620,  108,    0
  5099, 34288,20180621,  109,    0
  5099, 34288,20180622,  118,    0
  5099, 34288,20180623,  136,    0
  5099, 34288,20180624,  165,    0
  5099, 34288,20180625,  208,    0
  5099, 34288,20180626,  207,    0
  5099, 34288,20180627,  206,    0
  5099, 34288,20180628,  218,    0
  5099, 34288,20180629,  160,    0
  5099, 34288,20180630,  153,    0
  5099, 34288,20180701,  181,    0
  5099, 34288,20180702,  193,    0
  5099, 34288,20180703,  206,    0
  5099, 34288,20180704,  203,    0
  5099, 34288,20180705,  174,    0
  5099, 34288,20180706,  207,    0
  5099, 34288,20180707,  187,    0
  5099, 34288,20180708,  188,    0
  5099, 34288,20180709,  166,    0
  5099, 34288,20180710,  213,    0
  5099, 34288,20180711,  225,    0
  5099, 34288,20180712,  201,    0
  5099, 34288,20180713,  204,    0
  5099, 34288,20180714,  190,    0
  5099, 34288,20180715,  187,    0
  5099, 34288,20180716,  208,    0
  5099, 34288,20180717,  232,    0
  5099, 34288,20180718,  208,    0
  5099, 34288,20180719,  210,    0
  5099, 34288,20180720,  195,    0
  5099, 34288,20180721,  180,    0
  5099, 34288,20180722,  194,    0
  5099, 34288,20180723,  211,    0
  5099, 34288,20180724,  207,    0
  5099, 34288,20180725,  214,    0
  5099, 34288,20180726,  214,    0
  5099, 34288,20180727,  234,    0
  5099, 34288,20180728,  239,    0
  5099, 34288,20180729,  204,    0
  5099, 34288,20180730,  191,    0
  5099, 34288,20180731,  229,    0
  5099, 34288,20180801,  199,    0
  5099, 34288,20180802,  183,    0
  5099, 34288,20180803,  186,    0
  5099, 34288,20180804,  203,    0
  5099, 34288,20180805,  180,    0
  5099, 34288,20180806,  148,    0
  5099, 34288,20180807,  174,    0
  5099, 34288,20180808,  182,    0
  5099, 34288,20180809,  190,    0
  5099, 34288,20180810,  158,    0
  5099, 34288,20180811,  133,    0
  5099, 34288,20180812,  115,    0
  5099, 34288,20180813,  132,    0
  5099, 34288,20180814,  124,    0
  5099, 34288,20180815,  156,    0
  5099, 34288,20180816,-9999,    9
  5099, 34288,20180817,  160,    0
  5099, 34288,20180818,  140,    0
  5099, 34288,20180819,  149,    0
  5099, 34288,20180820,  116,    0
  5099, 34288,20180821,  122,    0
  5099, 34288,20180822,  145,    0
  5099, 34288,20180823,  152,    0
  5099, 34288,20180824,  135,    0
  5099, 34288,20180825,  112,    0
  5099, 34288,20180826,  119,    0
  5099, 34288,20180827,  122,    0
  5099, 34288,20180828,  132,    0
  5099, 34288,20180829,  128,    0
  5099, 34288,20180830,  132,    0
  5099, 34288,20180831,  128,    0
  5099, 34288,20180901,  139,    0
  5099, 34288,20180902,  140,    0
  5099, 34288,20180903,  140,    0
  5099, 34288,20180904,  143,    0
  5099, 34288,20180905,  142,    0
  5099, 34288,20180906,  141,    0
  5099, 34288,20180907,  155,    0
  5099, 34288,20180908,  139,    0
  5099, 34288,20180909,  131,    0
  5099, 34288,20180910,  140,    0
  5099, 34288,20180911,  119,    0
  5099, 34288,20180912,  123,    0
  5099, 34288,20180913,-9999,    9
  5099, 34288,20180914,  117,    0
  5099, 34288,20180915,  105,    0
  5099, 34288,20180916,   84,    0
  5099, 34288,20180917,  120,    0
  5099, 34288,20180918,  154,    0
  5099, 34288,20180919,  158,    0
  5099, 34288,20180920,  128,    0
  5099, 34288,20180921,  111,    0
  5099, 34288,20180922,  106,    0
  5099, 34288,20180923,   78,    0
  5099, 34288,20180924,   41,    0
  5099, 34288,20180925,   61,    0
  5099, 34288,20180926,  128,    0
  5099, 34288,20180927,   76,    0
  5099, 34288,20180928,   36,    0
  5099, 34288,20180929,   69,    0
  5099, 34288,20180930,   88,    0
  5099, 34288,20181001,   34,    0
  5099, 34288,20181002,   34,    0
  5099, 34288,20181003,   36,    0
  5099, 34288,20181004,   47,    0
  5099, 34288,20181005,   90,    0
  5099, 34288,20181006,   39,    0
  5099, 34288,20181007,   41,    0
  5099, 34288,20181008,  103,    0
  5099, 34288,20181009,  123,    0
  5099, 34288,20181010,  123,    0
  5099, 34288,20181011,  106,    0
  5099, 34288,20181012,  102,    0
  5099, 34288,20181013,  155,    0
  5099, 34288,20181014,  144,    0
  5099, 34288,20181015,  120,    0
  5099, 34288,20181016,   69,    0
  5099, 34288,20181017,-9999,    9
  5099, 34288,20181018,   38,    0
  5099, 34288,20181019,   38,    0
  5099, 34288,20181020,   41,    0
  5099, 34288,20181021,  100,    0
  5099, 34288,20181022,   76,    0
  5099, 34288,20181023,   60,    0
  5099, 34288,20181024,   19,    0
  5099, 34288,20181025,   14,    0
  5099, 34288,20181026,    4,    0
  5099, 34288,20181027,    1,    0
  5099, 34288,20181028,  -21,    0
  5099, 34288,20181029,  -20,    0
  5099, 34288,20181030,   14,    0
  5099, 34288,20181031,   56,    0
  5099, 34288,20181101,   48,    0
  5099, 34288,20181102,   66,    0
  5099, 34288,20181103,   44,    0
  5099, 34288,20181104,   68,    0
  5099, 34288,20181105,   58,    0
  5099, 34288,20181106,   63,    0
  5099, 34288,20181107,   61,    0
  5099, 34288,20181108,   68,    0
  5099, 34288,20181109,   69,    0
  5099, 34288,20181110,   69,    0
  5099, 34288,20181111,   80,    0
  5099, 34288,20181112,   84,    0
  5099, 34288,20181113,   73,    0
  5099, 34288,20181114,   51,    0
  5099, 34288,20181115,   90,    0
  5099, 34288,20181116,   71,    0
  5099, 34288,20181117,   49,    0
  5099, 34288,20181118,   22,    0
  5099, 34288,20181119,   -1,    0
  5099, 34288,20181120,  -21,    0
  5099, 34288,20181121,    4,    0
  5099, 34288,20181122,  -26,    0
  5099, 34288,20181123,  -56,    0
  5099, 34288,20181124,  -39,    0
  5099, 34288,20181125,  -21,    0
  5099, 34288,20181126,  -69,    0
  5099, 34288,20181127,  -91,    0
  5099, 34288,20181128,  -67,    0
  5099, 34288,20181129,    6,    0
  5099, 34288,20181130,   51,    0
  5099, 34288,20181201,   48,    0
  5099, 34288,20181202,   37,    0
  5099, 34288,20181203,   54,    0
  5099, 34288,20181204,   14,    0
  5099, 34288,20181205,  -37,    0
  5099, 34288,20181206,  -12,    0
  5099, 34288,20181207,   -3,    0
  5099, 34288,20181208,   -4,    0
  5099, 34288,20181209,  -35,    0
  5099, 34288,20181210,  -23,    0
  5099, 34288,20181211,-9999,    9
  5099, 34288,20181212,  -53,    0
  5099, 34288,20181213,  -53,    0
  5099, 34288,20181214,  -81,    0
  5099, 34288,20181215,  -57,    0
  5099, 34288,20181216,  -11,    0
  5099, 34288,20181217,  -35,    0
  5099, 34288,20181218,  -50,    0
  5099, 34288,20181219,   -3,    0
  5099, 34288,20181220,    3,    0
  5099, 34288,20181221,  -18,    0
  5099, 34288,20181222,  -38,    0
  5099, 34288,20181223,  -54,    1
  5099, 34288,20181224,  -85,    0
  5099, 34288,20181225,  -30,    0
  5099, 34288,20181226,  -31,    0
  5099, 34288,20181227,  -16,    0
  5099, 34288,20181228,  -63,    0
  5099, 34288,20181229,  -42,    0
  5099, 34288,20181230,  -43,    0
  5099, 34288,20181231,   14,    0
  5099, 34288,20190101,   42,    0
  5099, 34288,20190102,  -27,    0
  5099, 34288,20190103,  -33,    0
  5099, 34288,20190104,  -14,    0
  5099, 34288,20190105,  -26,    0
  5099, 34288,20190106,  -38,    0
  5099, 34288,20190107,  -27,    0
  5099, 34288,20190108,   -2,    0
  5099, 34288,20190109,  -32,    0
  5099, 34288,20190110,  -40,    0
  5099, 34288,20190111,  -21,    0
  5099, 34288,20190112,  -79,    0
  5099, 34288,20190113,  -57,    0
  5099, 34288,20190114,  -34,    0
  5099, 34288,20190115,  -60,    0
  5099, 34288,20190116,  -53,    0
  5099, 34288,20190117, -122,    0
  5099, 34288,20190118, -132,    0
  5099, 34288,20190119,  -73,    0
  5099, 34288,20190120,  -95,    0
  5099, 34288,20190121,  -62,    0
  5099, 34288,20190122,  -48,    0
  5099, 34288,20190123,  -43,    0
  5099, 34288,20190124,  -43,    0
  5099, 34288,20190125,  -39,    0
  5099, 34288,20190126,  -54,    0
  5099, 34288,20190127,  -62,    0
  5099, 34288,20190128,  -61,    0
  5099, 34288,20190129, -156,    0
  5099, 34288,20190130, -120,    0
  5099, 34288,20190131,  -66,    0
  5099, 34288,20190201,  -29,    0
  5099, 34288,20190202,  -38,    0
  5099, 34288,20190203,  -72,    0
  5099, 34288,20190204,  -70,    0
  5099, 34288,20190205,  -42,    1
  5099, 34288,20190206,  -81,    0
  5099, 34288,20190207,   -8,    0
  5099, 34288,20190208,    3,    0
  5099, 34288,20190209,   28,    0
  5099, 34288,20190210,   24,    0
  5099, 34288,20190211,  -12,    0
  5099, 34288,20190212,  -31,    0
  5099, 34288,20190213,   28,    0
  5099, 34288,20190214,   24,    0
  5099, 34288,20190215,   26,    0
  5099, 34288,20190216,   21,    0
  5099, 34288,20190217,   16,    0
  5099, 34288,20190218,   36,    0
  5099, 34288,20190219,   27,    0
  5099, 34288,20190220,  -10,    0
  5099, 34288,20190221,   -6,    0
  5099, 34288,20190222,   -4,    0
  5099, 34288,20190223,   25,    0
  5099, 34288,20190224,   33,    0
  5099, 34288,20190225,    7,    0
  5099, 34288,20190226,   30,    0
  5099, 34288,20190227,   10,    0
  5099, 34288,20190228,    0,    0
  5099, 34288,20190301,    0,    0
  5099, 34288,20190302,   -7,    0
  5099, 34288,20190303,   34,    0
  5099, 34288,20190304,   21,    0
  5099, 34288,20190305,  -21,    0
  5099, 34288,20190306,  -17,    0
  5099, 34288,20190307,    8,    0
  5099, 34288,20190308,   -4,    0
  5099, 34288,20190309,  -17,    0
  5099, 34288,20190310,  -63,    0
  5099, 34288,20190311,  -69,    0
  5099, 34288,20190312,  -50,    0
  5099, 34288,20190313,    8,    0
  5099, 34288,20190314,  -15,    0
  5099, 34288,20190315,   -3,    0
  5099, 34288,20190316,   -1,    0
  5099, 34288,20190317,   13,    0
  5099, 34288,20190318,   14,    0
  5099, 34288,20190319,    6,    0
  5099, 34288,20190320,   59,    0
  5099, 34288,20190321,   69,    0
  5099, 34288,20190322,   22,    0
  5099, 34288,20190323,   58,    0
  5099, 34288,20190324,   33,    0
  5099, 34288,20190325,   22,    0
  5099, 34288,20190326,   22,    0
  5099, 34288,20190327,   40,    0
  5099, 34288,20190328,   71,    0
  5099, 34288,20190329,   83,    0
  5099, 34288,20190330,   52,    0
  5099, 34288,20190331,   19,    0
  5099, 34288,20190401,   -2,    0
  5099, 34288,20190402,   37,    0
  5099, 34288,20190403,   28,    0
  5099, 34288,20190404,   60,    0
  5099, 34288,20190405,   55,    0
  5099, 34288,20190406,   50,    0
  5099, 34288,20190407,   48,    0
  5099, 34288,20190408,   32,    0
  5099, 34288,20190409,   10,    0
  5099, 34288,20190410,   12,    0
  5099, 34288,20190411,    2,    0
  5099, 34288,20190412,    7,    0
  5099, 34288,20190413,   20,    0
  5099, 34288,20190414,   24,    0
  5099, 34288,20190415,   33,    0
  5099, 34288,20190416,   34,    0
  5099, 34288,20190417,   52,    0
  5099, 34288,20190418,   80,    0
  5099, 34288,20190419,   92,    0
  5099, 34288,20190420,   94,    0
  5099, 34288,20190421,  104,    0
  5099, 34288,20190422,  105,    0
  5099, 34288,20190423,  109,    0
  5099, 34288,20190424,  133,    0
  5099, 34288,20190425,  140,    0
  5099, 34288,20190426,  146,    0
  5099, 34288,20190427,  143,    0
  5099, 34288,20190428,  136,    0
  5099, 34288,20190429,  134,    0
  5099, 34288,20190430,  151,    0
