EUROPEAN CLIMATE ASSESSMENT & DATASET (ECA&D), file created on: 13-05-2019
THESE DATA CAN BE USED FOR NON-COMMERCIAL RESEARCH AND EDUCATION PROVIDED THAT THE FOLLOWING SOURCE IS ACKNOWLEDGED: 

Klein Tank, A.M.G. and Coauthors, 2002. Daily dataset of 20th-century surface
air temperature and precipitation series for the European Climate Assessment.
Int. J. of Climatol., 22, 1441-1453.
Data and metadata available at http://www.ecad.eu

FILE FORMAT (MISSING VALUE CODE = -9999):

01-06 STAID: Station identifier
08-13 SOUID: Source identifier
15-22 DATE : Date YYYYMMDD
24-28 TG   : Mean temperature in 0.1 &#176;C
30-34 Q_TG : quality code for TG (0='valid'; 1='suspect'; 9='missing')

This is the blended series of station PLJEVLJA, MONTENEGRO (STAID: 11375)
Blended and updated with sources:75530 913363 
See files sources.txt and stations.txt for more info.

STAID, SOUID,    DATE,   TG, Q_TG
 11375, 75530,20160701,  222,    0
 11375, 75530,20160702,  215,    0
 11375, 75530,20160703,  216,    0
 11375, 75530,20160704,  177,    0
 11375, 75530,20160705,  189,    0
 11375, 75530,20160706,  193,    0
 11375, 75530,20160707,  194,    0
 11375, 75530,20160708,  179,    0
 11375, 75530,20160709,  204,    0
 11375,913363,20160710,  216,    0
 11375, 75530,20160711,  218,    0
 11375, 75530,20160712,  231,    0
 11375, 75530,20160713,  241,    0
 11375, 75530,20160714,  230,    0
 11375, 75530,20160715,  167,    0
 11375, 75530,20160716,  146,    0
 11375, 75530,20160717,  150,    0
 11375, 75530,20160718,  184,    0
 11375, 75530,20160719,  168,    0
 11375, 75530,20160720,  185,    0
 11375,913363,20160721,  191,    0
 11375, 75530,20160722,  214,    0
 11375, 75530,20160723,  235,    0
 11375, 75530,20160724,  231,    0
 11375, 75530,20160725,  204,    0
 11375, 75530,20160726,  201,    0
 11375, 75530,20160727,  227,    0
 11375, 75530,20160728,  226,    0
 11375, 75530,20160729,  217,    0
 11375, 75530,20160730,  226,    0
 11375, 75530,20160731,  219,    0
 11375, 75530,20160801,  210,    0
 11375, 75530,20160802,  190,    0
 11375, 75530,20160803,  193,    0
 11375, 75530,20160804,  192,    0
 11375, 75530,20160805,  231,    0
 11375, 75530,20160806,  168,    0
 11375, 75530,20160807,  158,    0
 11375, 75530,20160808,  183,    0
 11375, 75530,20160809,  202,    0
 11375, 75530,20160810,  217,    0
 11375, 75530,20160811,  165,    0
 11375, 75530,20160812,  148,    0
 11375, 75530,20160813,  130,    0
 11375, 75530,20160814,  157,    0
 11375, 75530,20160815,  188,    0
 11375, 75530,20160816,  198,    0
 11375, 75530,20160817,  199,    0
 11375, 75530,20160818,  199,    0
 11375, 75530,20160819,  199,    0
 11375, 75530,20160820,  131,    0
 11375, 75530,20160821,  215,    0
 11375, 75530,20160822,  168,    0
 11375,913363,20160823,  134,    0
 11375, 75530,20160824,  162,    0
 11375, 75530,20160825,  188,    0
 11375, 75530,20160826,  203,    0
 11375, 75530,20160827,  194,    0
 11375, 75530,20160828,  192,    0
 11375, 75530,20160829,  195,    0
 11375, 75530,20160830,  198,    0
 11375,913363,20160831,  205,    0
 11375, 75530,20160901,  193,    0
 11375, 75530,20160902,  185,    0
 11375, 75530,20160903,  172,    0
 11375, 75530,20160904,  180,    0
 11375, 75530,20160905,  161,    0
 11375, 75530,20160906,  136,    0
 11375, 75530,20160907,  162,    0
 11375, 75530,20160908,  186,    0
 11375, 75530,20160909,  172,    0
 11375, 75530,20160910,  188,    0
 11375, 75530,20160911,  183,    0
 11375, 75530,20160912,  200,    0
 11375, 75530,20160913,  190,    0
 11375, 75530,20160914,  181,    0
 11375, 75530,20160915,  177,    0
 11375, 75530,20160916,  191,    0
 11375, 75530,20160917,  189,    0
 11375, 75530,20160918,  160,    0
 11375, 75530,20160919,  161,    0
 11375, 75530,20160920,  133,    0
 11375, 75530,20160921,  132,    0
 11375, 75530,20160922,  128,    0
 11375, 75530,20160923,  116,    0
 11375, 75530,20160924,  113,    0
 11375, 75530,20160925,  106,    0
 11375, 75530,20160926,  120,    0
 11375, 75530,20160927,  110,    0
 11375, 75530,20160928,  123,    0
 11375, 75530,20160929,  132,    0
 11375, 75530,20160930,  142,    0
 11375, 75530,20161001,  145,    0
 11375, 75530,20161002,  149,    0
 11375, 75530,20161003,  173,    0
 11375, 75530,20161004,  134,    0
 11375, 75530,20161005,   71,    0
 11375, 75530,20161006,  -28,    0
 11375, 75530,20161007,   69,    0
 11375, 75530,20161008,   80,    0
 11375, 75530,20161009,   66,    0
 11375, 75530,20161010,   84,    0
 11375, 75530,20161011,   86,    0
 11375, 75530,20161012,   65,    0
 11375, 75530,20161013,   76,    0
 11375, 75530,20161014,  125,    0
 11375, 75530,20161015,  157,    0
 11375, 75530,20161016,  132,    0
 11375, 75530,20161017,  133,    0
 11375, 75530,20161018,  100,    0
 11375, 75530,20161019,  109,    0
 11375, 75530,20161020,  109,    0
 11375, 75530,20161021,  136,    0
 11375, 75530,20161022,  142,    0
 11375, 75530,20161023,   94,    0
 11375, 75530,20161024,  136,    0
 11375, 75530,20161025,  142,    0
 11375, 75530,20161026,  133,    0
 11375, 75530,20161027,  107,    0
 11375, 75530,20161028,   62,    0
 11375, 75530,20161029,   62,    0
 11375, 75530,20161030,   94,    0
 11375, 75530,20161031,   56,    0
 11375, 75530,20161101,   46,    0
 11375, 75530,20161102,   76,    0
 11375, 75530,20161103,  107,    0
 11375, 75530,20161104,   22,    0
 11375, 75530,20161105,   79,    0
 11375, 75530,20161106,  165,    0
 11375, 75530,20161107,  155,    0
 11375, 75530,20161108,   73,    0
 11375, 75530,20161109,   52,    0
 11375, 75530,20161110,   33,    0
 11375, 75530,20161111,   66,    0
 11375, 75530,20161112,   65,    0
 11375, 75530,20161113,   36,    0
 11375, 75530,20161114,    9,    0
 11375, 75530,20161115,   -2,    0
 11375, 75530,20161116,  -11,    0
 11375, 75530,20161117,   65,    0
 11375, 75530,20161118,   67,    0
 11375, 75530,20161119,   87,    0
 11375, 75530,20161120,  104,    0
 11375, 75530,20161121,   87,    0
 11375,913363,20161122,   78,    0
 11375, 75530,20161123,   70,    0
 11375, 75530,20161124,   61,    0
 11375, 75530,20161125,   29,    0
 11375, 75530,20161126,   71,    0
 11375, 75530,20161127,   58,    0
 11375, 75530,20161128,   30,    0
 11375, 75530,20161129,  -29,    0
 11375, 75530,20161130,  -22,    0
 11375, 75530,20161201,  -13,    0
 11375, 75530,20161202,   24,    0
 11375, 75530,20161203,   14,    0
 11375, 75530,20161204,   -9,    0
 11375, 75530,20161205,  -18,    0
 11375, 75530,20161206,   13,    0
 11375, 75530,20161207,  -18,    0
 11375, 75530,20161208,  -25,    0
 11375, 75530,20161209,    5,    0
 11375, 75530,20161210,    1,    0
 11375, 75530,20161211,   11,    0
 11375, 75530,20161212,  -13,    0
 11375, 75530,20161213,    3,    0
 11375, 75530,20161214,  -59,    0
 11375, 75530,20161215,  -28,    0
 11375, 75530,20161216,   -2,    0
 11375, 75530,20161217,  -31,    0
 11375, 75530,20161218,  -31,    0
 11375, 75530,20161219,  -21,    0
 11375, 75530,20161220,  -24,    0
 11375, 75530,20161221,  -22,    0
 11375, 75530,20161222,  -22,    0
 11375, 75530,20161223,  -14,    0
 11375, 75530,20161224,    4,    0
 11375, 75530,20161225,  -16,    0
 11375, 75530,20161226,   18,    0
 11375, 75530,20161227,   28,    0
 11375,913363,20161228,    7,    0
 11375, 75530,20161229,  -32,    0
 11375, 75530,20161230,  -35,    0
 11375, 75530,20161231,  -55,    0
 11375, 75530,20170101,  -72,    0
 11375, 75530,20170102,  -46,    0
 11375, 75530,20170103,  -27,    0
 11375, 75530,20170104,  -37,    0
 11375, 75530,20170105,  -39,    0
 11375, 75530,20170106,  -99,    0
 11375, 75530,20170107, -136,    0
 11375, 75530,20170108, -183,    0
 11375, 75530,20170109, -166,    0
 11375, 75530,20170110, -173,    0
 11375, 75530,20170111, -160,    0
 11375, 75530,20170112, -136,    0
 11375, 75530,20170113,  -26,    0
 11375, 75530,20170114,    6,    0
 11375, 75530,20170115,-9999,    9
 11375, 75530,20170116,  -59,    0
 11375, 75530,20170117,  -26,    0
 11375, 75530,20170118,  -38,    0
 11375, 75530,20170119,  -51,    0
 11375, 75530,20170120,  -33,    0
 11375, 75530,20170121,  -33,    0
 11375, 75530,20170122,  -56,    0
 11375, 75530,20170123,  -64,    0
 11375, 75530,20170124,  -46,    0
 11375,913363,20170125,  -42,    0
 11375, 75530,20170126,  -39,    0
 11375, 75530,20170127,  -67,    0
 11375, 75530,20170128,  -60,    0
 11375, 75530,20170129,  -47,    0
 11375, 75530,20170130,  -37,    0
 11375, 75530,20170131,  -18,    0
 11375, 75530,20170201,   29,    0
 11375, 75530,20170202,   46,    0
 11375, 75530,20170203,   89,    0
 11375, 75530,20170204,   79,    0
 11375, 75530,20170205,   74,    0
 11375, 75530,20170206,  110,    0
 11375, 75530,20170207,   29,    0
 11375, 75530,20170208,   16,    0
 11375, 75530,20170209,   25,    0
 11375, 75530,20170210,   28,    0
 11375, 75530,20170211,   53,    0
 11375, 75530,20170212,   33,    0
 11375, 75530,20170213,   -2,    0
 11375, 75530,20170214,   15,    0
 11375, 75530,20170215,   22,    0
 11375, 75530,20170216,   48,    0
 11375, 75530,20170217,-9999,    9
 11375, 75530,20170218,   44,    0
 11375, 75530,20170219,   18,    0
 11375, 75530,20170220,    5,    0
 11375, 75530,20170221,    2,    0
 11375, 75530,20170222,   63,    0
 11375, 75530,20170223,   57,    0
 11375, 75530,20170224,   86,    0
 11375, 75530,20170225,   20,    0
 11375, 75530,20170226,   39,    0
 11375, 75530,20170227,   78,    0
 11375, 75530,20170228,   85,    0
 11375, 75530,20170301,  105,    0
 11375, 75530,20170302,   63,    0
 11375, 75530,20170303,   54,    0
 11375, 75530,20170304,   68,    0
 11375, 75530,20170305,  112,    0
 11375, 75530,20170306,   68,    0
 11375, 75530,20170307,   76,    0
 11375, 75530,20170308,   25,    0
 11375, 75530,20170309,   62,    0
 11375, 75530,20170310,   51,    0
 11375, 75530,20170311,   30,    0
 11375, 75530,20170312,   22,    0
 11375, 75530,20170313,   14,    0
 11375, 75530,20170314,   48,    0
 11375, 75530,20170315,   51,    0
 11375, 75530,20170316,   75,    0
 11375, 75530,20170317,   74,    0
 11375, 75530,20170318,   72,    0
 11375, 75530,20170319,  114,    0
 11375, 75530,20170320,  110,    0
 11375, 75530,20170321,  118,    0
 11375, 75530,20170322,  119,    0
 11375, 75530,20170323,  115,    0
 11375,913363,20170324,  116,    0
 11375,913363,20170325,  128,    0
 11375, 75530,20170326,   45,    0
 11375, 75530,20170327,   35,    0
 11375, 75530,20170328,   60,    0
 11375, 75530,20170329,   79,    0
 11375, 75530,20170330,   81,    0
 11375, 75530,20170331,  121,    0
 11375, 75530,20170401,  107,    0
 11375, 75530,20170402,  114,    0
 11375, 75530,20170403,   92,    0
 11375, 75530,20170404,   85,    0
 11375, 75530,20170405,   96,    0
 11375, 75530,20170406,   73,    0
 11375, 75530,20170407,   38,    0
 11375, 75530,20170408,   74,    0
 11375, 75530,20170409,   93,    0
 11375, 75530,20170410,  102,    0
 11375, 75530,20170411,  121,    0
 11375, 75530,20170412,  117,    0
 11375, 75530,20170413,  113,    0
 11375, 75530,20170414,  126,    0
 11375, 75530,20170415,  144,    0
 11375, 75530,20170416,  104,    0
 11375, 75530,20170417,   63,    0
 11375, 75530,20170418,   56,    0
 11375, 75530,20170419,   24,    0
 11375, 75530,20170420,   -3,    0
 11375, 75530,20170421,   10,    0
 11375, 75530,20170422,   16,    0
 11375, 75530,20170423,   22,    0
 11375, 75530,20170424,   75,    0
 11375, 75530,20170425,   82,    0
 11375, 75530,20170426,  104,    0
 11375, 75530,20170427,  155,    0
 11375, 75530,20170428,  169,    0
 11375, 75530,20170429,  137,    0
 11375, 75530,20170430,   74,    0
 11375, 75530,20170501,  142,    0
 11375, 75530,20170502,  151,    0
 11375, 75530,20170503,  143,    0
 11375, 75530,20170504,  147,    0
 11375, 75530,20170505,  109,    0
 11375, 75530,20170506,  139,    0
 11375, 75530,20170507,  128,    0
 11375, 75530,20170508,  125,    0
 11375, 75530,20170509,  106,    0
 11375, 75530,20170510,  107,    0
 11375, 75530,20170511,  113,    0
 11375, 75530,20170512,  179,    0
 11375, 75530,20170513,  175,    0
 11375, 75530,20170514,  148,    0
 11375, 75530,20170515,  143,    0
 11375, 75530,20170516,  150,    0
 11375, 75530,20170517,  133,    0
 11375, 75530,20170518,  146,    0
 11375, 75530,20170519,  153,    0
 11375, 75530,20170520,  170,    0
 11375, 75530,20170521,  141,    0
 11375, 75530,20170522,  154,    0
 11375, 75530,20170523,  161,    0
 11375, 75530,20170524,  167,    0
 11375, 75530,20170525,  115,    0
 11375, 75530,20170526,  114,    0
 11375, 75530,20170527,  145,    0
 11375, 75530,20170528,  156,    0
 11375, 75530,20170529,  151,    0
 11375, 75530,20170530,  175,    0
 11375, 75530,20170531,  191,    0
 11375, 75530,20170601,  197,    0
 11375, 75530,20170602,  198,    0
 11375, 75530,20170603,  177,    0
 11375, 75530,20170604,  201,    0
 11375, 75530,20170605,  203,    0
 11375, 75530,20170606,  208,    0
 11375, 75530,20170607,  199,    0
 11375, 75530,20170608,  169,    0
 11375, 75530,20170609,  151,    0
 11375, 75530,20170610,  165,    0
 11375, 75530,20170611,  173,    0
 11375, 75530,20170612,  181,    0
 11375, 75530,20170613,  204,    0
 11375, 75530,20170614,  218,    0
 11375, 75530,20170615,  210,    0
 11375, 75530,20170616,  181,    0
 11375, 75530,20170617,  167,    0
 11375, 75530,20170618,  127,    0
 11375, 75530,20170619,  180,    0
 11375, 75530,20170620,  184,    0
 11375, 75530,20170621,  196,    0
 11375, 75530,20170622,  209,    0
 11375, 75530,20170623,  222,    0
 11375, 75530,20170624,  236,    0
 11375, 75530,20170625,  234,    0
 11375, 75530,20170626,  225,    0
 11375, 75530,20170627,  239,    0
 11375, 75530,20170628,  226,    0
 11375, 75530,20170629,  247,    0
 11375, 75530,20170630,  221,    0
 11375, 75530,20170701,  247,    0
 11375, 75530,20170702,  193,    0
 11375, 75530,20170703,  166,    0
 11375, 75530,20170704,  175,    0
 11375, 75530,20170705,  178,    0
 11375,913363,20170706,  206,    0
 11375, 75530,20170707,  218,    0
 11375, 75530,20170708,  232,    0
 11375, 75530,20170709,  235,    0
 11375, 75530,20170710,  247,    0
 11375, 75530,20170711,  245,    0
 11375, 75530,20170712,  225,    0
 11375, 75530,20170713,  200,    0
 11375, 75530,20170714,  195,    0
 11375, 75530,20170715,  162,    0
 11375, 75530,20170716,  156,    0
 11375, 75530,20170717,  158,    0
 11375, 75530,20170718,  183,    0
 11375, 75530,20170719,  203,    0
 11375, 75530,20170720,  220,    0
 11375, 75530,20170721,  224,    0
 11375, 75530,20170722,  235,    0
 11375, 75530,20170723,  234,    0
 11375, 75530,20170724,  241,    0
 11375, 75530,20170725,  186,    0
 11375, 75530,20170726,  191,    0
 11375, 75530,20170727,  155,    0
 11375, 75530,20170728,  184,    0
 11375, 75530,20170729,  210,    0
 11375,913363,20170730,  226,    0
 11375, 75530,20170731,  234,    0
 11375, 75530,20170801,  243,    0
 11375, 75530,20170802,  239,    0
 11375, 75530,20170803,  240,    0
 11375, 75530,20170804,  255,    0
 11375, 75530,20170805,  261,    0
 11375, 75530,20170806,  258,    0
 11375, 75530,20170807,  224,    0
 11375, 75530,20170808,  266,    0
 11375, 75530,20170809,  258,    0
 11375, 75530,20170810,  252,    0
 11375, 75530,20170811,-9999,    9
 11375, 75530,20170812,  217,    0
 11375, 75530,20170813,  154,    0
 11375, 75530,20170814,  177,    0
 11375, 75530,20170815,  191,    0
 11375, 75530,20170816,  208,    0
 11375, 75530,20170817,  211,    0
 11375, 75530,20170818,  213,    0
 11375, 75530,20170819,  227,    0
 11375, 75530,20170820,  196,    0
 11375, 75530,20170821,-9999,    9
 11375, 75530,20170822,  137,    0
 11375, 75530,20170823,  147,    0
 11375, 75530,20170824,  176,    0
 11375, 75530,20170825,  204,    0
 11375, 75530,20170826,  211,    0
 11375, 75530,20170827,  214,    0
 11375, 75530,20170828,  198,    0
 11375, 75530,20170829,  187,    0
 11375, 75530,20170830,  179,    0
 11375, 75530,20170831,  196,    0
 11375, 75530,20170901,  216,    0
 11375, 75530,20170902,  215,    0
 11375, 75530,20170903,  167,    0
 11375, 75530,20170904,  155,    0
 11375, 75530,20170905,  154,    0
 11375, 75530,20170906,  145,    0
 11375, 75530,20170907,  172,    0
 11375, 75530,20170908,  195,    0
 11375, 75530,20170909,  169,    0
 11375, 75530,20170910,  172,    0
 11375, 75530,20170911,  205,    0
 11375, 75530,20170912,  187,    0
 11375, 75530,20170913,  192,    0
 11375, 75530,20170914,  173,    0
 11375, 75530,20170915,  166,    0
 11375, 75530,20170916,  179,    0
 11375, 75530,20170917,  199,    0
 11375, 75530,20170918,  181,    0
 11375, 75530,20170919,  132,    0
 11375, 75530,20170920,  139,    0
 11375, 75530,20170921,   88,    0
 11375, 75530,20170922,   94,    0
 11375, 75530,20170923,  129,    0
 11375, 75530,20170924,  136,    0
 11375, 75530,20170925,  123,    0
 11375, 75530,20170926,  135,    0
 11375, 75530,20170927,  130,    0
 11375, 75530,20170928,  123,    0
 11375,913363,20170929,  107,    0
 11375, 75530,20170930,  113,    0
 11375, 75530,20171001,  120,    0
 11375, 75530,20171002,  139,    0
 11375, 75530,20171003,  139,    0
 11375, 75530,20171004,  136,    0
 11375, 75530,20171005,  148,    0
 11375, 75530,20171006,  106,    0
 11375, 75530,20171007,   34,    0
 11375, 75530,20171008,   82,    0
 11375, 75530,20171009,   95,    0
 11375, 75530,20171010,  107,    0
 11375, 75530,20171011,  123,    0
 11375, 75530,20171012,  125,    0
 11375, 75530,20171013,  117,    0
 11375, 75530,20171014,  104,    0
 11375, 75530,20171015,  131,    0
 11375, 75530,20171016,  145,    0
 11375, 75530,20171017,  160,    0
 11375, 75530,20171018,  153,    0
 11375, 75530,20171019,  134,    0
 11375, 75530,20171020,  128,    0
 11375, 75530,20171021,  122,    0
 11375, 75530,20171022,  106,    0
 11375, 75530,20171023,   86,    0
 11375, 75530,20171024,   46,    0
 11375, 75530,20171025,   76,    0
 11375, 75530,20171026,   89,    0
 11375, 75530,20171027,   75,    0
 11375, 75530,20171028,   68,    0
 11375, 75530,20171029,   71,    0
 11375, 75530,20171030,   59,    0
 11375, 75530,20171031,   22,    0
 11375, 75530,20171101,   42,    0
 11375, 75530,20171102,   65,    0
 11375, 75530,20171103,   33,    0
 11375, 75530,20171104,   92,    0
 11375, 75530,20171105,   58,    0
 11375, 75530,20171106,   72,    0
 11375, 75530,20171107,  102,    0
 11375, 75530,20171108,   99,    0
 11375, 75530,20171109,   84,    0
 11375, 75530,20171110,   70,    0
 11375, 75530,20171111,   92,    0
 11375, 75530,20171112,   87,    0
 11375, 75530,20171113,  110,    0
 11375, 75530,20171114,   20,    0
 11375, 75530,20171115,   18,    0
 11375, 75530,20171116,   33,    0
 11375, 75530,20171117,   43,    0
 11375, 75530,20171118,   50,    0
 11375, 75530,20171119,   47,    0
 11375, 75530,20171120,   14,    0
 11375, 75530,20171121,   21,    0
 11375, 75530,20171122,   34,    0
 11375, 75530,20171123,    4,    0
 11375, 75530,20171124,   43,    0
 11375, 75530,20171125,   12,    0
 11375, 75530,20171126,   66,    0
 11375, 75530,20171127,   -2,    0
 11375, 75530,20171128,  -16,    0
 11375, 75530,20171129,   -4,    0
 11375, 75530,20171130,   79,    0
 11375, 75530,20171201,   60,    0
 11375, 75530,20171202,   17,    0
 11375, 75530,20171203,    6,    0
 11375, 75530,20171204,   -8,    0
 11375, 75530,20171205,  -19,    0
 11375, 75530,20171206,    6,    0
 11375, 75530,20171207,  -35,    0
 11375, 75530,20171208,  -14,    0
 11375, 75530,20171209,   68,    0
 11375, 75530,20171210,  -26,    0
 11375, 75530,20171211,   56,    0
 11375, 75530,20171212,  118,    0
 11375, 75530,20171213,  110,    0
 11375, 75530,20171214,   42,    0
 11375, 75530,20171215,   89,    0
 11375, 75530,20171216,   80,    0
 11375, 75530,20171217,   11,    0
 11375, 75530,20171218,  -12,    0
 11375, 75530,20171219,  -17,    0
 11375, 75530,20171220,  -42,    0
 11375, 75530,20171221,  -32,    0
 11375, 75530,20171222,  -67,    0
 11375, 75530,20171223,    7,    0
 11375, 75530,20171224,   49,    0
 11375, 75530,20171225,   -8,    0
 11375, 75530,20171226,    8,    0
 11375, 75530,20171227,   76,    0
 11375, 75530,20171228,   68,    0
 11375, 75530,20171229,    4,    0
 11375, 75530,20171230,    2,    0
 11375, 75530,20171231,  -11,    0
 11375, 75530,20180101,  -14,    0
 11375, 75530,20180102,   38,    0
 11375, 75530,20180103,   43,    0
 11375, 75530,20180104,   26,    0
 11375, 75530,20180105,   40,    0
 11375, 75530,20180106,    0,    0
 11375, 75530,20180107,   61,    0
 11375, 75530,20180108,   63,    0
 11375, 75530,20180109,   71,    0
 11375, 75530,20180110,   83,    0
 11375, 75530,20180111,   47,    0
 11375, 75530,20180112,   28,    0
 11375, 75530,20180113,   33,    0
 11375, 75530,20180114,   14,    0
 11375, 75530,20180115,    7,    0
 11375, 75530,20180116,   43,    0
 11375, 75530,20180117,   78,    0
 11375, 75530,20180118,   18,    0
 11375, 75530,20180119,   23,    0
 11375, 75530,20180120,   14,    0
 11375, 75530,20180121,   -9,    0
 11375, 75530,20180122,-9999,    9
 11375, 75530,20180123,  -47,    0
 11375, 75530,20180124,   26,    0
 11375, 75530,20180125,   -7,    0
 11375, 75530,20180126,    0,    0
 11375, 75530,20180127,   12,    0
 11375, 75530,20180128,   12,    0
 11375, 75530,20180129,   23,    0
 11375, 75530,20180130,   37,    0
 11375, 75530,20180131,   39,    0
 11375, 75530,20180201,   45,    0
 11375, 75530,20180202,   40,    0
 11375, 75530,20180203,   90,    0
 11375, 75530,20180204,   32,    0
 11375, 75530,20180205,   38,    0
 11375, 75530,20180206,    2,    0
 11375, 75530,20180207,   44,    0
 11375, 75530,20180208,   76,    0
 11375, 75530,20180209,   53,    0
 11375, 75530,20180210,    1,    0
 11375, 75530,20180211,   -1,    0
 11375, 75530,20180212,  -12,    0
 11375, 75530,20180213,   11,    0
 11375, 75530,20180214,   14,    0
 11375, 75530,20180215,  -10,    0
 11375, 75530,20180216,   28,    0
 11375, 75530,20180217,   58,    0
 11375, 75530,20180218,   40,    0
 11375, 75530,20180219,    4,    0
 11375, 75530,20180220,   10,    0
 11375, 75530,20180221,   15,    0
 11375, 75530,20180222,   53,    0
 11375, 75530,20180223,   53,    0
 11375, 75530,20180224,   20,    0
 11375, 75530,20180225,  -45,    0
 11375, 75530,20180226,  -64,    0
 11375, 75530,20180227,  -88,    0
 11375, 75530,20180228,  -70,    0
 11375, 75530,20180301,  -92,    0
 11375, 75530,20180302,   47,    0
 11375, 75530,20180303,   59,    0
 11375, 75530,20180304,   52,    0
 11375, 75530,20180305,   90,    0
 11375, 75530,20180306,-9999,    9
 11375, 75530,20180307,   78,    0
 11375, 75530,20180308,   77,    0
 11375, 75530,20180309,   56,    0
 11375, 75530,20180310,   69,    0
 11375, 75530,20180311,   91,    0
 11375, 75530,20180312,  122,    0
 11375, 75530,20180313,   93,    0
 11375, 75530,20180314,   73,    0
 11375, 75530,20180315,   93,    0
 11375, 75530,20180316,  105,    0
 11375, 75530,20180317,  130,    0
 11375, 75530,20180318,   97,    0
 11375, 75530,20180319,   78,    0
 11375, 75530,20180320,   72,    0
 11375, 75530,20180321,  -10,    0
 11375, 75530,20180322,  -19,    0
 11375, 75530,20180323,  -28,    0
 11375, 75530,20180324,    0,    0
 11375, 75530,20180325,   12,    0
 11375, 75530,20180326,-9999,    9
 11375, 75530,20180327,   46,    0
 11375, 75530,20180328,   50,    0
 11375, 75530,20180329,   61,    0
 11375, 75530,20180330,   89,    0
 11375, 75530,20180331,  126,    0
 11375, 75530,20180401,   80,    0
 11375, 75530,20180402,   82,    0
 11375, 75530,20180403,   94,    0
 11375, 75530,20180404,  113,    0
 11375, 75530,20180405,  115,    0
 11375, 75530,20180406,   77,    0
 11375, 75530,20180407,  129,    0
 11375, 75530,20180408,  137,    0
 11375, 75530,20180409,  125,    0
 11375, 75530,20180410,  147,    0
 11375, 75530,20180411,  116,    0
 11375, 75530,20180412,  141,    0
 11375, 75530,20180413,  162,    0
 11375, 75530,20180414,  149,    0
 11375, 75530,20180415,  153,    0
 11375, 75530,20180416,  155,    0
 11375, 75530,20180417,  109,    0
 11375, 75530,20180418,  124,    0
 11375, 75530,20180419,  154,    0
 11375, 75530,20180420,  119,    0
 11375, 75530,20180421,  128,    0
 11375, 75530,20180422,  148,    0
 11375, 75530,20180423,  158,    0
 11375, 75530,20180424,  163,    0
 11375, 75530,20180425,  170,    0
 11375, 75530,20180426,  167,    0
 11375, 75530,20180427,  168,    0
 11375, 75530,20180428,  167,    0
 11375, 75530,20180429,  187,    0
 11375, 75530,20180430,  177,    0
 11375, 75530,20180501,  174,    0
 11375, 75530,20180502,  171,    0
 11375, 75530,20180503,  156,    0
 11375, 75530,20180504,  174,    0
 11375, 75530,20180505,  166,    0
 11375, 75530,20180506,  156,    0
 11375, 75530,20180507,  174,    0
 11375, 75530,20180508,  280,    0
 11375, 75530,20180509,  163,    0
 11375, 75530,20180510,  157,    0
 11375, 75530,20180511,  160,    0
 11375, 75530,20180512,  160,    0
 11375, 75530,20180513,  173,    0
 11375, 75530,20180514,  151,    0
 11375, 75530,20180515,  156,    0
 11375, 75530,20180516,  125,    0
 11375, 75530,20180517,  116,    0
 11375, 75530,20180518,  129,    0
 11375, 75530,20180519,  151,    0
 11375, 75530,20180520,  141,    0
 11375, 75530,20180521,  165,    0
 11375, 75530,20180522,  175,    0
 11375, 75530,20180523,  182,    0
 11375, 75530,20180524,  177,    0
 11375, 75530,20180525,  185,    0
 11375, 75530,20180526,  182,    0
 11375, 75530,20180527,  195,    0
 11375, 75530,20180528,  194,    0
 11375, 75530,20180529,  190,    0
 11375, 75530,20180530,  189,    0
 11375, 75530,20180531,  200,    0
 11375, 75530,20180601,  197,    0
 11375, 75530,20180602,  205,    0
 11375, 75530,20180603,  203,    0
 11375, 75530,20180604,  194,    0
 11375, 75530,20180605,  202,    0
 11375, 75530,20180606,  194,    0
 11375, 75530,20180607,  212,    0
 11375, 75530,20180608,  225,    0
 11375, 75530,20180609,  193,    0
 11375, 75530,20180610,  188,    0
 11375, 75530,20180611,  214,    0
 11375, 75530,20180612,  227,    0
 11375, 75530,20180613,  201,    0
 11375, 75530,20180614,  176,    0
 11375, 75530,20180615,  150,    0
 11375, 75530,20180616,  174,    0
 11375, 75530,20180617,  190,    0
 11375, 75530,20180618,  196,    0
 11375, 75530,20180619,  190,    0
 11375, 75530,20180620,  217,    0
 11375, 75530,20180621,  218,    0
 11375, 75530,20180622,  191,    0
 11375, 75530,20180623,  130,    0
 11375, 75530,20180624,  110,    0
 11375, 75530,20180625,  118,    0
 11375, 75530,20180626,  147,    0
 11375, 75530,20180627,  128,    0
 11375, 75530,20180628,  152,    0
 11375, 75530,20180629,  146,    0
 11375, 75530,20180630,  193,    0
 11375, 75530,20180701,  178,    0
 11375, 75530,20180702,  214,    0
 11375, 75530,20180703,  216,    0
 11375, 75530,20180704,  225,    0
 11375, 75530,20180705,  222,    0
 11375, 75530,20180706,  204,    0
 11375, 75530,20180707,  183,    0
 11375, 75530,20180708,  197,    0
 11375, 75530,20180709,  160,    0
 11375, 75530,20180710,  179,    0
 11375, 75530,20180711,  203,    0
 11375, 75530,20180712,  220,    0
 11375, 75530,20180713,  202,    0
 11375, 75530,20180714,  209,    0
 11375, 75530,20180715,  182,    0
 11375, 75530,20180716,  211,    0
 11375, 75530,20180717,  194,    0
 11375, 75530,20180718,  198,    0
 11375, 75530,20180719,  195,    0
 11375, 75530,20180720,  214,    0
 11375, 75530,20180721,  209,    0
 11375, 75530,20180722,  217,    0
 11375, 75530,20180723,  179,    0
 11375, 75530,20180724,  192,    0
 11375, 75530,20180725,  209,    0
 11375, 75530,20180726,  196,    0
 11375, 75530,20180727,  218,    0
 11375, 75530,20180728,  203,    0
 11375, 75530,20180729,  206,    0
 11375, 75530,20180730,  216,    0
 11375,913363,20180731,  226,    0
 11375, 75530,20180801,  225,    0
 11375, 75530,20180802,  224,    0
 11375, 75530,20180803,  228,    0
 11375, 75530,20180804,  222,    0
 11375, 75530,20180805,  209,    0
 11375, 75530,20180806,  206,    0
 11375,913363,20180807,  221,    0
 11375, 75530,20180808,  222,    0
 11375, 75530,20180809,  231,    0
 11375,913363,20180810,  243,    0
 11375, 75530,20180811,  226,    0
 11375, 75530,20180812,  228,    0
 11375, 75530,20180813,  218,    0
 11375, 75530,20180814,  226,    0
 11375, 75530,20180815,  192,    0
 11375, 75530,20180816,  203,    0
 11375, 75530,20180817,  217,    0
 11375, 75530,20180818,  212,    0
 11375, 75530,20180819,  208,    0
 11375, 75530,20180820,  199,    0
 11375, 75530,20180821,  201,    0
 11375, 75530,20180822,  213,    0
 11375, 75530,20180823,  214,    0
 11375, 75530,20180824,  201,    0
 11375, 75530,20180825,  202,    0
 11375, 75530,20180826,  207,    0
 11375, 75530,20180827,  150,    0
 11375, 75530,20180828,  164,    0
 11375, 75530,20180829,  194,    0
 11375, 75530,20180830,  221,    0
 11375, 75530,20180831,  216,    0
 11375, 75530,20180901,  205,    0
 11375, 75530,20180902,  197,    0
 11375, 75530,20180903,  191,    0
 11375, 75530,20180904,  171,    0
 11375, 75530,20180905,  175,    0
 11375, 75530,20180906,  188,    0
 11375, 75530,20180907,  185,    0
 11375, 75530,20180908,  178,    0
 11375, 75530,20180909,  286,    0
 11375, 75530,20180910,  173,    0
 11375, 75530,20180911,  148,    0
 11375, 75530,20180912,  172,    0
 11375, 75530,20180913,  179,    0
 11375, 75530,20180914,  176,    0
 11375, 75530,20180915,  180,    0
 11375, 75530,20180916,  142,    0
 11375, 75530,20180917,  155,    0
 11375, 75530,20180918,  172,    0
 11375, 75530,20180919,  184,    0
 11375, 75530,20180920,  197,    0
 11375, 75530,20180921,  196,    0
 11375, 75530,20180922,  195,    0
 11375, 75530,20180923,  213,    0
 11375, 75530,20180924,  177,    0
 11375, 75530,20180925,   82,    0
 11375, 75530,20180926,   67,    0
 11375, 75530,20180927,   75,    0
 11375, 75530,20180928,  112,    0
 11375, 75530,20180929,   87,    0
 11375, 75530,20180930,  133,    0
 11375, 75530,20181001,  127,    0
 11375, 75530,20181002,  116,    0
 11375, 75530,20181003,  127,    0
 11375, 75530,20181004,  110,    0
 11375, 75530,20181005,  135,    0
 11375, 75530,20181006,  176,    0
 11375, 75530,20181007,  162,    0
 11375, 75530,20181008,  152,    0
 11375, 75530,20181009,  162,    0
 11375, 75530,20181010,  136,    0
 11375, 75530,20181011,  128,    0
 11375, 75530,20181012,  126,    0
 11375, 75530,20181013,  125,    0
 11375, 75530,20181014,  137,    0
 11375, 75530,20181015,  134,    0
 11375, 75530,20181016,  138,    0
 11375, 75530,20181017,  132,    0
 11375, 75530,20181018,  126,    0
 11375, 75530,20181019,  133,    0
 11375, 75530,20181020,  128,    0
 11375, 75530,20181021,  103,    0
 11375, 75530,20181022,   71,    0
 11375, 75530,20181023,   93,    0
 11375, 75530,20181024,   96,    0
 11375, 75530,20181025,   65,    0
 11375, 75530,20181026,  106,    0
 11375, 75530,20181027,  145,    0
 11375, 75530,20181028,  166,    0
 11375, 75530,20181029,  162,    0
 11375, 75530,20181030,  152,    0
 11375, 75530,20181031,  118,    0
 11375,913363,20181101,  143,    0
 11375, 75530,20181102,  169,    0
 11375, 75530,20181103,  164,    0
 11375, 75530,20181104,  136,    0
 11375, 75530,20181105,  124,    0
 11375, 75530,20181106,  113,    0
 11375, 75530,20181107,  103,    0
 11375, 75530,20181108,  102,    0
 11375, 75530,20181109,   90,    0
 11375, 75530,20181110,   76,    0
 11375, 75530,20181111,   85,    0
 11375, 75530,20181112,   82,    0
 11375, 75530,20181113,   90,    0
 11375, 75530,20181114,   74,    0
 11375, 75530,20181115,   30,    0
 11375, 75530,20181116,   51,    0
 11375, 75530,20181117,   14,    0
 11375, 75530,20181118,    0,    0
 11375, 75530,20181119,   22,    0
 11375, 75530,20181120,   56,    0
 11375, 75530,20181121,   84,    0
 11375, 75530,20181122,   83,    0
 11375, 75530,20181123,   87,    0
 11375, 75530,20181124,   37,    0
 11375, 75530,20181125,   92,    0
 11375, 75530,20181126,   99,    0
 11375, 75530,20181127,   19,    0
 11375, 75530,20181128,    2,    0
 11375, 75530,20181129,   -9,    0
 11375, 75530,20181130,  -35,    0
 11375, 75530,20181201,  -24,    0
 11375, 75530,20181202,  -13,    0
 11375, 75530,20181203,    7,    0
 11375, 75530,20181204,   38,    0
 11375, 75530,20181205,   31,    0
 11375, 75530,20181206,  -13,    0
 11375, 75530,20181207,   -3,    0
 11375, 75530,20181208,    0,    0
 11375, 75530,20181209,-9999,    9
 11375, 75530,20181210,   16,    0
 11375, 75530,20181211,    1,    0
 11375, 75530,20181212,   -1,    0
 11375, 75530,20181213,  -38,    0
 11375,913363,20181214,    4,    0
 11375, 75530,20181215,   -5,    0
 11375, 75530,20181216,  -15,    0
 11375, 75530,20181217,  -75,    0
 11375, 75530,20181218,  -19,    0
 11375, 75530,20181219,   -1,    0
 11375, 75530,20181220,  -21,    0
 11375, 75530,20181221,  -11,    0
 11375, 75530,20181222,   15,    0
 11375, 75530,20181223,   19,    0
 11375, 75530,20181224,   27,    0
 11375, 75530,20181225,   -6,    0
 11375, 75530,20181226,    5,    0
 11375, 75530,20181227,  -48,    0
 11375, 75530,20181228,  -16,    0
 11375, 75530,20181229,    1,    0
 11375, 75530,20181230,   25,    0
 11375, 75530,20181231,   14,    0
 11375, 75530,20190101,   15,    0
 11375, 75530,20190102,  -45,    0
 11375, 75530,20190103,  -40,    0
 11375, 75530,20190104,  -64,    0
 11375, 75530,20190105,  -68,    0
 11375, 75530,20190106,  -30,    0
 11375, 75530,20190107,  -51,    0
 11375, 75530,20190108,  -95,    0
 11375, 75530,20190109,  -47,    0
 11375, 75530,20190110,  -21,    0
 11375, 75530,20190111,  -31,    0
 11375, 75530,20190112,  -33,    0
 11375, 75530,20190113,  -18,    0
 11375, 75530,20190114,  -41,    0
 11375, 75530,20190115,  -26,    0
 11375, 75530,20190116,  -63,    0
 11375, 75530,20190117,  -53,    0
 11375, 75530,20190118,  -16,    0
 11375, 75530,20190119,   37,    0
 11375, 75530,20190120,   35,    0
 11375, 75530,20190121,   14,    0
 11375, 75530,20190122,   29,    0
 11375, 75530,20190123,   46,    0
 11375, 75530,20190124,    1,    0
 11375, 75530,20190125,  -22,    0
 11375, 75530,20190126,  -53,    0
 11375, 75530,20190127,  -38,    0
 11375, 75530,20190128,   68,    0
 11375, 75530,20190129,   39,    0
 11375, 75530,20190130,   42,    0
 11375, 75530,20190131,   34,    0
 11375, 75530,20190201,   45,    0
 11375, 75530,20190202,   84,    0
 11375, 75530,20190203,-9999,    9
 11375, 75530,20190204,    7,    0
 11375, 75530,20190205,    7,    0
 11375, 75530,20190206,   11,    0
 11375, 75530,20190207,   22,    0
 11375, 75530,20190208,   15,    0
 11375, 75530,20190209,   20,    0
 11375, 75530,20190210,   28,    0
 11375, 75530,20190211,-9999,    9
 11375, 75530,20190212,    0,    0
 11375, 75530,20190213,  -18,    0
 11375, 75530,20190214,  -62,    0
 11375, 75530,20190215,   21,    0
 11375, 75530,20190216,   15,    0
 11375, 75530,20190217,   22,    0
 11375,913363,20190218,   33,    0
 11375,913363,20190219,   50,    0
 11375,913363,20190220,   42,    0
 11375,913363,20190221,   43,    0
 11375,913363,20190222,    4,    0
 11375,913363,20190223,  -64,    0
 11375,913363,20190224,  -40,    0
 11375,913363,20190225,  -23,    0
 11375,913363,20190226,    3,    0
 11375,913363,20190227,   32,    0
 11375,913363,20190228,   59,    0
 11375,913363,20190301,   53,    0
 11375,913363,20190302,   59,    0
 11375,913363,20190303,   60,    0
 11375,913363,20190304,   58,    0
 11375,913363,20190305,  100,    0
 11375,913363,20190306,   88,    0
 11375,913363,20190307,  120,    0
 11375,913363,20190308,  125,    0
 11375,913363,20190309,  100,    0
 11375,913363,20190310,   92,    0
 11375,913363,20190311,   58,    0
 11375,913363,20190312,    8,    0
 11375,913363,20190313,    5,    0
 11375,913363,20190314,   22,    0
 11375,913363,20190315,   38,    0
 11375,913363,20190316,   68,    0
 11375,913363,20190317,   91,    0
 11375,913363,20190318,   85,    0
 11375,913363,20190319,   90,    0
 11375,913363,20190320,   48,    0
 11375,913363,20190321,   66,    0
 11375,913363,20190322,   59,    0
 11375,913363,20190323,   71,    0
 11375,913363,20190324,   88,    0
 11375,913363,20190325,   95,    0
 11375,913363,20190326,   48,    0
 11375,913363,20190327,   42,    0
 11375,913363,20190328,   40,    0
 11375,913363,20190329,   39,    0
 11375,913363,20190330,   72,    0
 11375,913363,20190331,   87,    0
 11375,913363,20190401,   88,    0
 11375,913363,20190402,  106,    0
 11375,913363,20190403,   94,    0
 11375,913363,20190404,   83,    0
 11375,913363,20190405,  130,    0
 11375,913363,20190406,  142,    0
 11375,913363,20190407,  124,    0
 11375,913363,20190408,  102,    0
 11375,913363,20190409,-9999,    9
 11375,913363,20190410,  121,    0
 11375,913363,20190411,-9999,    9
 11375,913363,20190412,   80,    0
 11375,913363,20190413,   71,    0
 11375,913363,20190414,   82,    0
 11375,913363,20190415,   93,    0
 11375,913363,20190416,  109,    0
 11375,913363,20190417,   71,    0
 11375,913363,20190418,   89,    0
 11375,913363,20190419,   82,    0
 11375,913363,20190420,   84,    0
 11375,913363,20190421,   99,    0
 11375,913363,20190422,  114,    0
 11375,913363,20190423,  151,    0
 11375,913363,20190424,  152,    0
 11375,913363,20190425,  160,    0
 11375,913363,20190426,  166,    0
 11375,913363,20190427,  138,    0
 11375,913363,20190428,   95,    0
 11375,913363,20190429,  107,    0
 11375,913363,20190430,   90,    0
