EUROPEAN CLIMATE ASSESSMENT & DATASET (ECA&D), file created on: 13-05-2019
THESE DATA CAN BE USED FOR NON-COMMERCIAL RESEARCH AND EDUCATION PROVIDED THAT THE FOLLOWING SOURCE IS ACKNOWLEDGED: 

Klein Tank, A.M.G. and Coauthors, 2002. Daily dataset of 20th-century surface
air temperature and precipitation series for the European Climate Assessment.
Int. J. of Climatol., 22, 1441-1453.
Data and metadata available at http://www.ecad.eu

FILE FORMAT (MISSING VALUE CODE = -9999):

01-06 STAID: Station identifier
08-13 SOUID: Source identifier
15-22 DATE : Date YYYYMMDD
24-28 TG   : Mean temperature in 0.1 &#176;C
30-34 Q_TG : quality code for TG (0='valid'; 1='suspect'; 9='missing')

This is the blended series of station SOKNA II, NORWAY (STAID: 2631)
Blended and updated with sources:10224 
See files sources.txt and stations.txt for more info.

STAID, SOUID,    DATE,   TG, Q_TG
  2631, 10224,20151201,-9999,    9
  2631, 10224,20151202,-9999,    9
  2631, 10224,20151203,-9999,    9
  2631, 10224,20151204,-9999,    9
  2631, 10224,20151205,-9999,    9
  2631, 10224,20151206,-9999,    9
  2631, 10224,20151207,-9999,    9
  2631, 10224,20151208,-9999,    9
  2631, 10224,20151209,-9999,    9
  2631, 10224,20151210,-9999,    9
  2631, 10224,20151211,-9999,    9
  2631, 10224,20151212,-9999,    9
  2631, 10224,20151213,-9999,    9
  2631, 10224,20151214,-9999,    9
  2631, 10224,20151215,-9999,    9
  2631, 10224,20151216,-9999,    9
  2631, 10224,20151217,-9999,    9
  2631, 10224,20151218,-9999,    9
  2631, 10224,20151219,  -21,    0
  2631, 10224,20151220,   19,    0
  2631, 10224,20151221,   24,    0
  2631, 10224,20151222,   -9,    0
  2631, 10224,20151223,  -21,    0
  2631, 10224,20151224,   52,    0
  2631, 10224,20151225,   36,    0
  2631, 10224,20151226,  -77,    0
  2631, 10224,20151227,  -88,    0
  2631, 10224,20151228,  -74,    0
  2631, 10224,20151229,  -34,    0
  2631, 10224,20151230,    9,    0
  2631, 10224,20151231,    4,    0
  2631, 10224,20160101,    9,    0
  2631, 10224,20160102,  -24,    0
  2631, 10224,20160103,  -68,    0
  2631, 10224,20160104,  -81,    0
  2631, 10224,20160105,  -86,    0
  2631, 10224,20160106, -122,    0
  2631, 10224,20160107, -158,    0
  2631, 10224,20160108, -131,    0
  2631, 10224,20160109, -104,    0
  2631, 10224,20160110,  -89,    0
  2631, 10224,20160111,  -54,    0
  2631, 10224,20160112,  -48,    0
  2631, 10224,20160113, -117,    0
  2631, 10224,20160114, -184,    0
  2631, 10224,20160115, -217,    0
  2631, 10224,20160116, -194,    0
  2631, 10224,20160117, -262,    0
  2631, 10224,20160118, -223,    0
  2631, 10224,20160119, -241,    0
  2631, 10224,20160120, -251,    0
  2631, 10224,20160121, -257,    0
  2631, 10224,20160122, -195,    0
  2631, 10224,20160123, -121,    0
  2631, 10224,20160124, -123,    0
  2631, 10224,20160125,  -57,    0
  2631, 10224,20160126,  -23,    0
  2631, 10224,20160127,   -6,    0
  2631, 10224,20160128,    4,    0
  2631, 10224,20160129,   17,    0
  2631, 10224,20160130,   10,    0
  2631, 10224,20160131,  -66,    0
  2631, 10224,20160201,  -99,    0
  2631, 10224,20160202,  -56,    0
  2631, 10224,20160203,  -68,    0
  2631, 10224,20160204,  -62,    0
  2631, 10224,20160205,  -65,    0
  2631, 10224,20160206,   -8,    0
  2631, 10224,20160207,   26,    0
  2631, 10224,20160208,   20,    0
  2631, 10224,20160209,   10,    0
  2631, 10224,20160210,  -15,    0
  2631, 10224,20160211,    1,    0
  2631, 10224,20160212,  -24,    0
  2631, 10224,20160213,  -58,    0
  2631, 10224,20160214, -135,    0
  2631, 10224,20160215, -146,    0
  2631, 10224,20160216, -139,    0
  2631, 10224,20160217,  -20,    0
  2631, 10224,20160218,  -35,    0
  2631, 10224,20160219,  -55,    0
  2631, 10224,20160220,    2,    0
  2631, 10224,20160221,  -41,    0
  2631, 10224,20160222,  -70,    0
  2631, 10224,20160223,  -68,    0
  2631, 10224,20160224,  -82,    0
  2631, 10224,20160225,  -73,    0
  2631, 10224,20160226,  -16,    0
  2631, 10224,20160227,  -65,    0
  2631, 10224,20160228,  -88,    0
  2631, 10224,20160229,  -96,    0
  2631, 10224,20160301,  -26,    0
  2631, 10224,20160302,  -15,    0
  2631, 10224,20160303,   -7,    0
  2631, 10224,20160304,   -1,    0
  2631, 10224,20160305,   -6,    0
  2631, 10224,20160306,   -6,    0
  2631, 10224,20160307,    0,    0
  2631, 10224,20160308,  -26,    0
  2631, 10224,20160309,  -49,    0
  2631, 10224,20160310,  -10,    0
  2631, 10224,20160311,  -13,    0
  2631, 10224,20160312,  -28,    0
  2631, 10224,20160313,    7,    0
  2631, 10224,20160314,   31,    0
  2631, 10224,20160315,   21,    0
  2631, 10224,20160316,    8,    0
  2631, 10224,20160317,   32,    0
  2631, 10224,20160318,   25,    0
  2631, 10224,20160319,   24,    0
  2631, 10224,20160320,   27,    0
  2631, 10224,20160321,    6,    0
  2631, 10224,20160322,   14,    0
  2631, 10224,20160323,   10,    0
  2631, 10224,20160324,  -10,    0
  2631, 10224,20160325,   21,    0
  2631, 10224,20160326,   35,    0
  2631, 10224,20160327,   50,    0
  2631, 10224,20160328,   45,    0
  2631, 10224,20160329,   45,    0
  2631, 10224,20160330,   25,    0
  2631, 10224,20160331,   -6,    0
  2631, 10224,20160401,   21,    0
  2631, 10224,20160402,   32,    0
  2631, 10224,20160403,   26,    0
  2631, 10224,20160404,   34,    0
  2631, 10224,20160405,   46,    0
  2631, 10224,20160406,   54,    0
  2631, 10224,20160407,   35,    0
  2631, 10224,20160408,   31,    0
  2631, 10224,20160409,   35,    0
  2631, 10224,20160410,   31,    0
  2631, 10224,20160411,   40,    0
  2631, 10224,20160412,   38,    0
  2631, 10224,20160413,   45,    0
  2631, 10224,20160414,   47,    0
  2631, 10224,20160415,   43,    0
  2631, 10224,20160416,   60,    0
  2631, 10224,20160417,   71,    0
  2631, 10224,20160418,   58,    0
  2631, 10224,20160419,   76,    0
  2631, 10224,20160420,   58,    0
  2631, 10224,20160421,   69,    0
  2631, 10224,20160422,   46,    0
  2631, 10224,20160423,   -1,    0
  2631, 10224,20160424,   20,    0
  2631, 10224,20160425,   21,    0
  2631, 10224,20160426,   19,    0
  2631, 10224,20160427,   24,    0
  2631, 10224,20160428,   35,    0
  2631, 10224,20160429,   52,    0
  2631, 10224,20160430,   20,    0
  2631, 10224,20160501,   54,    0
  2631, 10224,20160502,   58,    0
  2631, 10224,20160503,   64,    0
  2631, 10224,20160504,   68,    0
  2631, 10224,20160505,   90,    0
  2631, 10224,20160506,  100,    0
  2631, 10224,20160507,  107,    0
  2631, 10224,20160508,  132,    0
  2631, 10224,20160509,  143,    0
  2631, 10224,20160510,  145,    0
  2631, 10224,20160511,  122,    0
  2631, 10224,20160512,  131,    0
  2631, 10224,20160513,   91,    0
  2631, 10224,20160514,   75,    0
  2631, 10224,20160515,   80,    0
  2631, 10224,20160516,   89,    0
  2631, 10224,20160517,   99,    0
  2631, 10224,20160518,   98,    0
  2631, 10224,20160519,  125,    0
  2631, 10224,20160520,  106,    0
  2631, 10224,20160521,  103,    0
  2631, 10224,20160522,  125,    0
  2631, 10224,20160523,  128,    0
  2631, 10224,20160524,  118,    0
  2631, 10224,20160525,  123,    0
  2631, 10224,20160526,  132,    0
  2631, 10224,20160527,  157,    0
  2631, 10224,20160528,  124,    0
  2631, 10224,20160529,  114,    0
  2631, 10224,20160530,  151,    0
  2631, 10224,20160531,  190,    0
  2631, 10224,20160601,  197,    0
  2631, 10224,20160602,  182,    0
  2631, 10224,20160603,  200,    0
  2631, 10224,20160604,  168,    0
  2631, 10224,20160605,  151,    0
  2631, 10224,20160606,  160,    0
  2631, 10224,20160607,  182,    0
  2631, 10224,20160608,  165,    0
  2631, 10224,20160609,  127,    0
  2631, 10224,20160610,  111,    0
  2631, 10224,20160611,  110,    0
  2631, 10224,20160612,  137,    0
  2631, 10224,20160613,  136,    0
  2631, 10224,20160614,  149,    0
  2631, 10224,20160615,  119,    0
  2631, 10224,20160616,  168,    0
  2631, 10224,20160617,  140,    0
  2631, 10224,20160618,  168,    0
  2631, 10224,20160619,  147,    0
  2631, 10224,20160620,  130,    0
  2631, 10224,20160621,  165,    0
  2631, 10224,20160622,  155,    0
  2631, 10224,20160623,  162,    0
  2631, 10224,20160624,  150,    0
  2631, 10224,20160625,  193,    0
  2631, 10224,20160626,  153,    0
  2631, 10224,20160627,  161,    0
  2631, 10224,20160628,  162,    0
  2631, 10224,20160629,  138,    0
  2631, 10224,20160630,  143,    0
  2631, 10224,20160701,  120,    0
  2631, 10224,20160702,  130,    0
  2631, 10224,20160703,  121,    0
  2631, 10224,20160704,  141,    0
  2631, 10224,20160705,  138,    0
  2631, 10224,20160706,  154,    0
  2631, 10224,20160707,  157,    0
  2631, 10224,20160708,  172,    0
  2631, 10224,20160709,  168,    0
  2631, 10224,20160710,  150,    0
  2631, 10224,20160711,  156,    0
  2631, 10224,20160712,  164,    0
  2631, 10224,20160713,  156,    0
  2631, 10224,20160714,  168,    0
  2631, 10224,20160715,  177,    0
  2631, 10224,20160716,  160,    0
  2631, 10224,20160717,  137,    0
  2631, 10224,20160718,  150,    0
  2631, 10224,20160719,  145,    0
  2631, 10224,20160720,  188,    0
  2631, 10224,20160721,  193,    0
  2631, 10224,20160722,  199,    0
  2631, 10224,20160723,  175,    0
  2631, 10224,20160724,  203,    0
  2631, 10224,20160725,  169,    0
  2631, 10224,20160726,  171,    0
  2631, 10224,20160727,  143,    0
  2631, 10224,20160728,  179,    0
  2631, 10224,20160729,  144,    0
  2631, 10224,20160730,  158,    0
  2631, 10224,20160731,  140,    0
  2631, 10224,20160801,  131,    0
  2631, 10224,20160802,  140,    0
  2631, 10224,20160803,  132,    0
  2631, 10224,20160804,  150,    0
  2631, 10224,20160805,  167,    0
  2631, 10224,20160806,  137,    0
  2631, 10224,20160807,  145,    0
  2631, 10224,20160808,  145,    0
  2631, 10224,20160809,  115,    0
  2631, 10224,20160810,  107,    0
  2631, 10224,20160811,  104,    0
  2631, 10224,20160812,   82,    0
  2631, 10224,20160813,  148,    0
  2631, 10224,20160814,  154,    0
  2631, 10224,20160815,  142,    0
  2631, 10224,20160816,  159,    0
  2631, 10224,20160817,  155,    0
  2631, 10224,20160818,  171,    0
  2631, 10224,20160819,  149,    0
  2631, 10224,20160820,  149,    0
  2631, 10224,20160821,  152,    0
  2631, 10224,20160822,  138,    0
  2631, 10224,20160823,  162,    0
  2631, 10224,20160824,  158,    0
  2631, 10224,20160825,  163,    0
  2631, 10224,20160826,  158,    0
  2631, 10224,20160827,  147,    0
  2631, 10224,20160828,  101,    0
  2631, 10224,20160829,  123,    0
  2631, 10224,20160830,  121,    0
  2631, 10224,20160831,  158,    0
  2631, 10224,20160901,  146,    0
  2631, 10224,20160902,  145,    0
  2631, 10224,20160903,  141,    0
  2631, 10224,20160904,  103,    0
  2631, 10224,20160905,  111,    0
  2631, 10224,20160906,  151,    0
  2631, 10224,20160907,  154,    0
  2631, 10224,20160908,  156,    0
  2631, 10224,20160909,  164,    0
  2631, 10224,20160910,  154,    0
  2631, 10224,20160911,  149,    0
  2631, 10224,20160912,  104,    0
  2631, 10224,20160913,  139,    0
  2631, 10224,20160914,  150,    0
  2631, 10224,20160915,  167,    0
  2631, 10224,20160916,  155,    0
  2631, 10224,20160917,  128,    0
  2631, 10224,20160918,  117,    0
  2631, 10224,20160919,  111,    0
  2631, 10224,20160920,  114,    0
  2631, 10224,20160921,  109,    0
  2631, 10224,20160922,  136,    0
  2631, 10224,20160923,   99,    0
  2631, 10224,20160924,   84,    0
  2631, 10224,20160925,  144,    0
  2631, 10224,20160926,  129,    0
  2631, 10224,20160927,   92,    0
  2631, 10224,20160928,  124,    0
  2631, 10224,20160929,  118,    0
  2631, 10224,20160930,  104,    0
  2631, 10224,20161001,   54,    0
  2631, 10224,20161002,   41,    0
  2631, 10224,20161003,   22,    0
  2631, 10224,20161004,   24,    0
  2631, 10224,20161005,   13,    0
  2631, 10224,20161006,   22,    0
  2631, 10224,20161007,   58,    0
  2631, 10224,20161008,   46,    0
  2631, 10224,20161009,   40,    0
  2631, 10224,20161010,   53,    0
  2631, 10224,20161011,   14,    0
  2631, 10224,20161012,   12,    0
  2631, 10224,20161013,   13,    0
  2631, 10224,20161014,    9,    0
  2631, 10224,20161015,   24,    0
  2631, 10224,20161016,   38,    0
  2631, 10224,20161017,   50,    0
  2631, 10224,20161018,   60,    0
  2631, 10224,20161019,   62,    0
  2631, 10224,20161020,   58,    0
  2631, 10224,20161021,   40,    0
  2631, 10224,20161022,   33,    0
  2631, 10224,20161023,   33,    0
  2631, 10224,20161024,   40,    0
  2631, 10224,20161025,   39,    0
  2631, 10224,20161026,   27,    0
  2631, 10224,20161027,   39,    0
  2631, 10224,20161028,   45,    0
  2631, 10224,20161029,   65,    0
  2631, 10224,20161030,   43,    0
  2631, 10224,20161031,   40,    0
  2631, 10224,20161101,   38,    0
  2631, 10224,20161102,    3,    0
  2631, 10224,20161103,  -62,    0
  2631, 10224,20161104,  -22,    0
  2631, 10224,20161105,   -7,    0
  2631, 10224,20161106,  -35,    0
  2631, 10224,20161107, -100,    0
  2631, 10224,20161108,  -69,    0
  2631, 10224,20161109,  -54,    0
  2631, 10224,20161110,  -82,    0
  2631, 10224,20161111, -156,    0
  2631, 10224,20161112, -135,    0
  2631, 10224,20161113,  -31,    0
  2631, 10224,20161114,   -7,    0
  2631, 10224,20161115,   -1,    0
  2631, 10224,20161116,   -9,    0
  2631, 10224,20161117,  -42,    0
  2631, 10224,20161118,   -5,    0
  2631, 10224,20161119,  -36,    0
  2631, 10224,20161120,  -22,    0
  2631, 10224,20161121,   -2,    0
  2631, 10224,20161122,    1,    0
  2631, 10224,20161123,    4,    0
  2631, 10224,20161124,  -51,    0
  2631, 10224,20161125,  -16,    0
  2631, 10224,20161126,   40,    0
  2631, 10224,20161127,   17,    0
  2631, 10224,20161128,  -81,    0
  2631, 10224,20161129,  -98,    0
  2631, 10224,20161130, -115,    0
  2631, 10224,20161201,  -80,    0
  2631, 10224,20161202,  -11,    0
  2631, 10224,20161203,  -80,    0
  2631, 10224,20161204,  -79,    0
  2631, 10224,20161205,   37,    0
  2631, 10224,20161206,  -81,    0
  2631, 10224,20161207,  -51,    0
  2631, 10224,20161208,   20,    0
  2631, 10224,20161209,   10,    0
  2631, 10224,20161210,    6,    0
  2631, 10224,20161211,  -13,    1
  2631, 10224,20161212,  -81,    0
  2631, 10224,20161213,  -79,    0
  2631, 10224,20161214, -146,    0
  2631, 10224,20161215, -139,    0
  2631, 10224,20161216,  -95,    0
  2631, 10224,20161217,  -54,    0
  2631, 10224,20161218,  -80,    0
  2631, 10224,20161219,  -49,    0
  2631, 10224,20161220,  -27,    0
  2631, 10224,20161221,    1,    0
  2631, 10224,20161222,  -48,    0
  2631, 10224,20161223,  -62,    0
  2631, 10224,20161224,   -9,    0
  2631, 10224,20161225,   21,    0
  2631, 10224,20161226,   21,    0
  2631, 10224,20161227,   17,    0
  2631, 10224,20161228,  -75,    0
  2631, 10224,20161229,  -73,    0
  2631, 10224,20161230,   19,    0
  2631, 10224,20161231,    3,    0
  2631, 10224,20170101,  -20,    0
  2631, 10224,20170102,  -67,    0
  2631, 10224,20170103,  -79,    0
  2631, 10224,20170104,  -41,    0
  2631, 10224,20170105, -167,    0
  2631, 10224,20170106, -137,    0
  2631, 10224,20170107, -105,    0
  2631, 10224,20170108, -104,    0
  2631, 10224,20170109,  -69,    0
  2631, 10224,20170110,   17,    0
  2631, 10224,20170111,   20,    0
  2631, 10224,20170112,  -37,    0
  2631, 10224,20170113,  -87,    0
  2631, 10224,20170114,  -88,    0
  2631, 10224,20170115, -154,    0
  2631, 10224,20170116, -153,    0
  2631, 10224,20170117,  -79,    0
  2631, 10224,20170118,  -91,    0
  2631, 10224,20170119,  -37,    0
  2631, 10224,20170120,   13,    0
  2631, 10224,20170121,  -41,    0
  2631, 10224,20170122,  -53,    0
  2631, 10224,20170123,  -72,    0
  2631, 10224,20170124, -101,    0
  2631, 10224,20170125,  -63,    0
  2631, 10224,20170126,  -70,    0
  2631, 10224,20170127,  -53,    0
  2631, 10224,20170128,  -40,    0
  2631, 10224,20170129,  -22,    0
  2631, 10224,20170130,  -21,    0
  2631, 10224,20170131,  -51,    0
  2631, 10224,20170201,  -58,    0
  2631, 10224,20170202,  -15,    0
  2631, 10224,20170203,  -11,    0
  2631, 10224,20170204,   -8,    0
  2631, 10224,20170205,   -9,    0
  2631, 10224,20170206,  -20,    0
  2631, 10224,20170207,  -65,    0
  2631, 10224,20170208,  -80,    0
  2631, 10224,20170209,  -91,    0
  2631, 10224,20170210,  -63,    0
  2631, 10224,20170211,  -85,    0
  2631, 10224,20170212, -107,    0
  2631, 10224,20170213, -104,    0
  2631, 10224,20170214,  -96,    0
  2631, 10224,20170215,  -68,    0
  2631, 10224,20170216,  -55,    0
  2631, 10224,20170217,  -59,    0
  2631, 10224,20170218,  -60,    0
  2631, 10224,20170219,  -15,    0
  2631, 10224,20170220,   38,    0
  2631, 10224,20170221,   22,    0
  2631, 10224,20170222,    2,    0
  2631, 10224,20170223,  -44,    0
  2631, 10224,20170224,  -70,    0
  2631, 10224,20170225,  -70,    0
  2631, 10224,20170226,  -38,    0
  2631, 10224,20170227,    4,    0
  2631, 10224,20170228,   15,    0
  2631, 10224,20170301,    9,    0
  2631, 10224,20170302,  -31,    0
  2631, 10224,20170303,  -24,    0
  2631, 10224,20170304,   -9,    0
  2631, 10224,20170305,  -14,    0
  2631, 10224,20170306,  -39,    0
  2631, 10224,20170307,  -40,    0
  2631, 10224,20170308,  -56,    0
  2631, 10224,20170309,  -14,    0
  2631, 10224,20170310,   -9,    0
  2631, 10224,20170311,   -5,    0
  2631, 10224,20170312,   22,    0
  2631, 10224,20170313,   11,    0
  2631, 10224,20170314,   36,    0
  2631, 10224,20170315,   63,    0
  2631, 10224,20170316,   38,    0
  2631, 10224,20170317,   36,    0
  2631, 10224,20170318,   -4,    0
  2631, 10224,20170319,  -10,    0
  2631, 10224,20170320,   14,    0
  2631, 10224,20170321,   18,    0
  2631, 10224,20170322,    6,    0
  2631, 10224,20170323,    1,    0
  2631, 10224,20170324,   -1,    0
  2631, 10224,20170325,   37,    0
  2631, 10224,20170326,   85,    0
  2631, 10224,20170327,   71,    0
  2631, 10224,20170328,   52,    0
  2631, 10224,20170329,   31,    0
  2631, 10224,20170330,   10,    0
  2631, 10224,20170331,   25,    0
  2631, 10224,20170401,   57,    0
  2631, 10224,20170402,   60,    0
  2631, 10224,20170403,   57,    0
  2631, 10224,20170404,   70,    0
  2631, 10224,20170405,   71,    0
  2631, 10224,20170406,   59,    0
  2631, 10224,20170407,   70,    0
  2631, 10224,20170408,   60,    0
  2631, 10224,20170409,   73,    0
  2631, 10224,20170410,   78,    0
  2631, 10224,20170411,   48,    0
  2631, 10224,20170412,   40,    0
  2631, 10224,20170413,   16,    0
  2631, 10224,20170414,    8,    0
  2631, 10224,20170415,   -2,    0
  2631, 10224,20170416,    3,    0
  2631, 10224,20170417,    8,    0
  2631, 10224,20170418,   13,    0
  2631, 10224,20170419,   22,    0
  2631, 10224,20170420,   71,    0
  2631, 10224,20170421,   71,    0
  2631, 10224,20170422,   53,    0
  2631, 10224,20170423,   35,    0
  2631, 10224,20170424,   10,    0
  2631, 10224,20170425,   32,    0
  2631, 10224,20170426,   27,    0
  2631, 10224,20170427,    8,    0
  2631, 10224,20170428,   19,    0
  2631, 10224,20170429,   46,    0
  2631, 10224,20170430,   42,    0
  2631, 10224,20170501,   57,    0
  2631, 10224,20170502,-9999,   -9
  2631, 10224,20170503,-9999,   -9
  2631, 10224,20170504,-9999,   -9
  2631, 10224,20170505,-9999,   -9
  2631, 10224,20170506,-9999,   -9
  2631, 10224,20170507,-9999,   -9
  2631, 10224,20170508,-9999,   -9
  2631, 10224,20170509,-9999,   -9
  2631, 10224,20170510,-9999,   -9
  2631, 10224,20170511,-9999,   -9
  2631, 10224,20170512,-9999,   -9
  2631, 10224,20170513,-9999,   -9
  2631, 10224,20170514,-9999,   -9
  2631, 10224,20170515,-9999,   -9
  2631, 10224,20170516,-9999,   -9
  2631, 10224,20170517,-9999,   -9
  2631, 10224,20170518,-9999,   -9
  2631, 10224,20170519,-9999,   -9
  2631, 10224,20170520,-9999,   -9
  2631, 10224,20170521,-9999,   -9
  2631, 10224,20170522,-9999,   -9
  2631, 10224,20170523,-9999,   -9
  2631, 10224,20170524,-9999,   -9
  2631, 10224,20170525,-9999,   -9
  2631, 10224,20170526,-9999,   -9
  2631, 10224,20170527,-9999,   -9
  2631, 10224,20170528,-9999,   -9
  2631, 10224,20170529,-9999,   -9
  2631, 10224,20170530,-9999,   -9
  2631, 10224,20170531,-9999,   -9
  2631, 10224,20170601,-9999,   -9
  2631, 10224,20170602,-9999,   -9
  2631, 10224,20170603,-9999,   -9
  2631, 10224,20170604,-9999,   -9
  2631, 10224,20170605,-9999,   -9
  2631, 10224,20170606,-9999,   -9
  2631, 10224,20170607,-9999,   -9
  2631, 10224,20170608,-9999,   -9
  2631, 10224,20170609,-9999,   -9
  2631, 10224,20170610,-9999,   -9
  2631, 10224,20170611,-9999,   -9
  2631, 10224,20170612,-9999,   -9
  2631, 10224,20170613,-9999,   -9
  2631, 10224,20170614,-9999,   -9
  2631, 10224,20170615,-9999,   -9
  2631, 10224,20170616,-9999,   -9
  2631, 10224,20170617,-9999,   -9
  2631, 10224,20170618,-9999,   -9
  2631, 10224,20170619,-9999,   -9
  2631, 10224,20170620,-9999,   -9
  2631, 10224,20170621,-9999,   -9
  2631, 10224,20170622,-9999,   -9
  2631, 10224,20170623,-9999,   -9
  2631, 10224,20170624,-9999,   -9
  2631, 10224,20170625,-9999,   -9
  2631, 10224,20170626,-9999,   -9
  2631, 10224,20170627,-9999,   -9
  2631, 10224,20170628,-9999,   -9
  2631, 10224,20170629,-9999,   -9
  2631, 10224,20170630,-9999,   -9
  2631, 10224,20170701,-9999,   -9
  2631, 10224,20170702,-9999,   -9
  2631, 10224,20170703,-9999,   -9
  2631, 10224,20170704,-9999,   -9
  2631, 10224,20170705,-9999,   -9
  2631, 10224,20170706,-9999,   -9
  2631, 10224,20170707,-9999,   -9
  2631, 10224,20170708,-9999,   -9
  2631, 10224,20170709,-9999,   -9
  2631, 10224,20170710,-9999,   -9
  2631, 10224,20170711,-9999,   -9
  2631, 10224,20170712,-9999,   -9
  2631, 10224,20170713,-9999,   -9
  2631, 10224,20170714,-9999,   -9
  2631, 10224,20170715,-9999,   -9
  2631, 10224,20170716,-9999,   -9
  2631, 10224,20170717,-9999,   -9
  2631, 10224,20170718,-9999,   -9
  2631, 10224,20170719,-9999,   -9
  2631, 10224,20170720,-9999,   -9
  2631, 10224,20170721,-9999,   -9
  2631, 10224,20170722,-9999,   -9
  2631, 10224,20170723,-9999,   -9
  2631, 10224,20170724,-9999,   -9
  2631, 10224,20170725,-9999,   -9
  2631, 10224,20170726,-9999,   -9
  2631, 10224,20170727,-9999,   -9
  2631, 10224,20170728,-9999,   -9
  2631, 10224,20170729,-9999,   -9
  2631, 10224,20170730,-9999,   -9
  2631, 10224,20170731,-9999,   -9
  2631, 10224,20170801,-9999,   -9
  2631, 10224,20170802,-9999,   -9
  2631, 10224,20170803,-9999,   -9
  2631, 10224,20170804,-9999,   -9
  2631, 10224,20170805,-9999,   -9
  2631, 10224,20170806,-9999,   -9
  2631, 10224,20170807,-9999,   -9
  2631, 10224,20170808,-9999,   -9
  2631, 10224,20170809,-9999,   -9
  2631, 10224,20170810,-9999,   -9
  2631, 10224,20170811,-9999,   -9
  2631, 10224,20170812,-9999,   -9
  2631, 10224,20170813,-9999,   -9
  2631, 10224,20170814,-9999,   -9
  2631, 10224,20170815,-9999,   -9
  2631, 10224,20170816,-9999,   -9
  2631, 10224,20170817,-9999,   -9
  2631, 10224,20170818,-9999,   -9
  2631, 10224,20170819,-9999,   -9
  2631, 10224,20170820,-9999,   -9
  2631, 10224,20170821,-9999,   -9
  2631, 10224,20170822,-9999,   -9
  2631, 10224,20170823,-9999,   -9
  2631, 10224,20170824,-9999,   -9
  2631, 10224,20170825,-9999,   -9
  2631, 10224,20170826,-9999,   -9
  2631, 10224,20170827,-9999,   -9
  2631, 10224,20170828,-9999,   -9
  2631, 10224,20170829,-9999,   -9
  2631, 10224,20170830,-9999,   -9
  2631, 10224,20170831,-9999,   -9
  2631, 10224,20170901,-9999,    9
  2631, 10224,20170902,-9999,    9
  2631, 10224,20170903,-9999,    9
  2631, 10224,20170904,-9999,    9
  2631, 10224,20170905,-9999,    9
  2631, 10224,20170906,-9999,    9
  2631, 10224,20170907,-9999,    9
  2631, 10224,20170908,-9999,    9
  2631, 10224,20170909,-9999,    9
  2631, 10224,20170910,-9999,    9
  2631, 10224,20170911,-9999,    9
  2631, 10224,20170912,-9999,    9
  2631, 10224,20170913,-9999,    9
  2631, 10224,20170914,-9999,    9
  2631, 10224,20170915,-9999,    9
  2631, 10224,20170916,-9999,    9
  2631, 10224,20170917,-9999,    9
  2631, 10224,20170918,-9999,    9
  2631, 10224,20170919,-9999,    9
  2631, 10224,20170920,-9999,    9
  2631, 10224,20170921,-9999,    9
  2631, 10224,20170922,-9999,    9
  2631, 10224,20170923,-9999,    9
  2631, 10224,20170924,-9999,    9
  2631, 10224,20170925,-9999,    9
  2631, 10224,20170926,-9999,    9
  2631, 10224,20170927,-9999,    9
  2631, 10224,20170928,-9999,    9
  2631, 10224,20170929,-9999,    9
  2631, 10224,20170930,-9999,    9
  2631, 10224,20171001,-9999,    9
  2631, 10224,20171002,-9999,    9
  2631, 10224,20171003,-9999,    9
  2631, 10224,20171004,-9999,    9
  2631, 10224,20171005,-9999,    9
  2631, 10224,20171006,-9999,    9
  2631, 10224,20171007,-9999,    9
  2631, 10224,20171008,-9999,    9
  2631, 10224,20171009,-9999,    9
  2631, 10224,20171010,-9999,    9
  2631, 10224,20171011,-9999,    9
  2631, 10224,20171012,-9999,    9
  2631, 10224,20171013,-9999,    9
  2631, 10224,20171014,-9999,    9
  2631, 10224,20171015,-9999,    9
  2631, 10224,20171016,-9999,    9
  2631, 10224,20171017,-9999,    9
  2631, 10224,20171018,-9999,    9
  2631, 10224,20171019,-9999,    9
  2631, 10224,20171020,-9999,    9
  2631, 10224,20171021,-9999,    9
  2631, 10224,20171022,-9999,    9
  2631, 10224,20171023,-9999,    9
  2631, 10224,20171024,-9999,    9
  2631, 10224,20171025,-9999,    9
  2631, 10224,20171026,-9999,    9
  2631, 10224,20171027,-9999,    9
  2631, 10224,20171028,-9999,    9
  2631, 10224,20171029,-9999,    9
  2631, 10224,20171030,-9999,    9
  2631, 10224,20171031,-9999,    9
  2631, 10224,20171101,-9999,    9
  2631, 10224,20171102,-9999,    9
  2631, 10224,20171103,-9999,    9
  2631, 10224,20171104,-9999,    9
  2631, 10224,20171105,-9999,    9
  2631, 10224,20171106,-9999,    9
  2631, 10224,20171107,-9999,    9
  2631, 10224,20171108,-9999,    9
  2631, 10224,20171109,-9999,    9
  2631, 10224,20171110,-9999,    9
  2631, 10224,20171111,-9999,    9
  2631, 10224,20171112,-9999,    9
  2631, 10224,20171113,-9999,    9
  2631, 10224,20171114,-9999,    9
  2631, 10224,20171115,-9999,    9
  2631, 10224,20171116,-9999,    9
  2631, 10224,20171117,-9999,    9
  2631, 10224,20171118,-9999,    9
  2631, 10224,20171119,-9999,    9
  2631, 10224,20171120,-9999,    9
  2631, 10224,20171121,-9999,    9
  2631, 10224,20171122,-9999,    9
  2631, 10224,20171123,-9999,    9
  2631, 10224,20171124,-9999,    9
  2631, 10224,20171125,-9999,    9
  2631, 10224,20171126,-9999,    9
  2631, 10224,20171127,-9999,    9
  2631, 10224,20171128,-9999,    9
  2631, 10224,20171129,-9999,    9
  2631, 10224,20171130,-9999,    9
  2631, 10224,20171201,-9999,    9
  2631, 10224,20171202,-9999,    9
  2631, 10224,20171203,-9999,    9
  2631, 10224,20171204,-9999,    9
  2631, 10224,20171205,-9999,    9
  2631, 10224,20171206,-9999,    9
  2631, 10224,20171207,-9999,    9
  2631, 10224,20171208,-9999,    9
  2631, 10224,20171209,-9999,    9
  2631, 10224,20171210,-9999,    9
  2631, 10224,20171211,-9999,    9
  2631, 10224,20171212,-9999,    9
  2631, 10224,20171213,-9999,    9
  2631, 10224,20171214,-9999,    9
  2631, 10224,20171215,-9999,    9
  2631, 10224,20171216,-9999,    9
  2631, 10224,20171217,-9999,    9
  2631, 10224,20171218,-9999,    9
  2631, 10224,20171219,-9999,    9
  2631, 10224,20171220,-9999,    9
  2631, 10224,20171221,-9999,    9
  2631, 10224,20171222,-9999,    9
  2631, 10224,20171223,-9999,    9
  2631, 10224,20171224,-9999,    9
  2631, 10224,20171225,-9999,    9
  2631, 10224,20171226,-9999,    9
  2631, 10224,20171227,-9999,    9
  2631, 10224,20171228,-9999,    9
  2631, 10224,20171229,-9999,    9
  2631, 10224,20171230,-9999,    9
  2631, 10224,20171231,-9999,    9
  2631, 10224,20180101,-9999,    9
  2631, 10224,20180102,-9999,    9
  2631, 10224,20180103,-9999,    9
  2631, 10224,20180104,-9999,    9
  2631, 10224,20180105,-9999,    9
  2631, 10224,20180106,-9999,    9
  2631, 10224,20180107,-9999,    9
  2631, 10224,20180108,-9999,    9
  2631, 10224,20180109,-9999,    9
  2631, 10224,20180110,-9999,    9
  2631, 10224,20180111,-9999,    9
  2631, 10224,20180112,-9999,    9
  2631, 10224,20180113,-9999,    9
  2631, 10224,20180114,-9999,    9
  2631, 10224,20180115,-9999,    9
  2631, 10224,20180116,-9999,    9
  2631, 10224,20180117,-9999,    9
  2631, 10224,20180118,-9999,    9
  2631, 10224,20180119,-9999,    9
  2631, 10224,20180120,-9999,    9
  2631, 10224,20180121,-9999,    9
  2631, 10224,20180122,-9999,    9
  2631, 10224,20180123,-9999,    9
  2631, 10224,20180124,-9999,    9
  2631, 10224,20180125,-9999,    9
  2631, 10224,20180126,-9999,    9
  2631, 10224,20180127,-9999,    9
  2631, 10224,20180128,-9999,    9
  2631, 10224,20180129,-9999,    9
  2631, 10224,20180130,-9999,    9
  2631, 10224,20180131,-9999,    9
  2631, 10224,20180201,-9999,    9
  2631, 10224,20180202,-9999,    9
  2631, 10224,20180203,-9999,    9
  2631, 10224,20180204,-9999,    9
  2631, 10224,20180205,-9999,    9
  2631, 10224,20180206,-9999,    9
  2631, 10224,20180207,-9999,    9
  2631, 10224,20180208,-9999,    9
  2631, 10224,20180209,-9999,    9
  2631, 10224,20180210,-9999,    9
  2631, 10224,20180211,-9999,    9
  2631, 10224,20180212,-9999,    9
  2631, 10224,20180213,-9999,    9
  2631, 10224,20180214,-9999,    9
  2631, 10224,20180215,-9999,    9
  2631, 10224,20180216,-9999,    9
  2631, 10224,20180217,-9999,    9
  2631, 10224,20180218,-9999,    9
  2631, 10224,20180219,-9999,    9
  2631, 10224,20180220,-9999,    9
  2631, 10224,20180221,-9999,    9
  2631, 10224,20180222,-9999,    9
  2631, 10224,20180223,-9999,    9
  2631, 10224,20180224,-9999,    9
  2631, 10224,20180225,-9999,    9
  2631, 10224,20180226,-9999,    9
  2631, 10224,20180227,-9999,    9
  2631, 10224,20180228,-9999,    9
  2631, 10224,20180301,-9999,    9
  2631, 10224,20180302,-9999,    9
  2631, 10224,20180303,-9999,    9
  2631, 10224,20180304,-9999,    9
  2631, 10224,20180305,-9999,    9
  2631, 10224,20180306,-9999,    9
  2631, 10224,20180307,-9999,    9
  2631, 10224,20180308,-9999,    9
  2631, 10224,20180309,-9999,    9
  2631, 10224,20180310,-9999,    9
  2631, 10224,20180311,-9999,    9
  2631, 10224,20180312,-9999,    9
  2631, 10224,20180313,-9999,    9
  2631, 10224,20180314,-9999,    9
  2631, 10224,20180315,-9999,    9
  2631, 10224,20180316,-9999,    9
  2631, 10224,20180317,-9999,    9
  2631, 10224,20180318,-9999,    9
  2631, 10224,20180319,-9999,    9
  2631, 10224,20180320,-9999,    9
  2631, 10224,20180321,-9999,    9
  2631, 10224,20180322,-9999,    9
  2631, 10224,20180323,-9999,    9
  2631, 10224,20180324,-9999,    9
  2631, 10224,20180325,-9999,    9
  2631, 10224,20180326,-9999,    9
  2631, 10224,20180327,-9999,    9
  2631, 10224,20180328,-9999,    9
  2631, 10224,20180329,-9999,    9
  2631, 10224,20180330,-9999,    9
  2631, 10224,20180331,-9999,    9
  2631, 10224,20180401,-9999,    9
  2631, 10224,20180402,-9999,    9
  2631, 10224,20180403,-9999,    9
  2631, 10224,20180404,-9999,    9
  2631, 10224,20180405,-9999,    9
  2631, 10224,20180406,-9999,    9
  2631, 10224,20180407,-9999,    9
  2631, 10224,20180408,-9999,    9
  2631, 10224,20180409,-9999,    9
  2631, 10224,20180410,-9999,    9
  2631, 10224,20180411,-9999,    9
  2631, 10224,20180412,-9999,    9
  2631, 10224,20180413,-9999,    9
  2631, 10224,20180414,-9999,    9
  2631, 10224,20180415,-9999,    9
  2631, 10224,20180416,-9999,    9
  2631, 10224,20180417,-9999,    9
  2631, 10224,20180418,-9999,    9
  2631, 10224,20180419,-9999,    9
  2631, 10224,20180420,-9999,    9
  2631, 10224,20180421,-9999,    9
  2631, 10224,20180422,-9999,    9
  2631, 10224,20180423,-9999,    9
  2631, 10224,20180424,-9999,    9
  2631, 10224,20180425,-9999,    9
  2631, 10224,20180426,-9999,    9
  2631, 10224,20180427,-9999,    9
  2631, 10224,20180428,-9999,    9
  2631, 10224,20180429,-9999,    9
  2631, 10224,20180430,-9999,    9
  2631, 10224,20180501,-9999,    9
  2631, 10224,20180502,-9999,    9
  2631, 10224,20180503,-9999,    9
  2631, 10224,20180504,-9999,    9
  2631, 10224,20180505,-9999,    9
  2631, 10224,20180506,-9999,    9
  2631, 10224,20180507,-9999,    9
  2631, 10224,20180508,-9999,    9
  2631, 10224,20180509,-9999,    9
  2631, 10224,20180510,-9999,    9
  2631, 10224,20180511,-9999,    9
  2631, 10224,20180512,-9999,    9
  2631, 10224,20180513,-9999,    9
  2631, 10224,20180514,-9999,    9
  2631, 10224,20180515,-9999,    9
  2631, 10224,20180516,-9999,    9
  2631, 10224,20180517,-9999,    9
  2631, 10224,20180518,-9999,    9
  2631, 10224,20180519,-9999,    9
  2631, 10224,20180520,-9999,    9
  2631, 10224,20180521,-9999,    9
  2631, 10224,20180522,-9999,    9
  2631, 10224,20180523,-9999,    9
  2631, 10224,20180524,-9999,    9
  2631, 10224,20180525,-9999,    9
  2631, 10224,20180526,-9999,    9
  2631, 10224,20180527,-9999,    9
  2631, 10224,20180528,-9999,    9
  2631, 10224,20180529,-9999,    9
  2631, 10224,20180530,-9999,    9
  2631, 10224,20180531,-9999,    9
  2631, 10224,20180601,-9999,    9
  2631, 10224,20180602,-9999,    9
  2631, 10224,20180603,-9999,    9
  2631, 10224,20180604,-9999,    9
  2631, 10224,20180605,-9999,    9
  2631, 10224,20180606,-9999,    9
  2631, 10224,20180607,-9999,    9
  2631, 10224,20180608,-9999,    9
  2631, 10224,20180609,-9999,    9
  2631, 10224,20180610,-9999,    9
  2631, 10224,20180611,-9999,    9
  2631, 10224,20180612,-9999,    9
  2631, 10224,20180613,-9999,    9
  2631, 10224,20180614,-9999,    9
  2631, 10224,20180615,-9999,    9
  2631, 10224,20180616,-9999,    9
  2631, 10224,20180617,-9999,    9
  2631, 10224,20180618,-9999,    9
  2631, 10224,20180619,-9999,    9
  2631, 10224,20180620,-9999,    9
  2631, 10224,20180621,-9999,    9
  2631, 10224,20180622,-9999,    9
  2631, 10224,20180623,-9999,    9
  2631, 10224,20180624,-9999,    9
  2631, 10224,20180625,-9999,    9
  2631, 10224,20180626,-9999,    9
  2631, 10224,20180627,-9999,    9
  2631, 10224,20180628,-9999,    9
  2631, 10224,20180629,-9999,    9
  2631, 10224,20180630,-9999,    9
  2631, 10224,20180701,-9999,    9
  2631, 10224,20180702,-9999,    9
  2631, 10224,20180703,-9999,    9
  2631, 10224,20180704,-9999,    9
  2631, 10224,20180705,-9999,    9
  2631, 10224,20180706,-9999,    9
  2631, 10224,20180707,-9999,    9
  2631, 10224,20180708,-9999,    9
  2631, 10224,20180709,-9999,    9
  2631, 10224,20180710,-9999,    9
  2631, 10224,20180711,-9999,    9
  2631, 10224,20180712,-9999,    9
  2631, 10224,20180713,-9999,    9
  2631, 10224,20180714,-9999,    9
  2631, 10224,20180715,-9999,    9
  2631, 10224,20180716,-9999,    9
  2631, 10224,20180717,-9999,    9
  2631, 10224,20180718,-9999,    9
  2631, 10224,20180719,-9999,    9
  2631, 10224,20180720,-9999,    9
  2631, 10224,20180721,-9999,    9
  2631, 10224,20180722,-9999,    9
  2631, 10224,20180723,-9999,    9
  2631, 10224,20180724,-9999,    9
  2631, 10224,20180725,-9999,    9
  2631, 10224,20180726,-9999,    9
  2631, 10224,20180727,-9999,    9
  2631, 10224,20180728,-9999,    9
  2631, 10224,20180729,-9999,    9
  2631, 10224,20180730,-9999,    9
  2631, 10224,20180731,-9999,    9
  2631, 10224,20180801,-9999,    9
  2631, 10224,20180802,-9999,    9
  2631, 10224,20180803,-9999,    9
  2631, 10224,20180804,-9999,    9
  2631, 10224,20180805,-9999,    9
  2631, 10224,20180806,-9999,    9
  2631, 10224,20180807,-9999,    9
  2631, 10224,20180808,-9999,    9
  2631, 10224,20180809,-9999,    9
  2631, 10224,20180810,-9999,    9
  2631, 10224,20180811,-9999,    9
  2631, 10224,20180812,-9999,    9
  2631, 10224,20180813,-9999,    9
  2631, 10224,20180814,-9999,    9
  2631, 10224,20180815,-9999,    9
  2631, 10224,20180816,-9999,    9
  2631, 10224,20180817,-9999,    9
  2631, 10224,20180818,-9999,    9
  2631, 10224,20180819,-9999,    9
  2631, 10224,20180820,-9999,    9
  2631, 10224,20180821,-9999,    9
  2631, 10224,20180822,-9999,    9
  2631, 10224,20180823,-9999,    9
  2631, 10224,20180824,-9999,    9
  2631, 10224,20180825,-9999,    9
  2631, 10224,20180826,-9999,    9
  2631, 10224,20180827,-9999,    9
  2631, 10224,20180828,-9999,    9
  2631, 10224,20180829,-9999,    9
  2631, 10224,20180830,-9999,    9
  2631, 10224,20180831,-9999,    9
  2631, 10224,20180901,-9999,    9
  2631, 10224,20180902,-9999,    9
  2631, 10224,20180903,-9999,    9
  2631, 10224,20180904,-9999,    9
  2631, 10224,20180905,-9999,    9
  2631, 10224,20180906,-9999,    9
  2631, 10224,20180907,-9999,    9
  2631, 10224,20180908,-9999,    9
  2631, 10224,20180909,-9999,    9
  2631, 10224,20180910,-9999,    9
  2631, 10224,20180911,-9999,    9
  2631, 10224,20180912,-9999,    9
  2631, 10224,20180913,-9999,    9
  2631, 10224,20180914,-9999,    9
  2631, 10224,20180915,-9999,    9
  2631, 10224,20180916,-9999,    9
  2631, 10224,20180917,-9999,    9
  2631, 10224,20180918,-9999,    9
  2631, 10224,20180919,-9999,    9
  2631, 10224,20180920,-9999,    9
  2631, 10224,20180921,-9999,    9
  2631, 10224,20180922,-9999,    9
  2631, 10224,20180923,-9999,    9
  2631, 10224,20180924,-9999,    9
  2631, 10224,20180925,-9999,    9
  2631, 10224,20180926,-9999,    9
  2631, 10224,20180927,-9999,    9
  2631, 10224,20180928,-9999,    9
  2631, 10224,20180929,-9999,    9
  2631, 10224,20180930,-9999,    9
  2631, 10224,20181001,-9999,    9
  2631, 10224,20181002,-9999,    9
  2631, 10224,20181003,-9999,    9
  2631, 10224,20181004,-9999,    9
  2631, 10224,20181005,-9999,    9
  2631, 10224,20181006,-9999,    9
  2631, 10224,20181007,-9999,    9
  2631, 10224,20181008,-9999,    9
  2631, 10224,20181009,-9999,    9
  2631, 10224,20181010,-9999,    9
  2631, 10224,20181011,-9999,    9
  2631, 10224,20181012,-9999,    9
  2631, 10224,20181013,-9999,    9
  2631, 10224,20181014,-9999,    9
  2631, 10224,20181015,-9999,    9
  2631, 10224,20181016,-9999,    9
  2631, 10224,20181017,-9999,    9
  2631, 10224,20181018,-9999,    9
  2631, 10224,20181019,-9999,    9
  2631, 10224,20181020,-9999,    9
  2631, 10224,20181021,-9999,    9
  2631, 10224,20181022,-9999,    9
  2631, 10224,20181023,-9999,    9
  2631, 10224,20181024,-9999,    9
  2631, 10224,20181025,-9999,    9
  2631, 10224,20181026,-9999,    9
  2631, 10224,20181027,-9999,    9
  2631, 10224,20181028,-9999,    9
  2631, 10224,20181029,-9999,    9
  2631, 10224,20181030,-9999,    9
  2631, 10224,20181031,-9999,    9
  2631, 10224,20181101,-9999,    9
  2631, 10224,20181102,-9999,    9
  2631, 10224,20181103,-9999,    9
  2631, 10224,20181104,-9999,    9
  2631, 10224,20181105,-9999,    9
  2631, 10224,20181106,-9999,    9
  2631, 10224,20181107,-9999,    9
  2631, 10224,20181108,-9999,    9
  2631, 10224,20181109,-9999,    9
  2631, 10224,20181110,-9999,    9
  2631, 10224,20181111,-9999,    9
  2631, 10224,20181112,-9999,    9
  2631, 10224,20181113,-9999,    9
  2631, 10224,20181114,-9999,    9
  2631, 10224,20181115,-9999,    9
  2631, 10224,20181116,-9999,    9
  2631, 10224,20181117,-9999,    9
  2631, 10224,20181118,-9999,    9
  2631, 10224,20181119,-9999,    9
  2631, 10224,20181120,-9999,    9
  2631, 10224,20181121,-9999,    9
  2631, 10224,20181122,-9999,    9
  2631, 10224,20181123,-9999,    9
  2631, 10224,20181124,-9999,    9
  2631, 10224,20181125,-9999,    9
  2631, 10224,20181126,-9999,    9
  2631, 10224,20181127,-9999,    9
  2631, 10224,20181128,-9999,    9
  2631, 10224,20181129,-9999,    9
  2631, 10224,20181130,-9999,    9
  2631, 10224,20181201,-9999,    9
  2631, 10224,20181202,-9999,    9
  2631, 10224,20181203,-9999,    9
  2631, 10224,20181204,-9999,    9
  2631, 10224,20181205,-9999,    9
  2631, 10224,20181206,-9999,    9
  2631, 10224,20181207,-9999,    9
  2631, 10224,20181208,-9999,    9
  2631, 10224,20181209,-9999,    9
  2631, 10224,20181210,-9999,    9
  2631, 10224,20181211,-9999,    9
  2631, 10224,20181212,-9999,    9
  2631, 10224,20181213,-9999,    9
  2631, 10224,20181214,-9999,    9
  2631, 10224,20181215,-9999,    9
  2631, 10224,20181216,-9999,    9
  2631, 10224,20181217,-9999,    9
  2631, 10224,20181218,-9999,    9
  2631, 10224,20181219,-9999,    9
  2631, 10224,20181220,-9999,    9
  2631, 10224,20181221,-9999,    9
  2631, 10224,20181222,-9999,    9
  2631, 10224,20181223,-9999,    9
  2631, 10224,20181224,-9999,    9
  2631, 10224,20181225,-9999,    9
  2631, 10224,20181226,-9999,    9
  2631, 10224,20181227,-9999,    9
  2631, 10224,20181228,-9999,    9
  2631, 10224,20181229,-9999,    9
  2631, 10224,20181230,-9999,    9
  2631, 10224,20181231,-9999,    9
  2631, 10224,20190101,-9999,    9
  2631, 10224,20190102,-9999,    9
  2631, 10224,20190103,-9999,    9
  2631, 10224,20190104,-9999,    9
  2631, 10224,20190105,-9999,    9
  2631, 10224,20190106,-9999,    9
  2631, 10224,20190107,-9999,    9
  2631, 10224,20190108,-9999,    9
  2631, 10224,20190109,-9999,    9
  2631, 10224,20190110,-9999,    9
  2631, 10224,20190111,-9999,    9
  2631, 10224,20190112,-9999,    9
  2631, 10224,20190113,-9999,    9
  2631, 10224,20190114,-9999,    9
  2631, 10224,20190115,-9999,    9
  2631, 10224,20190116,-9999,    9
  2631, 10224,20190117,-9999,    9
  2631, 10224,20190118,-9999,    9
  2631, 10224,20190119,-9999,    9
  2631, 10224,20190120,-9999,    9
  2631, 10224,20190121,-9999,    9
  2631, 10224,20190122,-9999,    9
  2631, 10224,20190123,-9999,    9
  2631, 10224,20190124,-9999,    9
  2631, 10224,20190125,-9999,    9
  2631, 10224,20190126,-9999,    9
  2631, 10224,20190127,-9999,    9
  2631, 10224,20190128,-9999,    9
  2631, 10224,20190129,-9999,    9
  2631, 10224,20190130,-9999,    9
  2631, 10224,20190131,-9999,    9
  2631, 10224,20190201,-9999,    9
  2631, 10224,20190202,-9999,    9
  2631, 10224,20190203,-9999,    9
  2631, 10224,20190204,-9999,    9
  2631, 10224,20190205,-9999,    9
  2631, 10224,20190206,-9999,    9
  2631, 10224,20190207,-9999,    9
  2631, 10224,20190208,-9999,    9
  2631, 10224,20190209,-9999,    9
  2631, 10224,20190210,-9999,    9
  2631, 10224,20190211,-9999,    9
  2631, 10224,20190212,-9999,    9
  2631, 10224,20190213,-9999,    9
  2631, 10224,20190214,-9999,    9
  2631, 10224,20190215,-9999,    9
  2631, 10224,20190216,-9999,    9
  2631, 10224,20190217,-9999,    9
  2631, 10224,20190218,-9999,    9
  2631, 10224,20190219,-9999,    9
  2631, 10224,20190220,-9999,    9
  2631, 10224,20190221,-9999,    9
  2631, 10224,20190222,-9999,    9
  2631, 10224,20190223,-9999,    9
  2631, 10224,20190224,-9999,    9
  2631, 10224,20190225,-9999,    9
  2631, 10224,20190226,-9999,    9
  2631, 10224,20190227,-9999,    9
  2631, 10224,20190228,-9999,    9
  2631, 10224,20190301,-9999,    9
  2631, 10224,20190302,-9999,    9
  2631, 10224,20190303,-9999,    9
  2631, 10224,20190304,-9999,    9
  2631, 10224,20190305,-9999,    9
  2631, 10224,20190306,-9999,    9
  2631, 10224,20190307,-9999,    9
  2631, 10224,20190308,-9999,    9
  2631, 10224,20190309,-9999,    9
  2631, 10224,20190310,-9999,    9
  2631, 10224,20190311,-9999,    9
  2631, 10224,20190312,-9999,    9
  2631, 10224,20190313,-9999,    9
  2631, 10224,20190314,-9999,    9
  2631, 10224,20190315,-9999,    9
  2631, 10224,20190316,-9999,    9
  2631, 10224,20190317,-9999,    9
  2631, 10224,20190318,-9999,    9
  2631, 10224,20190319,-9999,    9
  2631, 10224,20190320,-9999,    9
  2631, 10224,20190321,-9999,    9
  2631, 10224,20190322,-9999,    9
  2631, 10224,20190323,-9999,    9
  2631, 10224,20190324,-9999,    9
  2631, 10224,20190325,-9999,    9
  2631, 10224,20190326,-9999,    9
  2631, 10224,20190327,-9999,    9
  2631, 10224,20190328,-9999,    9
  2631, 10224,20190329,-9999,    9
  2631, 10224,20190330,-9999,    9
  2631, 10224,20190331,-9999,    9
  2631, 10224,20190401,-9999,    9
  2631, 10224,20190402,-9999,    9
  2631, 10224,20190403,-9999,    9
  2631, 10224,20190404,-9999,    9
  2631, 10224,20190405,-9999,    9
  2631, 10224,20190406,-9999,    9
  2631, 10224,20190407,-9999,    9
  2631, 10224,20190408,-9999,    9
  2631, 10224,20190409,-9999,    9
  2631, 10224,20190410,-9999,    9
  2631, 10224,20190411,-9999,    9
  2631, 10224,20190412,-9999,    9
  2631, 10224,20190413,-9999,    9
  2631, 10224,20190414,-9999,    9
  2631, 10224,20190415,-9999,    9
  2631, 10224,20190416,-9999,    9
  2631, 10224,20190417,-9999,    9
  2631, 10224,20190418,-9999,    9
  2631, 10224,20190419,-9999,    9
  2631, 10224,20190420,-9999,    9
  2631, 10224,20190421,-9999,    9
  2631, 10224,20190422,-9999,    9
  2631, 10224,20190423,-9999,    9
  2631, 10224,20190424,-9999,    9
  2631, 10224,20190425,-9999,    9
  2631, 10224,20190426,-9999,    9
  2631, 10224,20190427,-9999,    9
  2631, 10224,20190428,-9999,    9
  2631, 10224,20190429,-9999,    9
  2631, 10224,20190430,-9999,    9
