EUROPEAN CLIMATE ASSESSMENT & DATASET (ECA&D), file created on: 13-05-2019
THESE DATA CAN BE USED FOR NON-COMMERCIAL RESEARCH AND EDUCATION PROVIDED THAT THE FOLLOWING SOURCE IS ACKNOWLEDGED: 

Klein Tank, A.M.G. and Coauthors, 2002. Daily dataset of 20th-century surface
air temperature and precipitation series for the European Climate Assessment.
Int. J. of Climatol., 22, 1441-1453.
Data and metadata available at http://www.ecad.eu

FILE FORMAT (MISSING VALUE CODE = -9999):

01-06 STAID: Station identifier
08-13 SOUID: Source identifier
15-22 DATE : Date YYYYMMDD
24-28 TG   : Mean temperature in 0.1 &#176;C
30-34 Q_TG : quality code for TG (0='valid'; 1='suspect'; 9='missing')

This is the blended series of station CASTELLNOU DE SEANA, SPAIN (STAID: 11025)
Blended and updated with sources:56085 
See files sources.txt and stations.txt for more info.

STAID, SOUID,    DATE,   TG, Q_TG
 11025, 56085,20150101,   12,    0
 11025, 56085,20150102,    7,    0
 11025, 56085,20150103,   16,    0
 11025, 56085,20150104,   33,    0
 11025, 56085,20150105,   25,    0
 11025, 56085,20150106,   28,    0
 11025, 56085,20150107,   39,    0
 11025, 56085,20150108,   40,    0
 11025, 56085,20150109,   37,    0
 11025, 56085,20150110,   33,    0
 11025, 56085,20150111,   37,    0
 11025, 56085,20150112,    5,    0
 11025, 56085,20150113,   22,    0
 11025, 56085,20150114,   24,    0
 11025, 56085,20150115,   17,    0
 11025, 56085,20150116,   54,    0
 11025, 56085,20150117,   29,    0
 11025, 56085,20150118,   31,    0
 11025, 56085,20150119,   45,    0
 11025, 56085,20150120,   23,    0
 11025, 56085,20150121,   20,    0
 11025, 56085,20150122,   31,    0
 11025, 56085,20150123,   37,    0
 11025, 56085,20150124,   43,    0
 11025, 56085,20150125,   50,    0
 11025, 56085,20150126,   24,    0
 11025, 56085,20150127,   38,    0
 11025, 56085,20150128,   43,    0
 11025, 56085,20150129,   73,    0
 11025, 56085,20150130,   91,    0
 11025, 56085,20150131,   64,    0
 11025, 56085,20150201,   40,    0
 11025, 56085,20150202,   34,    0
 11025, 56085,20150203,   48,    0
 11025, 56085,20150204,    9,    0
 11025, 56085,20150205,   17,    0
 11025, 56085,20150206,   -3,    0
 11025, 56085,20150207,    8,    0
 11025, 56085,20150208,   21,    0
 11025, 56085,20150209,   15,    0
 11025, 56085,20150210,   19,    0
 11025, 56085,20150211,   38,    0
 11025, 56085,20150212,   45,    0
 11025, 56085,20150213,   59,    0
 11025, 56085,20150214,   79,    0
 11025, 56085,20150215,   77,    0
 11025, 56085,20150216,   60,    0
 11025, 56085,20150217,   68,    0
 11025, 56085,20150218,   61,    0
 11025, 56085,20150219,   46,    0
 11025, 56085,20150220,   53,    0
 11025, 56085,20150221,   63,    0
 11025, 56085,20150222,   64,    0
 11025, 56085,20150223,   86,    0
 11025, 56085,20150224,   66,    0
 11025, 56085,20150225,   83,    0
 11025, 56085,20150226,  114,    0
 11025, 56085,20150227,   96,    0
 11025, 56085,20150228,   74,    0
 11025, 56085,20150301,  126,    0
 11025, 56085,20150302,  153,    0
 11025, 56085,20150303,  126,    0
 11025, 56085,20150304,   90,    0
 11025, 56085,20150305,   80,    0
 11025, 56085,20150306,   63,    0
 11025, 56085,20150307,   80,    0
 11025, 56085,20150308,  105,    0
 11025, 56085,20150309,  100,    0
 11025, 56085,20150310,  117,    0
 11025, 56085,20150311,  115,    0
 11025, 56085,20150312,  117,    0
 11025, 56085,20150313,   97,    0
 11025, 56085,20150314,   69,    0
 11025, 56085,20150315,   57,    0
 11025, 56085,20150316,   73,    0
 11025, 56085,20150317,   77,    0
 11025, 56085,20150318,  105,    0
 11025, 56085,20150319,  124,    0
 11025, 56085,20150320,  122,    0
 11025, 56085,20150321,  114,    0
 11025, 56085,20150322,  100,    0
 11025, 56085,20150323,  112,    0
 11025, 56085,20150324,  112,    0
 11025, 56085,20150325,   88,    0
 11025, 56085,20150326,   86,    0
 11025, 56085,20150327,  136,    0
 11025, 56085,20150328,  154,    0
 11025, 56085,20150329,  142,    0
 11025, 56085,20150330,  160,    0
 11025, 56085,20150331,  160,    0
 11025, 56085,20150401,  135,    0
 11025, 56085,20150402,  110,    0
 11025, 56085,20150403,  125,    0
 11025, 56085,20150404,  122,    0
 11025, 56085,20150405,  114,    0
 11025, 56085,20150406,  125,    0
 11025, 56085,20150407,  105,    0
 11025, 56085,20150408,   93,    0
 11025, 56085,20150409,   97,    0
 11025, 56085,20150410,  128,    0
 11025, 56085,20150411,  129,    0
 11025, 56085,20150412,  152,    0
 11025, 56085,20150413,  148,    0
 11025, 56085,20150414,  161,    0
 11025, 56085,20150415,  146,    0
 11025, 56085,20150416,  148,    0
 11025, 56085,20150417,  150,    0
 11025, 56085,20150418,  161,    0
 11025, 56085,20150419,  143,    0
 11025, 56085,20150420,  141,    0
 11025, 56085,20150421,  149,    0
 11025, 56085,20150422,  145,    0
 11025, 56085,20150423,  158,    0
 11025, 56085,20150424,  172,    0
 11025, 56085,20150425,  181,    0
 11025, 56085,20150426,  154,    0
 11025, 56085,20150427,  148,    0
 11025, 56085,20150428,  139,    0
 11025, 56085,20150429,  125,    0
 11025, 56085,20150430,  161,    0
 11025, 56085,20150501,  182,    0
 11025, 56085,20150502,  207,    0
 11025, 56085,20150503,  219,    0
 11025, 56085,20150504,  213,    0
 11025, 56085,20150505,  190,    0
 11025, 56085,20150506,  173,    0
 11025, 56085,20150507,  175,    0
 11025, 56085,20150508,  195,    0
 11025, 56085,20150509,  198,    0
 11025, 56085,20150510,  210,    0
 11025, 56085,20150511,  207,    0
 11025, 56085,20150512,  205,    0
 11025, 56085,20150513,  231,    0
 11025, 56085,20150514,  227,    0
 11025, 56085,20150515,  161,    0
 11025, 56085,20150516,  176,    0
 11025, 56085,20150517,  180,    0
 11025, 56085,20150518,  194,    0
 11025, 56085,20150519,  136,    0
 11025, 56085,20150520,  145,    0
 11025, 56085,20150521,  149,    0
 11025, 56085,20150522,  149,    0
 11025, 56085,20150523,  166,    0
 11025, 56085,20150524,  172,    0
 11025, 56085,20150525,  191,    0
 11025, 56085,20150526,  182,    0
 11025, 56085,20150527,  179,    0
 11025, 56085,20150528,  188,    0
 11025, 56085,20150529,  196,    0
 11025, 56085,20150530,  189,    0
 11025, 56085,20150531,  206,    0
 11025, 56085,20150601,  208,    0
 11025, 56085,20150602,  218,    0
 11025, 56085,20150603,  230,    0
 11025, 56085,20150604,  230,    0
 11025, 56085,20150605,  223,    0
 11025, 56085,20150606,  226,    0
 11025, 56085,20150607,  238,    0
 11025, 56085,20150608,  220,    0
 11025, 56085,20150609,  205,    0
 11025, 56085,20150610,  210,    0
 11025, 56085,20150611,  207,    0
 11025, 56085,20150612,  204,    0
 11025, 56085,20150613,  197,    0
 11025, 56085,20150614,  199,    0
 11025, 56085,20150615,  187,    0
 11025, 56085,20150616,  183,    0
 11025, 56085,20150617,  204,    0
 11025, 56085,20150618,  216,    0
 11025, 56085,20150619,  228,    0
 11025, 56085,20150620,  220,    0
 11025, 56085,20150621,  228,    0
 11025, 56085,20150622,  248,    0
 11025, 56085,20150623,  222,    0
 11025, 56085,20150624,  212,    0
 11025, 56085,20150625,  237,    0
 11025, 56085,20150626,  254,    0
 11025, 56085,20150627,  262,    0
 11025, 56085,20150628,  271,    0
 11025, 56085,20150629,  258,    0
 11025, 56085,20150630,  264,    0
 11025, 56085,20150701,  273,    0
 11025, 56085,20150702,  263,    0
 11025, 56085,20150703,  263,    0
 11025, 56085,20150704,  279,    0
 11025, 56085,20150705,  286,    0
 11025, 56085,20150706,  283,    0
 11025, 56085,20150707,  298,    0
 11025, 56085,20150708,  263,    0
 11025, 56085,20150709,  223,    0
 11025, 56085,20150710,  259,    0
 11025, 56085,20150711,  254,    0
 11025, 56085,20150712,  260,    0
 11025, 56085,20150713,  261,    0
 11025, 56085,20150714,  264,    0
 11025, 56085,20150715,  267,    0
 11025, 56085,20150716,  269,    0
 11025, 56085,20150717,  268,    0
 11025, 56085,20150718,  250,    0
 11025, 56085,20150719,  255,    0
 11025, 56085,20150720,  276,    0
 11025, 56085,20150721,  270,    0
 11025, 56085,20150722,  264,    0
 11025, 56085,20150723,  258,    0
 11025, 56085,20150724,  279,    0
 11025, 56085,20150725,  238,    0
 11025, 56085,20150726,  234,    0
 11025, 56085,20150727,  260,    0
 11025, 56085,20150728,  249,    0
 11025, 56085,20150729,  274,    0
 11025, 56085,20150730,  239,    0
 11025, 56085,20150731,  216,    0
 11025, 56085,20150801,  205,    0
 11025, 56085,20150802,  236,    0
 11025, 56085,20150803,  262,    0
 11025, 56085,20150804,  269,    0
 11025, 56085,20150805,  260,    0
 11025, 56085,20150806,  265,    0
 11025, 56085,20150807,  281,    0
 11025, 56085,20150808,  215,    0
 11025, 56085,20150809,  212,    0
 11025, 56085,20150810,  225,    0
 11025, 56085,20150811,  240,    0
 11025, 56085,20150812,  265,    0
 11025, 56085,20150813,  253,    0
 11025, 56085,20150814,  219,    0
 11025, 56085,20150815,  194,    0
 11025, 56085,20150816,  201,    0
 11025, 56085,20150817,  227,    0
 11025, 56085,20150818,  192,    0
 11025, 56085,20150819,  210,    0
 11025, 56085,20150820,  230,    0
 11025, 56085,20150821,  245,    0
 11025, 56085,20150822,  243,    0
 11025, 56085,20150823,  240,    0
 11025, 56085,20150824,  210,    0
 11025, 56085,20150825,  211,    0
 11025, 56085,20150826,  234,    0
 11025, 56085,20150827,  249,    0
 11025, 56085,20150828,  251,    0
 11025, 56085,20150829,  248,    0
 11025, 56085,20150830,  250,    0
 11025, 56085,20150831,  239,    0
 11025, 56085,20150901,  219,    0
 11025, 56085,20150902,  209,    0
 11025, 56085,20150903,  200,    0
 11025, 56085,20150904,  163,    0
 11025, 56085,20150905,  168,    0
 11025, 56085,20150906,  174,    0
 11025, 56085,20150907,  173,    0
 11025, 56085,20150908,  171,    0
 11025, 56085,20150909,  191,    0
 11025, 56085,20150910,  184,    0
 11025, 56085,20150911,  196,    0
 11025, 56085,20150912,  213,    0
 11025, 56085,20150913,  208,    0
 11025, 56085,20150914,  182,    0
 11025, 56085,20150915,  201,    0
 11025, 56085,20150916,  229,    0
 11025, 56085,20150917,  188,    0
 11025, 56085,20150918,  160,    0
 11025, 56085,20150919,  168,    0
 11025, 56085,20150920,  163,    0
 11025, 56085,20150921,  174,    0
 11025, 56085,20150922,  180,    0
 11025, 56085,20150923,  176,    0
 11025, 56085,20150924,  142,    0
 11025, 56085,20150925,  173,    0
 11025, 56085,20150926,  189,    0
 11025, 56085,20150927,  170,    0
 11025, 56085,20150928,  175,    0
 11025, 56085,20150929,  160,    0
 11025, 56085,20150930,  158,    0
 11025, 56085,20151001,  158,    0
 11025, 56085,20151002,  176,    0
 11025, 56085,20151003,  162,    0
 11025, 56085,20151004,  161,    0
 11025, 56085,20151005,  190,    0
 11025, 56085,20151006,  191,    0
 11025, 56085,20151007,  162,    0
 11025, 56085,20151008,  134,    0
 11025, 56085,20151009,  140,    0
 11025, 56085,20151010,  148,    0
 11025, 56085,20151011,  168,    0
 11025, 56085,20151012,  191,    0
 11025, 56085,20151013,  155,    0
 11025, 56085,20151014,  128,    0
 11025, 56085,20151015,   83,    0
 11025, 56085,20151016,   91,    0
 11025, 56085,20151017,  124,    0
 11025, 56085,20151018,  165,    0
 11025, 56085,20151019,  168,    0
 11025, 56085,20151020,  153,    0
 11025, 56085,20151021,  117,    0
 11025, 56085,20151022,  113,    0
 11025, 56085,20151023,  119,    0
 11025, 56085,20151024,  141,    0
 11025, 56085,20151025,  153,    0
 11025, 56085,20151026,  161,    0
 11025, 56085,20151027,  170,    0
 11025, 56085,20151028,  130,    0
 11025, 56085,20151029,  127,    0
 11025, 56085,20151030,  144,    0
 11025, 56085,20151031,  143,    0
 11025, 56085,20151101,  131,    0
 11025, 56085,20151102,  148,    0
 11025, 56085,20151103,  136,    0
 11025, 56085,20151104,  130,    0
 11025, 56085,20151105,  146,    0
 11025, 56085,20151106,  145,    0
 11025, 56085,20151107,  146,    0
 11025, 56085,20151108,  136,    0
 11025, 56085,20151109,  114,    0
 11025, 56085,20151110,  127,    0
 11025, 56085,20151111,  114,    0
 11025, 56085,20151112,  113,    0
 11025, 56085,20151113,  107,    0
 11025, 56085,20151114,  100,    0
 11025, 56085,20151115,   78,    0
 11025, 56085,20151116,   79,    0
 11025, 56085,20151117,   72,    0
 11025, 56085,20151118,   69,    0
 11025, 56085,20151119,   59,    0
 11025, 56085,20151120,   73,    0
 11025, 56085,20151121,  103,    0
 11025, 56085,20151122,   48,    0
 11025, 56085,20151123,   21,    0
 11025, 56085,20151124,   13,    0
 11025, 56085,20151125,   93,    0
 11025, 56085,20151126,  116,    0
 11025, 56085,20151127,   70,    0
 11025, 56085,20151128,   69,    0
 11025, 56085,20151129,   39,    0
 11025, 56085,20151130,   37,    0
 11025, 56085,20151201,   27,    0
 11025, 56085,20151202,    2,    0
 11025, 56085,20151203,    7,    0
 11025, 56085,20151204,   40,    0
 11025, 56085,20151205,   72,    0
 11025, 56085,20151206,  100,    0
 11025, 56085,20151207,  108,    0
 11025, 56085,20151208,  100,    0
 11025, 56085,20151209,   76,    0
 11025, 56085,20151210,   70,    0
 11025, 56085,20151211,   66,    0
 11025, 56085,20151212,   50,    0
 11025, 56085,20151213,   35,    0
 11025, 56085,20151214,   35,    0
 11025, 56085,20151215,   39,    0
 11025, 56085,20151216,   60,    0
 11025, 56085,20151217,   57,    0
 11025, 56085,20151218,   55,    0
 11025, 56085,20151219,   77,    0
 11025, 56085,20151220,   87,    0
 11025, 56085,20151221,   88,    0
 11025, 56085,20151222,   43,    0
 11025, 56085,20151223,   53,    0
 11025, 56085,20151224,   80,    0
 11025, 56085,20151225,   53,    0
 11025, 56085,20151226,   28,    0
 11025, 56085,20151227,   27,    0
 11025, 56085,20151228,   92,    0
 11025, 56085,20151229,   84,    0
 11025, 56085,20151230,   43,    0
 11025, 56085,20151231,   59,    0
 11025, 56085,20160101,   67,    0
 11025, 56085,20160102,   88,    0
 11025, 56085,20160103,   48,    0
 11025, 56085,20160104,   76,    0
 11025, 56085,20160105,   70,    0
 11025, 56085,20160106,   65,    0
 11025, 56085,20160107,   93,    0
 11025, 56085,20160108,  122,    0
 11025, 56085,20160109,  105,    0
 11025, 56085,20160110,  109,    0
 11025, 56085,20160111,  117,    0
 11025, 56085,20160112,   74,    0
 11025, 56085,20160113,   37,    0
 11025, 56085,20160114,   46,    0
 11025, 56085,20160115,   48,    0
 11025, 56085,20160116,   35,    0
 11025, 56085,20160117,    9,    0
 11025, 56085,20160118,   48,    0
 11025, 56085,20160119,   47,    0
 11025, 56085,20160120,   34,    0
 11025, 56085,20160121,   27,    0
 11025, 56085,20160122,   42,    0
 11025, 56085,20160123,   60,    0
 11025, 56085,20160124,   77,    0
 11025, 56085,20160125,   74,    0
 11025, 56085,20160126,   98,    0
 11025, 56085,20160127,   92,    0
 11025, 56085,20160128,   91,    0
 11025, 56085,20160129,   84,    0
 11025, 56085,20160130,   72,    0
 11025, 56085,20160131,   91,    0
 11025, 56085,20160201,   94,    0
 11025, 56085,20160202,   68,    0
 11025, 56085,20160203,   93,    0
 11025, 56085,20160204,   40,    0
 11025, 56085,20160205,   47,    0
 11025, 56085,20160206,   75,    0
 11025, 56085,20160207,   91,    0
 11025, 56085,20160208,   83,    0
 11025, 56085,20160209,  115,    0
 11025, 56085,20160210,   99,    0
 11025, 56085,20160211,   93,    0
 11025, 56085,20160212,  102,    0
 11025, 56085,20160213,  138,    0
 11025, 56085,20160214,   95,    0
 11025, 56085,20160215,   66,    0
 11025, 56085,20160216,   44,    0
 11025, 56085,20160217,   18,    0
 11025, 56085,20160218,   26,    0
 11025, 56085,20160219,   33,    0
 11025, 56085,20160220,   45,    0
 11025, 56085,20160221,   75,    0
 11025, 56085,20160222,  101,    0
 11025, 56085,20160223,  107,    0
 11025, 56085,20160224,   85,    0
 11025, 56085,20160225,  108,    0
 11025, 56085,20160226,   85,    0
 11025, 56085,20160227,   45,    0
 11025, 56085,20160228,   54,    0
 11025, 56085,20160229,   72,    0
 11025, 56085,20160301,   75,    0
 11025, 56085,20160302,  100,    0
 11025, 56085,20160303,   88,    0
 11025, 56085,20160304,   91,    0
 11025, 56085,20160305,   79,    0
 11025, 56085,20160306,   68,    0
 11025, 56085,20160307,   60,    0
 11025, 56085,20160308,   71,    0
 11025, 56085,20160309,   38,    0
 11025, 56085,20160310,   69,    0
 11025, 56085,20160311,   70,    0
 11025, 56085,20160312,   59,    0
 11025, 56085,20160313,   68,    0
 11025, 56085,20160314,   71,    0
 11025, 56085,20160315,   65,    0
 11025, 56085,20160316,   69,    0
 11025, 56085,20160317,   74,    0
 11025, 56085,20160318,   82,    0
 11025, 56085,20160319,   96,    0
 11025, 56085,20160320,  114,    0
 11025, 56085,20160321,  103,    0
 11025, 56085,20160322,  106,    0
 11025, 56085,20160323,  101,    0
 11025, 56085,20160324,  110,    0
 11025, 56085,20160325,  104,    0
 11025, 56085,20160326,  127,    0
 11025, 56085,20160327,  120,    0
 11025, 56085,20160328,  103,    0
 11025, 56085,20160329,  127,    0
 11025, 56085,20160330,  145,    0
 11025, 56085,20160331,  133,    0
 11025, 56085,20160401,   95,    0
 11025, 56085,20160402,  103,    0
 11025, 56085,20160403,  116,    0
 11025, 56085,20160404,  116,    0
 11025, 56085,20160405,  116,    0
 11025, 56085,20160406,  125,    0
 11025, 56085,20160407,  115,    0
 11025, 56085,20160408,  101,    0
 11025, 56085,20160409,  108,    0
 11025, 56085,20160410,  136,    0
 11025, 56085,20160411,  139,    0
 11025, 56085,20160412,  138,    0
 11025, 56085,20160413,  127,    0
 11025, 56085,20160414,  134,    0
 11025, 56085,20160415,  149,    0
 11025, 56085,20160416,  155,    0
 11025, 56085,20160417,  148,    0
 11025, 56085,20160418,  133,    0
 11025, 56085,20160419,  130,    0
 11025, 56085,20160420,  153,    0
 11025, 56085,20160421,  135,    0
 11025, 56085,20160422,  118,    0
 11025, 56085,20160423,  123,    0
 11025, 56085,20160424,  135,    0
 11025, 56085,20160425,  112,    0
 11025, 56085,20160426,  132,    0
 11025, 56085,20160427,  126,    0
 11025, 56085,20160428,  102,    0
 11025, 56085,20160429,  113,    0
 11025, 56085,20160430,  120,    0
 11025, 56085,20160501,  105,    0
 11025, 56085,20160502,  120,    0
 11025, 56085,20160503,  143,    0
 11025, 56085,20160504,  150,    0
 11025, 56085,20160505,  156,    0
 11025, 56085,20160506,  149,    0
 11025, 56085,20160507,  149,    0
 11025, 56085,20160508,  142,    0
 11025, 56085,20160509,  144,    0
 11025, 56085,20160510,  129,    0
 11025, 56085,20160511,  133,    0
 11025, 56085,20160512,  138,    0
 11025, 56085,20160513,  153,    0
 11025, 56085,20160514,  171,    0
 11025, 56085,20160515,  170,    0
 11025, 56085,20160516,  158,    0
 11025, 56085,20160517,  151,    0
 11025, 56085,20160518,  175,    0
 11025, 56085,20160519,  178,    0
 11025, 56085,20160520,  170,    0
 11025, 56085,20160521,  185,    0
 11025, 56085,20160522,  173,    0
 11025, 56085,20160523,  144,    0
 11025, 56085,20160524,  161,    0
 11025, 56085,20160525,  195,    0
 11025, 56085,20160526,  199,    0
 11025, 56085,20160527,  205,    0
 11025, 56085,20160528,  191,    0
 11025, 56085,20160529,  180,    0
 11025, 56085,20160530,  177,    0
 11025, 56085,20160531,  178,    0
 11025, 56085,20160601,  174,    0
 11025, 56085,20160602,  182,    0
 11025, 56085,20160603,  197,    0
 11025, 56085,20160604,  193,    0
 11025, 56085,20160605,  200,    0
 11025, 56085,20160606,  209,    0
 11025, 56085,20160607,  225,    0
 11025, 56085,20160608,  237,    0
 11025, 56085,20160609,  235,    0
 11025, 56085,20160610,  233,    0
 11025, 56085,20160611,  210,    0
 11025, 56085,20160612,  218,    0
 11025, 56085,20160613,  241,    0
 11025, 56085,20160614,  212,    0
 11025, 56085,20160615,  195,    0
 11025, 56085,20160616,  174,    0
 11025, 56085,20160617,  185,    0
 11025, 56085,20160618,  164,    0
 11025, 56085,20160619,  182,    0
 11025, 56085,20160620,  197,    0
 11025, 56085,20160621,  228,    0
 11025, 56085,20160622,  236,    0
 11025, 56085,20160623,  238,    0
 11025, 56085,20160624,  238,    0
 11025, 56085,20160625,  232,    0
 11025, 56085,20160626,  218,    0
 11025, 56085,20160627,  216,    0
 11025, 56085,20160628,  237,    0
 11025, 56085,20160629,  231,    0
 11025, 56085,20160630,  241,    0
 11025, 56085,20160701,  245,    0
 11025, 56085,20160702,  239,    0
 11025, 56085,20160703,  228,    0
 11025, 56085,20160704,  250,    0
 11025, 56085,20160705,  253,    0
 11025, 56085,20160706,  254,    0
 11025, 56085,20160707,  260,    0
 11025, 56085,20160708,  266,    0
 11025, 56085,20160709,  263,    0
 11025, 56085,20160710,  275,    0
 11025, 56085,20160711,  262,    0
 11025, 56085,20160712,  241,    0
 11025, 56085,20160713,  210,    0
 11025, 56085,20160714,  191,    0
 11025, 56085,20160715,  197,    0
 11025, 56085,20160716,  220,    0
 11025, 56085,20160717,  233,    0
 11025, 56085,20160718,  233,    0
 11025, 56085,20160719,  234,    0
 11025, 56085,20160720,  244,    0
 11025, 56085,20160721,  259,    0
 11025, 56085,20160722,  232,    0
 11025, 56085,20160723,  232,    0
 11025, 56085,20160724,  232,    0
 11025, 56085,20160725,  242,    0
 11025, 56085,20160726,  248,    0
 11025, 56085,20160727,  248,    0
 11025, 56085,20160728,  240,    0
 11025, 56085,20160729,  256,    0
 11025, 56085,20160730,  268,    0
 11025, 56085,20160731,  252,    0
 11025, 56085,20160801,  231,    0
 11025, 56085,20160802,  247,    0
 11025, 56085,20160803,  258,    0
 11025, 56085,20160804,  268,    0
 11025, 56085,20160805,  243,    0
 11025, 56085,20160806,  221,    0
 11025, 56085,20160807,  227,    0
 11025, 56085,20160808,  244,    0
 11025, 56085,20160809,  228,    0
 11025, 56085,20160810,  215,    0
 11025, 56085,20160811,  199,    0
 11025, 56085,20160812,  213,    0
 11025, 56085,20160813,  230,    0
 11025, 56085,20160814,  225,    0
 11025, 56085,20160815,  230,    0
 11025, 56085,20160816,  234,    0
 11025, 56085,20160817,  245,    0
 11025, 56085,20160818,  245,    0
 11025, 56085,20160819,  257,    0
 11025, 56085,20160820,  248,    0
 11025, 56085,20160821,  215,    0
 11025, 56085,20160822,  227,    0
 11025, 56085,20160823,  243,    0
 11025, 56085,20160824,  232,    0
 11025, 56085,20160825,  236,    0
 11025, 56085,20160826,  229,    0
 11025, 56085,20160827,  230,    0
 11025, 56085,20160828,  248,    0
 11025, 56085,20160829,  228,    0
 11025, 56085,20160830,  207,    0
 11025, 56085,20160831,  231,    0
 11025, 56085,20160901,  244,    0
 11025, 56085,20160902,  249,    0
 11025, 56085,20160903,  255,    0
 11025, 56085,20160904,  257,    0
 11025, 56085,20160905,  260,    0
 11025, 56085,20160906,  241,    0
 11025, 56085,20160907,  239,    0
 11025, 56085,20160908,  222,    0
 11025, 56085,20160909,  237,    0
 11025, 56085,20160910,  220,    0
 11025, 56085,20160911,  230,    0
 11025, 56085,20160912,  227,    0
 11025, 56085,20160913,  220,    0
 11025, 56085,20160914,  169,    0
 11025, 56085,20160915,  155,    0
 11025, 56085,20160916,  179,    0
 11025, 56085,20160917,  175,    0
 11025, 56085,20160918,  164,    0
 11025, 56085,20160919,  167,    0
 11025, 56085,20160920,  159,    0
 11025, 56085,20160921,  168,    0
 11025, 56085,20160922,  195,    0
 11025, 56085,20160923,  193,    0
 11025, 56085,20160924,  189,    0
 11025, 56085,20160925,  196,    0
 11025, 56085,20160926,  188,    0
 11025, 56085,20160927,  193,    0
 11025, 56085,20160928,  193,    0
 11025, 56085,20160929,  182,    0
 11025, 56085,20160930,  183,    0
 11025, 56085,20161001,  190,    0
 11025, 56085,20161002,  193,    0
 11025, 56085,20161003,  201,    0
 11025, 56085,20161004,  199,    0
 11025, 56085,20161005,  190,    0
 11025, 56085,20161006,  160,    0
 11025, 56085,20161007,  168,    0
 11025, 56085,20161008,  161,    0
 11025, 56085,20161009,  146,    0
 11025, 56085,20161010,  129,    0
 11025, 56085,20161011,  117,    0
 11025, 56085,20161012,  138,    0
 11025, 56085,20161013,  149,    0
 11025, 56085,20161014,  141,    0
 11025, 56085,20161015,  136,    0
 11025, 56085,20161016,  156,    0
 11025, 56085,20161017,  154,    0
 11025, 56085,20161018,  148,    0
 11025, 56085,20161019,  133,    0
 11025, 56085,20161020,  113,    0
 11025, 56085,20161021,  106,    0
 11025, 56085,20161022,  148,    0
 11025, 56085,20161023,  176,    0
 11025, 56085,20161024,  176,    0
 11025, 56085,20161025,  175,    0
 11025, 56085,20161026,  158,    0
 11025, 56085,20161027,  150,    0
 11025, 56085,20161028,  137,    0
 11025, 56085,20161029,  106,    0
 11025, 56085,20161030,   96,    0
 11025, 56085,20161031,  114,    0
 11025, 56085,20161101,  122,    0
 11025, 56085,20161102,  106,    0
 11025, 56085,20161103,   93,    0
 11025, 56085,20161104,   92,    0
 11025, 56085,20161105,  131,    0
 11025, 56085,20161106,   95,    0
 11025, 56085,20161107,   66,    0
 11025, 56085,20161108,   59,    0
 11025, 56085,20161109,   99,    0
 11025, 56085,20161110,   97,    0
 11025, 56085,20161111,  105,    0
 11025, 56085,20161112,   87,    0
 11025, 56085,20161113,   94,    0
 11025, 56085,20161114,   85,    0
 11025, 56085,20161115,   55,    0
 11025, 56085,20161116,   57,    0
 11025, 56085,20161117,   70,    0
 11025, 56085,20161118,   85,    0
 11025, 56085,20161119,   73,    0
 11025, 56085,20161120,   97,    0
 11025, 56085,20161121,  137,    0
 11025, 56085,20161122,  121,    0
 11025, 56085,20161123,  122,    0
 11025, 56085,20161124,   54,    0
 11025, 56085,20161125,   27,    0
 11025, 56085,20161126,   85,    0
 11025, 56085,20161127,   92,    0
 11025, 56085,20161128,   68,    0
 11025, 56085,20161129,   84,    0
 11025, 56085,20161130,   76,    0
 11025, 56085,20161201,   48,    0
 11025, 56085,20161202,   23,    0
 11025, 56085,20161203,   36,    0
 11025, 56085,20161204,  108,    0
 11025, 56085,20161205,  100,    0
 11025, 56085,20161206,   72,    0
 11025, 56085,20161207,   55,    0
 11025, 56085,20161208,   39,    0
 11025, 56085,20161209,   29,    0
 11025, 56085,20161210,   32,    0
 11025, 56085,20161211,   31,    0
 11025, 56085,20161212,   26,    0
 11025, 56085,20161213,   10,    0
 11025, 56085,20161214,   22,    0
 11025, 56085,20161215,   17,    0
 11025, 56085,20161216,   87,    0
 11025, 56085,20161217,   80,    0
 11025, 56085,20161218,   48,    0
 11025, 56085,20161219,   11,    0
 11025, 56085,20161220,   28,    0
 11025, 56085,20161221,   33,    0
 11025, 56085,20161222,   21,    0
 11025, 56085,20161223,   51,    0
 11025, 56085,20161224,   51,    0
 11025, 56085,20161225,   48,    0
 11025, 56085,20161226,   32,    0
 11025, 56085,20161227,   29,    0
 11025, 56085,20161228,    8,    0
 11025, 56085,20161229,    4,    0
 11025, 56085,20161230,   -6,    0
 11025, 56085,20161231,    7,    0
 11025, 56085,20170101,   10,    0
 11025, 56085,20170102,   -3,    0
 11025, 56085,20170103,   11,    0
 11025, 56085,20170104,    6,    0
 11025, 56085,20170105,   13,    0
 11025, 56085,20170106,   -4,    0
 11025, 56085,20170107,  -17,    0
 11025, 56085,20170108,  -41,    0
 11025, 56085,20170109,  -26,    0
 11025, 56085,20170110,   18,    0
 11025, 56085,20170111,   47,    0
 11025, 56085,20170112,   66,    0
 11025, 56085,20170113,   66,    0
 11025, 56085,20170114,   19,    0
 11025, 56085,20170115,   38,    0
 11025, 56085,20170116,   59,    0
 11025, 56085,20170117,   25,    0
 11025, 56085,20170118,  -30,    0
 11025, 56085,20170119,    9,    0
 11025, 56085,20170120,   75,    0
 11025, 56085,20170121,   55,    0
 11025, 56085,20170122,   53,    0
 11025, 56085,20170123,   51,    0
 11025, 56085,20170124,   40,    0
 11025, 56085,20170125,   14,    0
 11025, 56085,20170126,   44,    0
 11025, 56085,20170127,   76,    0
 11025, 56085,20170128,   74,    0
 11025, 56085,20170129,   50,    0
 11025, 56085,20170130,   84,    0
 11025, 56085,20170131,   85,    0
 11025, 56085,20170201,   55,    0
 11025, 56085,20170202,   59,    0
 11025, 56085,20170203,   65,    0
 11025, 56085,20170204,   99,    0
 11025, 56085,20170205,   80,    0
 11025, 56085,20170206,   86,    0
 11025, 56085,20170207,  115,    0
 11025, 56085,20170208,   73,    0
 11025, 56085,20170209,   46,    0
 11025, 56085,20170210,   56,    0
 11025, 56085,20170211,   74,    0
 11025, 56085,20170212,  116,    0
 11025, 56085,20170213,  119,    0
 11025, 56085,20170214,   97,    0
 11025, 56085,20170215,  106,    0
 11025, 56085,20170216,  105,    0
 11025, 56085,20170217,   60,    0
 11025, 56085,20170218,   46,    0
 11025, 56085,20170219,   62,    0
 11025, 56085,20170220,   54,    0
 11025, 56085,20170221,   44,    0
 11025, 56085,20170222,   66,    0
 11025, 56085,20170223,   78,    0
 11025, 56085,20170224,   88,    0
 11025, 56085,20170225,   68,    0
 11025, 56085,20170226,   76,    0
 11025, 56085,20170227,   76,    0
 11025, 56085,20170228,   95,    0
 11025, 56085,20170301,   72,    0
 11025, 56085,20170302,   95,    0
 11025, 56085,20170303,  102,    0
 11025, 56085,20170304,   73,    0
 11025, 56085,20170305,   89,    0
 11025, 56085,20170306,  131,    0
 11025, 56085,20170307,  123,    0
 11025, 56085,20170308,  130,    0
 11025, 56085,20170309,  133,    0
 11025, 56085,20170310,  132,    0
 11025, 56085,20170311,  140,    0
 11025, 56085,20170312,  131,    0
 11025, 56085,20170313,  101,    0
 11025, 56085,20170314,  108,    0
 11025, 56085,20170315,  111,    0
 11025, 56085,20170316,  120,    0
 11025, 56085,20170317,  115,    0
 11025, 56085,20170318,  113,    0
 11025, 56085,20170319,  123,    0
 11025, 56085,20170320,  128,    0
 11025, 56085,20170321,  114,    0
 11025, 56085,20170322,  103,    0
 11025, 56085,20170323,   86,    0
 11025, 56085,20170324,   62,    0
 11025, 56085,20170325,   44,    0
 11025, 56085,20170326,   97,    0
 11025, 56085,20170327,   86,    0
 11025, 56085,20170328,   99,    0
 11025, 56085,20170329,  120,    0
 11025, 56085,20170330,  125,    0
 11025, 56085,20170331,  124,    0
 11025, 56085,20170401,  119,    0
 11025, 56085,20170402,  114,    0
 11025, 56085,20170403,  109,    0
 11025, 56085,20170404,  127,    0
 11025, 56085,20170405,  115,    0
 11025, 56085,20170406,  118,    0
 11025, 56085,20170407,  129,    0
 11025, 56085,20170408,  139,    0
 11025, 56085,20170409,  135,    0
 11025, 56085,20170410,  146,    0
 11025, 56085,20170411,  155,    0
 11025, 56085,20170412,  147,    0
 11025, 56085,20170413,  159,    0
 11025, 56085,20170414,  172,    0
 11025, 56085,20170415,  153,    0
 11025, 56085,20170416,  140,    0
 11025, 56085,20170417,  154,    0
 11025, 56085,20170418,  153,    0
 11025, 56085,20170419,  135,    0
 11025, 56085,20170420,  119,    0
 11025, 56085,20170421,  113,    0
 11025, 56085,20170422,  127,    0
 11025, 56085,20170423,  146,    0
 11025, 56085,20170424,  154,    0
 11025, 56085,20170425,  154,    0
 11025, 56085,20170426,  125,    0
 11025, 56085,20170427,   69,    0
 11025, 56085,20170428,   85,    0
 11025, 56085,20170429,  107,    0
 11025, 56085,20170430,  139,    0
 11025, 56085,20170501,  114,    0
 11025, 56085,20170502,  134,    0
 11025, 56085,20170503,  133,    0
 11025, 56085,20170504,  162,    0
 11025, 56085,20170505,  169,    0
 11025, 56085,20170506,  166,    0
 11025, 56085,20170507,  165,    0
 11025, 56085,20170508,  164,    0
 11025, 56085,20170509,  162,    0
 11025, 56085,20170510,  174,    0
 11025, 56085,20170511,  170,    0
 11025, 56085,20170512,  170,    0
 11025, 56085,20170513,  179,    0
 11025, 56085,20170514,  193,    0
 11025, 56085,20170515,  199,    0
 11025, 56085,20170516,  210,    0
 11025, 56085,20170517,  192,    0
 11025, 56085,20170518,  148,    0
 11025, 56085,20170519,  142,    0
 11025, 56085,20170520,  159,    0
 11025, 56085,20170521,  182,    0
 11025, 56085,20170522,  201,    0
 11025, 56085,20170523,  209,    0
 11025, 56085,20170524,  226,    0
 11025, 56085,20170525,  232,    0
 11025, 56085,20170526,  220,    0
 11025, 56085,20170527,  214,    0
 11025, 56085,20170528,  215,    0
 11025, 56085,20170529,  204,    0
 11025, 56085,20170530,  191,    0
 11025, 56085,20170531,  204,    0
 11025, 56085,20170601,  213,    0
 11025, 56085,20170602,  218,    0
 11025, 56085,20170603,  196,    0
 11025, 56085,20170604,  156,    0
 11025, 56085,20170605,  175,    0
 11025, 56085,20170606,  196,    0
 11025, 56085,20170607,  184,    0
 11025, 56085,20170608,  214,    0
 11025, 56085,20170609,  225,    0
 11025, 56085,20170610,  240,    0
 11025, 56085,20170611,  255,    0
 11025, 56085,20170612,  251,    0
 11025, 56085,20170613,  256,    0
 11025, 56085,20170614,  260,    0
 11025, 56085,20170615,  268,    0
 11025, 56085,20170616,  265,    0
 11025, 56085,20170617,  264,    0
 11025, 56085,20170618,  260,    0
 11025, 56085,20170619,  253,    0
 11025, 56085,20170620,  253,    0
 11025, 56085,20170621,  254,    0
 11025, 56085,20170622,  271,    0
 11025, 56085,20170623,  268,    0
 11025, 56085,20170624,  262,    0
 11025, 56085,20170625,  238,    0
 11025, 56085,20170626,  238,    0
 11025, 56085,20170627,  242,    0
 11025, 56085,20170628,  215,    0
 11025, 56085,20170629,  185,    0
 11025, 56085,20170630,  179,    0
 11025, 56085,20170701,  188,    0
 11025, 56085,20170702,  199,    0
 11025, 56085,20170703,  220,    0
 11025, 56085,20170704,  235,    0
 11025, 56085,20170705,  237,    0
 11025, 56085,20170706,  253,    0
 11025, 56085,20170707,  269,    0
 11025, 56085,20170708,  251,    0
 11025, 56085,20170709,  231,    0
 11025, 56085,20170710,  252,    0
 11025, 56085,20170711,  247,    0
 11025, 56085,20170712,  272,    0
 11025, 56085,20170713,  272,    0
 11025, 56085,20170714,  250,    0
 11025, 56085,20170715,  247,    0
 11025, 56085,20170716,  258,    0
 11025, 56085,20170717,  254,    0
 11025, 56085,20170718,  254,    0
 11025, 56085,20170719,  257,    0
 11025, 56085,20170720,  248,    0
 11025, 56085,20170721,  223,    0
 11025, 56085,20170722,  244,    0
 11025, 56085,20170723,  225,    0
 11025, 56085,20170724,  232,    0
 11025, 56085,20170725,  218,    0
 11025, 56085,20170726,  213,    0
 11025, 56085,20170727,  249,    0
 11025, 56085,20170728,  261,    0
 11025, 56085,20170729,  259,    0
 11025, 56085,20170730,  268,    0
 11025, 56085,20170731,  280,    0
 11025, 56085,20170801,  245,    0
 11025, 56085,20170802,  275,    0
 11025, 56085,20170803,  288,    0
 11025, 56085,20170804,  280,    0
 11025, 56085,20170805,  283,    0
 11025, 56085,20170806,  246,    0
 11025, 56085,20170807,  249,    0
 11025, 56085,20170808,  235,    0
 11025, 56085,20170809,  167,    0
 11025, 56085,20170810,  184,    0
 11025, 56085,20170811,  191,    0
 11025, 56085,20170812,  204,    0
 11025, 56085,20170813,  225,    0
 11025, 56085,20170814,  234,    0
 11025, 56085,20170815,  248,    0
 11025, 56085,20170816,  253,    0
 11025, 56085,20170817,  256,    0
 11025, 56085,20170818,  271,    0
 11025, 56085,20170819,  240,    0
 11025, 56085,20170820,  220,    0
 11025, 56085,20170821,  240,    0
 11025, 56085,20170822,  255,    0
 11025, 56085,20170823,  247,    0
 11025, 56085,20170824,  244,    0
 11025, 56085,20170825,  246,    0
 11025, 56085,20170826,  254,    0
 11025, 56085,20170827,  247,    0
 11025, 56085,20170828,  244,    0
 11025, 56085,20170829,  215,    0
 11025, 56085,20170830,  223,    0
 11025, 56085,20170831,  211,    0
 11025, 56085,20170901,  196,    0
 11025, 56085,20170902,  184,    0
 11025, 56085,20170903,  183,    0
 11025, 56085,20170904,  214,    0
 11025, 56085,20170905,  227,    0
 11025, 56085,20170906,  227,    0
 11025, 56085,20170907,  181,    0
 11025, 56085,20170908,  177,    0
 11025, 56085,20170909,  166,    0
 11025, 56085,20170910,  173,    0
 11025, 56085,20170911,  210,    0
 11025, 56085,20170912,  186,    0
 11025, 56085,20170913,  194,    0
 11025, 56085,20170914,  205,    0
 11025, 56085,20170915,  116,    0
 11025, 56085,20170916,  128,    0
 11025, 56085,20170917,  143,    0
 11025, 56085,20170918,  168,    0
 11025, 56085,20170919,  157,    0
 11025, 56085,20170920,  145,    0
 11025, 56085,20170921,  180,    0
 11025, 56085,20170922,  167,    0
 11025, 56085,20170923,  184,    0
 11025, 56085,20170924,  195,    0
 11025, 56085,20170925,  197,    0
 11025, 56085,20170926,  183,    0
 11025, 56085,20170927,  184,    0
 11025, 56085,20170928,  190,    0
 11025, 56085,20170929,  187,    0
 11025, 56085,20170930,  163,    0
 11025, 56085,20171001,  174,    0
 11025, 56085,20171002,  193,    0
 11025, 56085,20171003,  194,    0
 11025, 56085,20171004,  201,    0
 11025, 56085,20171005,  197,    0
 11025, 56085,20171006,  182,    0
 11025, 56085,20171007,  143,    0
 11025, 56085,20171008,  147,    0
 11025, 56085,20171009,  152,    0
 11025, 56085,20171010,  160,    0
 11025, 56085,20171011,  172,    0
 11025, 56085,20171012,  177,    0
 11025, 56085,20171013,  180,    0
 11025, 56085,20171014,  183,    0
 11025, 56085,20171015,  182,    0
 11025, 56085,20171016,  178,    0
 11025, 56085,20171017,  171,    0
 11025, 56085,20171018,  161,    0
 11025, 56085,20171019,  131,    0
 11025, 56085,20171020,  148,    0
 11025, 56085,20171021,  156,    0
 11025, 56085,20171022,  138,    0
 11025, 56085,20171023,  115,    0
 11025, 56085,20171024,  127,    0
 11025, 56085,20171025,  148,    0
 11025, 56085,20171026,  149,    0
 11025, 56085,20171027,  147,    0
 11025, 56085,20171028,  134,    0
 11025, 56085,20171029,  118,    0
 11025, 56085,20171030,  117,    0
 11025, 56085,20171031,  115,    0
 11025, 56085,20171101,  127,    0
 11025, 56085,20171102,  134,    0
 11025, 56085,20171103,  138,    0
 11025, 56085,20171104,  136,    0
 11025, 56085,20171105,  124,    0
 11025, 56085,20171106,   83,    0
 11025, 56085,20171107,   49,    0
 11025, 56085,20171108,   63,    0
 11025, 56085,20171109,   66,    0
 11025, 56085,20171110,   67,    0
 11025, 56085,20171111,   86,    0
 11025, 56085,20171112,  115,    0
 11025, 56085,20171113,   99,    0
 11025, 56085,20171114,   46,    0
 11025, 56085,20171115,   34,    0
 11025, 56085,20171116,   46,    0
 11025, 56085,20171117,   51,    0
 11025, 56085,20171118,   49,    0
 11025, 56085,20171119,   42,    0
 11025, 56085,20171120,   46,    0
 11025, 56085,20171121,   45,    0
 11025, 56085,20171122,   52,    0
 11025, 56085,20171123,   74,    0
 11025, 56085,20171124,   97,    0
 11025, 56085,20171125,   96,    0
 11025, 56085,20171126,   57,    0
 11025, 56085,20171127,   28,    0
 11025, 56085,20171128,   16,    0
 11025, 56085,20171129,   22,    0
 11025, 56085,20171130,   23,    0
 11025, 56085,20171201,   25,    0
 11025, 56085,20171202,   25,    0
 11025, 56085,20171203,    6,    0
 11025, 56085,20171204,   -2,    0
 11025, 56085,20171205,    5,    0
 11025, 56085,20171206,   -3,    0
 11025, 56085,20171207,  -11,    0
 11025, 56085,20171208,    0,    0
 11025, 56085,20171209,   21,    0
 11025, 56085,20171210,   59,    0
 11025, 56085,20171211,   84,    0
 11025, 56085,20171212,   42,    0
 11025, 56085,20171213,   12,    0
 11025, 56085,20171214,   65,    0
 11025, 56085,20171215,   81,    0
 11025, 56085,20171216,   43,    0
 11025, 56085,20171217,   21,    0
 11025, 56085,20171218,   19,    0
 11025, 56085,20171219,   19,    0
 11025, 56085,20171220,   -4,    0
 11025, 56085,20171221,   -5,    0
 11025, 56085,20171222,    2,    0
 11025, 56085,20171223,   10,    0
 11025, 56085,20171224,   20,    0
 11025, 56085,20171225,   12,    0
 11025, 56085,20171226,   25,    0
 11025, 56085,20171227,   53,    0
 11025, 56085,20171228,   48,    0
 11025, 56085,20171229,   39,    0
 11025, 56085,20171230,   87,    0
 11025, 56085,20171231,   61,    0
 11025, 56085,20180101,   80,    0
 11025, 56085,20180102,  103,    0
 11025, 56085,20180103,  128,    0
 11025, 56085,20180104,  140,    0
 11025, 56085,20180105,   92,    0
 11025, 56085,20180106,   86,    0
 11025, 56085,20180107,   77,    0
 11025, 56085,20180108,   45,    0
 11025, 56085,20180109,   37,    0
 11025, 56085,20180110,   30,    0
 11025, 56085,20180111,   57,    0
 11025, 56085,20180112,   28,    0
 11025, 56085,20180113,   44,    0
 11025, 56085,20180114,   57,    0
 11025, 56085,20180115,   31,    0
 11025, 56085,20180116,   80,    0
 11025, 56085,20180117,  103,    0
 11025, 56085,20180118,   42,    0
 11025, 56085,20180119,   43,    0
 11025, 56085,20180120,   73,    0
 11025, 56085,20180121,  137,    0
 11025, 56085,20180122,  123,    0
 11025, 56085,20180123,   77,    0
 11025, 56085,20180124,   82,    0
 11025, 56085,20180125,   77,    0
 11025, 56085,20180126,   62,    0
 11025, 56085,20180127,   38,    0
 11025, 56085,20180128,   58,    0
 11025, 56085,20180129,   49,    0
 11025, 56085,20180130,   31,    0
 11025, 56085,20180131,   10,    0
 11025, 56085,20180201,   23,    0
 11025, 56085,20180202,   42,    0
 11025, 56085,20180203,   47,    0
 11025, 56085,20180204,   49,    0
 11025, 56085,20180205,   48,    0
 11025, 56085,20180206,   47,    0
 11025, 56085,20180207,   28,    0
 11025, 56085,20180208,   -2,    0
 11025, 56085,20180209,    4,    0
 11025, 56085,20180210,   24,    0
 11025, 56085,20180211,   58,    0
 11025, 56085,20180212,   57,    0
 11025, 56085,20180213,    7,    0
 11025, 56085,20180214,   56,    0
 11025, 56085,20180215,   96,    0
 11025, 56085,20180216,  103,    0
 11025, 56085,20180217,   93,    0
 11025, 56085,20180218,   67,    0
 11025, 56085,20180219,   89,    0
 11025, 56085,20180220,   94,    0
 11025, 56085,20180221,   63,    0
 11025, 56085,20180222,   37,    0
 11025, 56085,20180223,   26,    0
 11025, 56085,20180224,   24,    0
 11025, 56085,20180225,   40,    0
 11025, 56085,20180226,   46,    0
 11025, 56085,20180227,   10,    0
 11025, 56085,20180228,   20,    0
 11025, 56085,20180301,  102,    0
 11025, 56085,20180302,   85,    0
 11025, 56085,20180303,   96,    0
 11025, 56085,20180304,   94,    0
 11025, 56085,20180305,   77,    0
 11025, 56085,20180306,   85,    0
 11025, 56085,20180307,   70,    0
 11025, 56085,20180308,   90,    0
 11025, 56085,20180309,  118,    0
 11025, 56085,20180310,  138,    0
 11025, 56085,20180311,  108,    0
 11025, 56085,20180312,  104,    0
 11025, 56085,20180313,   88,    0
 11025, 56085,20180314,  104,    0
 11025, 56085,20180315,  112,    0
 11025, 56085,20180316,   88,    0
 11025, 56085,20180317,   55,    0
 11025, 56085,20180318,   72,    0
 11025, 56085,20180319,   62,    0
 11025, 56085,20180320,   61,    0
 11025, 56085,20180321,   46,    0
 11025, 56085,20180322,   59,    0
 11025, 56085,20180323,   85,    0
 11025, 56085,20180324,   68,    0
 11025, 56085,20180325,   81,    0
 11025, 56085,20180326,   85,    0
 11025, 56085,20180327,  113,    0
 11025, 56085,20180328,  135,    0
 11025, 56085,20180329,  127,    0
 11025, 56085,20180330,   98,    0
 11025, 56085,20180331,   86,    0
 11025, 56085,20180401,   91,    0
 11025, 56085,20180402,  112,    0
 11025, 56085,20180403,  133,    0
 11025, 56085,20180404,  126,    0
 11025, 56085,20180405,  123,    0
 11025, 56085,20180406,  121,    0
 11025, 56085,20180407,  137,    0
 11025, 56085,20180408,  104,    0
 11025, 56085,20180409,   93,    0
 11025, 56085,20180410,   87,    0
 11025, 56085,20180411,   72,    0
 11025, 56085,20180412,   92,    0
 11025, 56085,20180413,   91,    0
 11025, 56085,20180414,  104,    0
 11025, 56085,20180415,  129,    0
 11025, 56085,20180416,  123,    0
 11025, 56085,20180417,  143,    0
 11025, 56085,20180418,  169,    0
 11025, 56085,20180419,  158,    0
 11025, 56085,20180420,  154,    0
 11025, 56085,20180421,  157,    0
 11025, 56085,20180422,  163,    0
 11025, 56085,20180423,  160,    0
 11025, 56085,20180424,  177,    0
 11025, 56085,20180425,  183,    0
 11025, 56085,20180426,  166,    0
 11025, 56085,20180427,  174,    0
 11025, 56085,20180428,  170,    0
 11025, 56085,20180429,  117,    0
 11025, 56085,20180430,  113,    0
 11025, 56085,20180501,   99,    0
 11025, 56085,20180502,  120,    0
 11025, 56085,20180503,  143,    0
 11025, 56085,20180504,  141,    0
 11025, 56085,20180505,  140,    0
 11025, 56085,20180506,  160,    0
 11025, 56085,20180507,  171,    0
 11025, 56085,20180508,  180,    0
 11025, 56085,20180509,  172,    0
 11025, 56085,20180510,  169,    0
 11025, 56085,20180511,  174,    0
 11025, 56085,20180512,  159,    0
 11025, 56085,20180513,  123,    0
 11025, 56085,20180514,  127,    0
 11025, 56085,20180515,  152,    0
 11025, 56085,20180516,  170,    0
 11025, 56085,20180517,  180,    0
 11025, 56085,20180518,  179,    0
 11025, 56085,20180519,  181,    0
 11025, 56085,20180520,  178,    0
 11025, 56085,20180521,  178,    0
 11025, 56085,20180522,  176,    0
 11025, 56085,20180523,  192,    0
 11025, 56085,20180524,  205,    0
 11025, 56085,20180525,  192,    0
 11025, 56085,20180526,  198,    0
 11025, 56085,20180527,  199,    0
 11025, 56085,20180528,  174,    0
 11025, 56085,20180529,  191,    0
 11025, 56085,20180530,  166,    0
 11025, 56085,20180531,  187,    0
 11025, 56085,20180601,  201,    0
 11025, 56085,20180602,  194,    0
 11025, 56085,20180603,  176,    0
 11025, 56085,20180604,  198,    0
 11025, 56085,20180605,  193,    0
 11025, 56085,20180606,  158,    0
 11025, 56085,20180607,  175,    0
 11025, 56085,20180608,  199,    0
 11025, 56085,20180609,  213,    0
 11025, 56085,20180610,  188,    0
 11025, 56085,20180611,  211,    0
 11025, 56085,20180612,  190,    0
 11025, 56085,20180613,  199,    0
 11025, 56085,20180614,  200,    0
 11025, 56085,20180615,  205,    0
 11025, 56085,20180616,  217,    0
 11025, 56085,20180617,  210,    0
 11025, 56085,20180618,  221,    0
 11025, 56085,20180619,  227,    0
 11025, 56085,20180620,  246,    0
 11025, 56085,20180621,  261,    0
 11025, 56085,20180622,  256,    0
 11025, 56085,20180623,  235,    0
 11025, 56085,20180624,  240,    0
 11025, 56085,20180625,  244,    0
 11025, 56085,20180626,  246,    0
 11025, 56085,20180627,  257,    0
 11025, 56085,20180628,  243,    0
 11025, 56085,20180629,  235,    0
 11025, 56085,20180630,  246,    0
 11025, 56085,20180701,  249,    0
 11025, 56085,20180702,  256,    0
 11025, 56085,20180703,  256,    0
 11025, 56085,20180704,  245,    0
 11025, 56085,20180705,  237,    0
 11025, 56085,20180706,  230,    0
 11025, 56085,20180707,  254,    0
 11025, 56085,20180708,  256,    0
 11025, 56085,20180709,  261,    0
 11025, 56085,20180710,  254,    0
 11025, 56085,20180711,  246,    0
 11025, 56085,20180712,  246,    0
 11025, 56085,20180713,  246,    0
 11025, 56085,20180714,  253,    0
 11025, 56085,20180715,  262,    0
 11025, 56085,20180716,  234,    0
 11025, 56085,20180717,  234,    0
 11025, 56085,20180718,  243,    0
 11025, 56085,20180719,  247,    0
 11025, 56085,20180720,  239,    0
 11025, 56085,20180721,  214,    0
 11025, 56085,20180722,  217,    0
 11025, 56085,20180723,  242,    0
 11025, 56085,20180724,  256,    0
 11025, 56085,20180725,  249,    0
 11025, 56085,20180726,  260,    0
 11025, 56085,20180727,  265,    0
 11025, 56085,20180728,  257,    0
 11025, 56085,20180729,  270,    0
 11025, 56085,20180730,  272,    0
 11025, 56085,20180731,  270,    0
 11025, 56085,20180801,  265,    0
 11025, 56085,20180802,  275,    0
 11025, 56085,20180803,  279,    0
 11025, 56085,20180804,  287,    0
 11025, 56085,20180805,  278,    0
 11025, 56085,20180806,  279,    0
 11025, 56085,20180807,  266,    0
 11025, 56085,20180808,  254,    0
 11025, 56085,20180809,  242,    0
 11025, 56085,20180810,  226,    0
 11025, 56085,20180811,  245,    0
 11025, 56085,20180812,  243,    0
 11025, 56085,20180813,  248,    0
 11025, 56085,20180814,  235,    0
 11025, 56085,20180815,  225,    0
 11025, 56085,20180816,  241,    0
 11025, 56085,20180817,  210,    0
 11025, 56085,20180818,  198,    0
 11025, 56085,20180819,  223,    0
 11025, 56085,20180820,  236,    0
 11025, 56085,20180821,  247,    0
 11025, 56085,20180822,  250,    0
 11025, 56085,20180823,  247,    0
 11025, 56085,20180824,  233,    0
 11025, 56085,20180825,  209,    0
 11025, 56085,20180826,  202,    0
 11025, 56085,20180827,  236,    0
 11025, 56085,20180828,  244,    0
 11025, 56085,20180829,  246,    0
 11025, 56085,20180830,  236,    0
 11025, 56085,20180831,  232,    0
 11025, 56085,20180901,  230,    0
 11025, 56085,20180902,  241,    0
 11025, 56085,20180903,  243,    0
 11025, 56085,20180904,  237,    0
 11025, 56085,20180905,  231,    0
 11025, 56085,20180906,  213,    0
 11025, 56085,20180907,  205,    0
 11025, 56085,20180908,  216,    0
 11025, 56085,20180909,  224,    0
 11025, 56085,20180910,  218,    0
 11025, 56085,20180911,  225,    0
 11025, 56085,20180912,  222,    0
 11025, 56085,20180913,  217,    0
 11025, 56085,20180914,  210,    0
 11025, 56085,20180915,  210,    0
 11025, 56085,20180916,  227,    0
 11025, 56085,20180917,  219,    0
 11025, 56085,20180918,  212,    0
 11025, 56085,20180919,  219,    0
 11025, 56085,20180920,  230,    0
 11025, 56085,20180921,  238,    0
 11025, 56085,20180922,  225,    0
 11025, 56085,20180923,  231,    0
 11025, 56085,20180924,  217,    0
 11025, 56085,20180925,  167,    0
 11025, 56085,20180926,  192,    0
 11025, 56085,20180927,  184,    0
 11025, 56085,20180928,  188,    0
 11025, 56085,20180929,  202,    0
 11025, 56085,20180930,  198,    0
 11025, 56085,20181001,  160,    0
 11025, 56085,20181002,  137,    0
 11025, 56085,20181003,  155,    0
 11025, 56085,20181004,  173,    0
 11025, 56085,20181005,  179,    0
 11025, 56085,20181006,  186,    0
 11025, 56085,20181007,  164,    0
 11025, 56085,20181008,  137,    0
 11025, 56085,20181009,  152,    0
 11025, 56085,20181010,  174,    0
 11025, 56085,20181011,  179,    0
 11025, 56085,20181012,  197,    0
 11025, 56085,20181013,  197,    0
 11025, 56085,20181014,  178,    0
 11025, 56085,20181015,  144,    0
 11025, 56085,20181016,  157,    0
 11025, 56085,20181017,  165,    0
 11025, 56085,20181018,  161,    0
 11025, 56085,20181019,  181,    0
 11025, 56085,20181020,  173,    0
 11025, 56085,20181021,  153,    0
 11025, 56085,20181022,  144,    0
 11025, 56085,20181023,  118,    0
 11025, 56085,20181024,  118,    0
 11025, 56085,20181025,  123,    0
 11025, 56085,20181026,  130,    0
 11025, 56085,20181027,  110,    0
 11025, 56085,20181028,   64,    0
 11025, 56085,20181029,   63,    0
 11025, 56085,20181030,   78,    0
 11025, 56085,20181031,  107,    0
 11025, 56085,20181101,   97,    0
 11025, 56085,20181102,   93,    0
 11025, 56085,20181103,   75,    0
 11025, 56085,20181104,   80,    0
 11025, 56085,20181105,  109,    0
 11025, 56085,20181106,   88,    0
 11025, 56085,20181107,   94,    0
 11025, 56085,20181108,  111,    0
 11025, 56085,20181109,  109,    0
 11025, 56085,20181110,  108,    0
 11025, 56085,20181111,  135,    0
 11025, 56085,20181112,  151,    0
 11025, 56085,20181113,  129,    0
 11025, 56085,20181114,  135,    0
 11025, 56085,20181115,  130,    0
 11025, 56085,20181116,  132,    0
 11025, 56085,20181117,  121,    0
 11025, 56085,20181118,  106,    0
 11025, 56085,20181119,  105,    0
 11025, 56085,20181120,   82,    0
 11025, 56085,20181121,   88,    0
 11025, 56085,20181122,   75,    0
 11025, 56085,20181123,   77,    0
 11025, 56085,20181124,   59,    0
 11025, 56085,20181125,   53,    0
 11025, 56085,20181126,   76,    0
 11025, 56085,20181127,   74,    0
 11025, 56085,20181128,   56,    0
 11025, 56085,20181129,   49,    0
 11025, 56085,20181130,   67,    0
 11025, 56085,20181201,   47,    0
 11025, 56085,20181202,   73,    0
 11025, 56085,20181203,   69,    0
 11025, 56085,20181204,   77,    0
 11025, 56085,20181205,   70,    0
 11025, 56085,20181206,   78,    0
 11025, 56085,20181207,   66,    0
 11025, 56085,20181208,   60,    0
 11025, 56085,20181209,   79,    0
 11025, 56085,20181210,   66,    0
 11025, 56085,20181211,   30,    0
 11025, 56085,20181212,   27,    0
 11025, 56085,20181213,   47,    0
 11025, 56085,20181214,   76,    0
 11025, 56085,20181215,   59,    0
 11025, 56085,20181216,   63,    0
 11025, 56085,20181217,   59,    0
 11025, 56085,20181218,   38,    0
 11025, 56085,20181219,   69,    0
 11025, 56085,20181220,   53,    0
 11025, 56085,20181221,   47,    0
 11025, 56085,20181222,   55,    0
 11025, 56085,20181223,   44,    0
 11025, 56085,20181224,   50,    0
 11025, 56085,20181225,   47,    0
 11025, 56085,20181226,   46,    0
 11025, 56085,20181227,   58,    0
 11025, 56085,20181228,   54,    0
 11025, 56085,20181229,   47,    0
 11025, 56085,20181230,   28,    0
 11025, 56085,20181231,   18,    0
 11025, 56085,20190101,-9999,    9
 11025, 56085,20190102,-9999,    9
 11025, 56085,20190103,-9999,    9
 11025, 56085,20190104,-9999,    9
 11025, 56085,20190105,-9999,    9
 11025, 56085,20190106,-9999,    9
 11025, 56085,20190107,-9999,    9
 11025, 56085,20190108,-9999,    9
 11025, 56085,20190109,-9999,    9
 11025, 56085,20190110,-9999,    9
 11025, 56085,20190111,-9999,    9
 11025, 56085,20190112,-9999,    9
 11025, 56085,20190113,-9999,    9
 11025, 56085,20190114,-9999,    9
 11025, 56085,20190115,-9999,    9
 11025, 56085,20190116,-9999,    9
 11025, 56085,20190117,-9999,    9
 11025, 56085,20190118,-9999,    9
 11025, 56085,20190119,-9999,    9
 11025, 56085,20190120,-9999,    9
 11025, 56085,20190121,-9999,    9
 11025, 56085,20190122,-9999,    9
 11025, 56085,20190123,-9999,    9
 11025, 56085,20190124,-9999,    9
 11025, 56085,20190125,-9999,    9
 11025, 56085,20190126,-9999,    9
 11025, 56085,20190127,-9999,    9
 11025, 56085,20190128,-9999,    9
 11025, 56085,20190129,-9999,    9
 11025, 56085,20190130,-9999,    9
 11025, 56085,20190131,-9999,    9
 11025, 56085,20190201,-9999,    9
 11025, 56085,20190202,-9999,    9
 11025, 56085,20190203,-9999,    9
 11025, 56085,20190204,-9999,    9
 11025, 56085,20190205,-9999,    9
 11025, 56085,20190206,-9999,    9
 11025, 56085,20190207,-9999,    9
 11025, 56085,20190208,-9999,    9
 11025, 56085,20190209,-9999,    9
 11025, 56085,20190210,-9999,    9
 11025, 56085,20190211,-9999,    9
 11025, 56085,20190212,-9999,    9
 11025, 56085,20190213,-9999,    9
 11025, 56085,20190214,-9999,    9
 11025, 56085,20190215,-9999,    9
 11025, 56085,20190216,-9999,    9
 11025, 56085,20190217,-9999,    9
 11025, 56085,20190218,-9999,    9
 11025, 56085,20190219,-9999,    9
 11025, 56085,20190220,-9999,    9
 11025, 56085,20190221,-9999,    9
 11025, 56085,20190222,-9999,    9
 11025, 56085,20190223,-9999,    9
 11025, 56085,20190224,-9999,    9
 11025, 56085,20190225,-9999,    9
 11025, 56085,20190226,-9999,    9
 11025, 56085,20190227,-9999,    9
 11025, 56085,20190228,-9999,    9
 11025, 56085,20190301,-9999,    9
 11025, 56085,20190302,-9999,    9
 11025, 56085,20190303,-9999,    9
 11025, 56085,20190304,-9999,    9
 11025, 56085,20190305,-9999,    9
 11025, 56085,20190306,-9999,    9
 11025, 56085,20190307,-9999,    9
 11025, 56085,20190308,-9999,    9
 11025, 56085,20190309,-9999,    9
 11025, 56085,20190310,-9999,    9
 11025, 56085,20190311,-9999,    9
 11025, 56085,20190312,-9999,    9
 11025, 56085,20190313,-9999,    9
 11025, 56085,20190314,-9999,    9
 11025, 56085,20190315,-9999,    9
 11025, 56085,20190316,-9999,    9
 11025, 56085,20190317,-9999,    9
 11025, 56085,20190318,-9999,    9
 11025, 56085,20190319,-9999,    9
 11025, 56085,20190320,-9999,    9
 11025, 56085,20190321,-9999,    9
 11025, 56085,20190322,-9999,    9
 11025, 56085,20190323,-9999,    9
 11025, 56085,20190324,-9999,    9
 11025, 56085,20190325,-9999,    9
 11025, 56085,20190326,-9999,    9
 11025, 56085,20190327,-9999,    9
 11025, 56085,20190328,-9999,    9
 11025, 56085,20190329,-9999,    9
 11025, 56085,20190330,-9999,    9
 11025, 56085,20190331,-9999,    9
 11025, 56085,20190401,-9999,    9
 11025, 56085,20190402,-9999,    9
 11025, 56085,20190403,-9999,    9
 11025, 56085,20190404,-9999,    9
 11025, 56085,20190405,-9999,    9
 11025, 56085,20190406,-9999,    9
 11025, 56085,20190407,-9999,    9
 11025, 56085,20190408,-9999,    9
 11025, 56085,20190409,-9999,    9
 11025, 56085,20190410,-9999,    9
 11025, 56085,20190411,-9999,    9
 11025, 56085,20190412,-9999,    9
 11025, 56085,20190413,-9999,    9
 11025, 56085,20190414,-9999,    9
 11025, 56085,20190415,-9999,    9
 11025, 56085,20190416,-9999,    9
 11025, 56085,20190417,-9999,    9
 11025, 56085,20190418,-9999,    9
 11025, 56085,20190419,-9999,    9
 11025, 56085,20190420,-9999,    9
 11025, 56085,20190421,-9999,    9
 11025, 56085,20190422,-9999,    9
 11025, 56085,20190423,-9999,    9
 11025, 56085,20190424,-9999,    9
 11025, 56085,20190425,-9999,    9
 11025, 56085,20190426,-9999,    9
 11025, 56085,20190427,-9999,    9
 11025, 56085,20190428,-9999,    9
 11025, 56085,20190429,-9999,    9
 11025, 56085,20190430,-9999,    9
