EUROPEAN CLIMATE ASSESSMENT & DATASET (ECA&D), file created on: 13-05-2019
THESE DATA CAN BE USED FOR NON-COMMERCIAL RESEARCH AND EDUCATION PROVIDED THAT THE FOLLOWING SOURCE IS ACKNOWLEDGED: 

Klein Tank, A.M.G. and Coauthors, 2002. Daily dataset of 20th-century surface
air temperature and precipitation series for the European Climate Assessment.
Int. J. of Climatol., 22, 1441-1453.
Data and metadata available at http://www.ecad.eu

FILE FORMAT (MISSING VALUE CODE = -9999):

01-06 STAID: Station identifier
08-13 SOUID: Source identifier
15-22 DATE : Date YYYYMMDD
24-28 TG   : Mean temperature in 0.1 &#176;C
30-34 Q_TG : quality code for TG (0='valid'; 1='suspect'; 9='missing')

This is the blended series of station ATHENRY, IRELAND (STAID: 11008)
Blended and updated with sources:55921 
See files sources.txt and stations.txt for more info.

STAID, SOUID,    DATE,   TG, Q_TG
 11008, 55921,20130101,   60,    0
 11008, 55921,20130102,   73,    0
 11008, 55921,20130103,  107,    0
 11008, 55921,20130104,  100,    0
 11008, 55921,20130105,  105,    0
 11008, 55921,20130106,   79,    0
 11008, 55921,20130107,  109,    0
 11008, 55921,20130108,   88,    0
 11008, 55921,20130109,   23,    0
 11008, 55921,20130110,   34,    0
 11008, 55921,20130111,   41,    0
 11008, 55921,20130112,   47,    0
 11008, 55921,20130113,   16,    0
 11008, 55921,20130114,   34,    0
 11008, 55921,20130115,   14,    0
 11008, 55921,20130116,   29,    0
 11008, 55921,20130117,   66,    0
 11008, 55921,20130118,   70,    0
 11008, 55921,20130119,   19,    0
 11008, 55921,20130120,    5,    0
 11008, 55921,20130121,   24,    0
 11008, 55921,20130122,   -7,    0
 11008, 55921,20130123,   -1,    0
 11008, 55921,20130124,   20,    0
 11008, 55921,20130125,   34,    0
 11008, 55921,20130126,   66,    0
 11008, 55921,20130127,   46,    0
 11008, 55921,20130128,   69,    0
 11008, 55921,20130129,   92,    0
 11008, 55921,20130130,   69,    0
 11008, 55921,20130131,   72,    0
 11008, 55921,20130201,   67,    0
 11008, 55921,20130202,   45,    0
 11008, 55921,20130203,   50,    0
 11008, 55921,20130204,   72,    0
 11008, 55921,20130205,   43,    0
 11008, 55921,20130206,   41,    0
 11008, 55921,20130207,   29,    0
 11008, 55921,20130208,   70,    0
 11008, 55921,20130209,   69,    0
 11008, 55921,20130210,   59,    0
 11008, 55921,20130211,   46,    0
 11008, 55921,20130212,   53,    0
 11008, 55921,20130213,   73,    0
 11008, 55921,20130214,   79,    0
 11008, 55921,20130215,   50,    0
 11008, 55921,20130216,   78,    0
 11008, 55921,20130217,   99,    0
 11008, 55921,20130218,   61,    0
 11008, 55921,20130219,   79,    0
 11008, 55921,20130220,   39,    0
 11008, 55921,20130221,   26,    0
 11008, 55921,20130222,   12,    0
 11008, 55921,20130223,   12,    0
 11008, 55921,20130224,   13,    0
 11008, 55921,20130225,   13,    0
 11008, 55921,20130226,   18,    0
 11008, 55921,20130227,   23,    0
 11008, 55921,20130228,   34,    0
 11008, 55921,20130301,   55,    0
 11008, 55921,20130302,   28,    0
 11008, 55921,20130303,   48,    0
 11008, 55921,20130304,   38,    0
 11008, 55921,20130305,   47,    0
 11008, 55921,20130306,   56,    0
 11008, 55921,20130307,   83,    0
 11008, 55921,20130308,  112,    0
 11008, 55921,20130309,  107,    0
 11008, 55921,20130310,   45,    0
 11008, 55921,20130311,    4,    0
 11008, 55921,20130312,    0,    0
 11008, 55921,20130313,   40,    0
 11008, 55921,20130314,   32,    0
 11008, 55921,20130315,   57,    0
 11008, 55921,20130316,   25,    0
 11008, 55921,20130317,   24,    0
 11008, 55921,20130318,   34,    0
 11008, 55921,20130319,   21,    0
 11008, 55921,20130320,   33,    0
 11008, 55921,20130321,   45,    0
 11008, 55921,20130322,   66,    0
 11008, 55921,20130323,   54,    0
 11008, 55921,20130324,   25,    0
 11008, 55921,20130325,   32,    0
 11008, 55921,20130326,   15,    0
 11008, 55921,20130327,   15,    0
 11008, 55921,20130328,   14,    0
 11008, 55921,20130329,   29,    0
 11008, 55921,20130330,   24,    0
 11008, 55921,20130331,   27,    0
 11008, 55921,20130401,   35,    0
 11008, 55921,20130402,   52,    0
 11008, 55921,20130403,   33,    0
 11008, 55921,20130404,   41,    0
 11008, 55921,20130405,   33,    0
 11008, 55921,20130406,   35,    0
 11008, 55921,20130407,   41,    0
 11008, 55921,20130408,   62,    0
 11008, 55921,20130409,   52,    0
 11008, 55921,20130410,   74,    0
 11008, 55921,20130411,   85,    0
 11008, 55921,20130412,   84,    0
 11008, 55921,20130413,   66,    0
 11008, 55921,20130414,  102,    0
 11008, 55921,20130415,  120,    0
 11008, 55921,20130416,  103,    0
 11008, 55921,20130417,   98,    0
 11008, 55921,20130418,-9999,    9
 11008, 55921,20130419,-9999,    9
 11008, 55921,20130420,   84,    0
 11008, 55921,20130421,   86,    0
 11008, 55921,20130422,   99,    0
 11008, 55921,20130423,  113,    0
 11008, 55921,20130424,   99,    0
 11008, 55921,20130425,   88,    0
 11008, 55921,20130426,   59,    0
 11008, 55921,20130427,   69,    0
 11008, 55921,20130428,   97,    0
 11008, 55921,20130429,   82,    0
 11008, 55921,20130430,   64,    0
 11008, 55921,20130501,   99,    0
 11008, 55921,20130502,   96,    0
 11008, 55921,20130503,  110,    0
 11008, 55921,20130504,   94,    0
 11008, 55921,20130505,  122,    0
 11008, 55921,20130506,  132,    0
 11008, 55921,20130507,  122,    0
 11008, 55921,20130508,  112,    0
 11008, 55921,20130509,   91,    0
 11008, 55921,20130510,  101,    0
 11008, 55921,20130511,   97,    0
 11008, 55921,20130512,   98,    0
 11008, 55921,20130513,   77,    0
 11008, 55921,20130514,   78,    0
 11008, 55921,20130515,   73,    0
 11008, 55921,20130516,   89,    0
 11008, 55921,20130517,  106,    0
 11008, 55921,20130518,   76,    0
 11008, 55921,20130519,  112,    0
 11008, 55921,20130520,  115,    0
 11008, 55921,20130521,  127,    0
 11008, 55921,20130522,  112,    0
 11008, 55921,20130523,   85,    0
 11008, 55921,20130524,   94,    0
 11008, 55921,20130525,   99,    0
 11008, 55921,20130526,  122,    0
 11008, 55921,20130527,  101,    0
 11008, 55921,20130528,  111,    0
 11008, 55921,20130529,  124,    0
 11008, 55921,20130530,  125,    0
 11008, 55921,20130531,  132,    0
 11008, 55921,20130601,  113,    0
 11008, 55921,20130602,  106,    0
 11008, 55921,20130603,  150,    0
 11008, 55921,20130604,  155,    0
 11008, 55921,20130605,  145,    0
 11008, 55921,20130606,  151,    0
 11008, 55921,20130607,  162,    0
 11008, 55921,20130608,  170,    0
 11008, 55921,20130609,  159,    0
 11008, 55921,20130610,  113,    0
 11008, 55921,20130611,  140,    0
 11008, 55921,20130612,  118,    0
 11008, 55921,20130613,  128,    0
 11008, 55921,20130614,  123,    0
 11008, 55921,20130615,  114,    0
 11008, 55921,20130616,  130,    0
 11008, 55921,20130617,  143,    0
 11008, 55921,20130618,  129,    0
 11008, 55921,20130619,  121,    0
 11008, 55921,20130620,  139,    0
 11008, 55921,20130621,  136,    0
 11008, 55921,20130622,  126,    0
 11008, 55921,20130623,  131,    0
 11008, 55921,20130624,  118,    0
 11008, 55921,20130625,  126,    0
 11008, 55921,20130626,  134,    0
 11008, 55921,20130627,  130,    0
 11008, 55921,20130628,  142,    0
 11008, 55921,20130629,  149,    0
 11008, 55921,20130630,  144,    0
 11008, 55921,20130701,  134,    0
 11008, 55921,20130702,  127,    0
 11008, 55921,20130703,  140,    0
 11008, 55921,20130704,  143,    0
 11008, 55921,20130705,  148,    0
 11008, 55921,20130706,  137,    0
 11008, 55921,20130707,  188,    0
 11008, 55921,20130708,  209,    0
 11008, 55921,20130709,  219,    0
 11008, 55921,20130710,  206,    0
 11008, 55921,20130711,  215,    0
 11008, 55921,20130712,  188,    0
 11008, 55921,20130713,  176,    0
 11008, 55921,20130714,  156,    0
 11008, 55921,20130715,  162,    0
 11008, 55921,20130716,  187,    0
 11008, 55921,20130717,  182,    0
 11008, 55921,20130718,  198,    0
 11008, 55921,20130719,  215,    0
 11008, 55921,20130720,  222,    0
 11008, 55921,20130721,  194,    0
 11008, 55921,20130722,  189,    0
 11008, 55921,20130723,  189,    0
 11008, 55921,20130724,  179,    0
 11008, 55921,20130725,  165,    0
 11008, 55921,20130726,  166,    0
 11008, 55921,20130727,  168,    0
 11008, 55921,20130728,  167,    0
 11008, 55921,20130729,  165,    0
 11008, 55921,20130730,  153,    0
 11008, 55921,20130731,  162,    0
 11008, 55921,20130801,  171,    0
 11008, 55921,20130802,  168,    0
 11008, 55921,20130803,  154,    0
 11008, 55921,20130804,  151,    0
 11008, 55921,20130805,  135,    0
 11008, 55921,20130806,  154,    0
 11008, 55921,20130807,  152,    0
 11008, 55921,20130808,  155,    0
 11008, 55921,20130809,  153,    0
 11008, 55921,20130810,  148,    0
 11008, 55921,20130811,  147,    0
 11008, 55921,20130812,  150,    0
 11008, 55921,20130813,  160,    0
 11008, 55921,20130814,  166,    0
 11008, 55921,20130815,  178,    0
 11008, 55921,20130816,  148,    0
 11008, 55921,20130817,  165,    0
 11008, 55921,20130818,  148,    0
 11008, 55921,20130819,  141,    0
 11008, 55921,20130820,  164,    0
 11008, 55921,20130821,  162,    0
 11008, 55921,20130822,  169,    0
 11008, 55921,20130823,  160,    0
 11008, 55921,20130824,  120,    0
 11008, 55921,20130825,  135,    0
 11008, 55921,20130826,  150,    0
 11008, 55921,20130827,  162,    0
 11008, 55921,20130828,  135,    0
 11008, 55921,20130829,  156,    0
 11008, 55921,20130830,  160,    0
 11008, 55921,20130831,  131,    0
 11008, 55921,20130901,  138,    0
 11008, 55921,20130902,  154,    0
 11008, 55921,20130903,  146,    0
 11008, 55921,20130904,  158,    0
 11008, 55921,20130905,  103,    0
 11008, 55921,20130906,  107,    0
 11008, 55921,20130907,   87,    0
 11008, 55921,20130908,  116,    0
 11008, 55921,20130909,  116,    0
 11008, 55921,20130910,  118,    0
 11008, 55921,20130911,  152,    0
 11008, 55921,20130912,  160,    0
 11008, 55921,20130913,  119,    0
 11008, 55921,20130914,  116,    0
 11008, 55921,20130915,  133,    0
 11008, 55921,20130916,  100,    0
 11008, 55921,20130917,  131,    0
 11008, 55921,20130918,  117,    0
 11008, 55921,20130919,  120,    0
 11008, 55921,20130920,  144,    0
 11008, 55921,20130921,  160,    0
 11008, 55921,20130922,  185,    0
 11008, 55921,20130923,  172,    0
 11008, 55921,20130924,  163,    0
 11008, 55921,20130925,  165,    0
 11008, 55921,20130926,  166,    0
 11008, 55921,20130927,  145,    0
 11008, 55921,20130928,  153,    0
 11008, 55921,20130929,  157,    0
 11008, 55921,20130930,  145,    0
 11008, 55921,20131001,  172,    0
 11008, 55921,20131002,  177,    0
 11008, 55921,20131003,  170,    0
 11008, 55921,20131004,  144,    0
 11008, 55921,20131005,  145,    0
 11008, 55921,20131006,  156,    0
 11008, 55921,20131007,  169,    0
 11008, 55921,20131008,  134,    0
 11008, 55921,20131009,  111,    0
 11008, 55921,20131010,   69,    0
 11008, 55921,20131011,   75,    0
 11008, 55921,20131012,   86,    0
 11008, 55921,20131013,  114,    0
 11008, 55921,20131014,   93,    0
 11008, 55921,20131015,   88,    0
 11008, 55921,20131016,  108,    0
 11008, 55921,20131017,  134,    0
 11008, 55921,20131018,  129,    0
 11008, 55921,20131019,  133,    0
 11008, 55921,20131020,  124,    0
 11008, 55921,20131021,  113,    0
 11008, 55921,20131022,  133,    0
 11008, 55921,20131023,  102,    0
 11008, 55921,20131024,   96,    0
 11008, 55921,20131025,-9999,    9
 11008, 55921,20131026,-9999,    9
 11008, 55921,20131027,  111,    0
 11008, 55921,20131028,  100,    0
 11008, 55921,20131029,   77,    0
 11008, 55921,20131030,   92,    0
 11008, 55921,20131031,   99,    0
 11008, 55921,20131101,   88,    0
 11008, 55921,20131102,   58,    0
 11008, 55921,20131103,   84,    0
 11008, 55921,20131104,   40,    0
 11008, 55921,20131105,   54,    0
 11008, 55921,20131106,   77,    0
 11008, 55921,20131107,   72,    0
 11008, 55921,20131108,   69,    0
 11008, 55921,20131109,   55,    0
 11008, 55921,20131110,   67,    0
 11008, 55921,20131111,   81,    0
 11008, 55921,20131112,   76,    0
 11008, 55921,20131113,   66,    0
 11008, 55921,20131114,   81,    0
 11008, 55921,20131115,   89,    0
 11008, 55921,20131116,  108,    0
 11008, 55921,20131117,  101,    0
 11008, 55921,20131118,   50,    0
 11008, 55921,20131119,   38,    0
 11008, 55921,20131120,   50,    0
 11008, 55921,20131121,   47,    0
 11008, 55921,20131122,   31,    0
 11008, 55921,20131123,   21,    0
 11008, 55921,20131124,   38,    0
 11008, 55921,20131125,   66,    0
 11008, 55921,20131126,   68,    0
 11008, 55921,20131127,   60,    0
 11008, 55921,20131128,   87,    0
 11008, 55921,20131129,   84,    0
 11008, 55921,20131130,   63,    0
 11008, 55921,20131201,   70,    0
 11008, 55921,20131202,   78,    0
 11008, 55921,20131203,   79,    0
 11008, 55921,20131204,   41,    0
 11008, 55921,20131205,   45,    0
 11008, 55921,20131206,   69,    0
 11008, 55921,20131207,   87,    0
 11008, 55921,20131208,   93,    0
 11008, 55921,20131209,   98,    0
 11008, 55921,20131210,  110,    0
 11008, 55921,20131211,  120,    0
 11008, 55921,20131212,  124,    0
 11008, 55921,20131213,   97,    0
 11008, 55921,20131214,   86,    0
 11008, 55921,20131215,   75,    0
 11008, 55921,20131216,   55,    0
 11008, 55921,20131217,   57,    0
 11008, 55921,20131218,   73,    0
 11008, 55921,20131219,   37,    0
 11008, 55921,20131220,   63,    0
 11008, 55921,20131221,   62,    0
 11008, 55921,20131222,   55,    0
 11008, 55921,20131223,   60,    0
 11008, 55921,20131224,   42,    0
 11008, 55921,20131225,   32,    0
 11008, 55921,20131226,   44,    0
 11008, 55921,20131227,   36,    0
 11008, 55921,20131228,   47,    0
 11008, 55921,20131229,   54,    0
 11008, 55921,20131230,   57,    0
 11008, 55921,20131231,   50,    0
 11008, 55921,20140101,   45,    0
 11008, 55921,20140102,   62,    0
 11008, 55921,20140103,   67,    0
 11008, 55921,20140104,   44,    0
 11008, 55921,20140105,   69,    0
 11008, 55921,20140106,   79,    0
 11008, 55921,20140107,   78,    0
 11008, 55921,20140108,   51,    0
 11008, 55921,20140109,   29,    0
 11008, 55921,20140110,   27,    0
 11008, 55921,20140111,   41,    0
 11008, 55921,20140112,   41,    0
 11008, 55921,20140113,   46,    0
 11008, 55921,20140114,   43,    0
 11008, 55921,20140115,   58,    0
 11008, 55921,20140116,   48,    0
 11008, 55921,20140117,   56,    0
 11008, 55921,20140118,   26,    0
 11008, 55921,20140119,   38,    0
 11008, 55921,20140120,   39,    0
 11008, 55921,20140121,   40,    0
 11008, 55921,20140122,   70,    0
 11008, 55921,20140123,   70,    0
 11008, 55921,20140124,   75,    0
 11008, 55921,20140125,   93,    0
 11008, 55921,20140126,   59,    0
 11008, 55921,20140127,   54,    0
 11008, 55921,20140128,   68,    0
 11008, 55921,20140129,   52,    0
 11008, 55921,20140130,   32,    0
 11008, 55921,20140131,   60,    0
 11008, 55921,20140201,   48,    0
 11008, 55921,20140202,   63,    0
 11008, 55921,20140203,   49,    0
 11008, 55921,20140204,   38,    0
 11008, 55921,20140205,   45,    0
 11008, 55921,20140206,   55,    0
 11008, 55921,20140207,   31,    0
 11008, 55921,20140208,   45,    0
 11008, 55921,20140209,   62,    0
 11008, 55921,20140210,   22,    0
 11008, 55921,20140211,   40,    0
 11008, 55921,20140212,   40,    0
 11008, 55921,20140213,   44,    0
 11008, 55921,20140214,   52,    0
 11008, 55921,20140215,   56,    0
 11008, 55921,20140216,   36,    0
 11008, 55921,20140217,   52,    0
 11008, 55921,20140218,   68,    0
 11008, 55921,20140219,   82,    0
 11008, 55921,20140220,   64,    0
 11008, 55921,20140221,   60,    0
 11008, 55921,20140222,   76,    0
 11008, 55921,20140223,   81,    0
 11008, 55921,20140224,   59,    0
 11008, 55921,20140225,   69,    0
 11008, 55921,20140226,   69,    0
 11008, 55921,20140227,   62,    0
 11008, 55921,20140228,   45,    0
 11008, 55921,20140301,   56,    0
 11008, 55921,20140302,   50,    0
 11008, 55921,20140303,   46,    0
 11008, 55921,20140304,   46,    0
 11008, 55921,20140305,   69,    0
 11008, 55921,20140306,   96,    0
 11008, 55921,20140307,   81,    0
 11008, 55921,20140308,   84,    0
 11008, 55921,20140309,   64,    0
 11008, 55921,20140310,   60,    0
 11008, 55921,20140311,   57,    0
 11008, 55921,20140312,   55,    0
 11008, 55921,20140313,   55,    0
 11008, 55921,20140314,   83,    0
 11008, 55921,20140315,   86,    0
 11008, 55921,20140316,   92,    0
 11008, 55921,20140317,   82,    0
 11008, 55921,20140318,   95,    0
 11008, 55921,20140319,  101,    0
 11008, 55921,20140320,   79,    0
 11008, 55921,20140321,   55,    0
 11008, 55921,20140322,   50,    0
 11008, 55921,20140323,   61,    0
 11008, 55921,20140324,   58,    0
 11008, 55921,20140325,   71,    0
 11008, 55921,20140326,   67,    0
 11008, 55921,20140327,   61,    0
 11008, 55921,20140328,   51,    0
 11008, 55921,20140329,   71,    0
 11008, 55921,20140330,   79,    0
 11008, 55921,20140331,  110,    0
 11008, 55921,20140401,   92,    0
 11008, 55921,20140402,  109,    0
 11008, 55921,20140403,  114,    0
 11008, 55921,20140404,  119,    0
 11008, 55921,20140405,  121,    0
 11008, 55921,20140406,  113,    0
 11008, 55921,20140407,   80,    0
 11008, 55921,20140408,   79,    0
 11008, 55921,20140409,  111,    0
 11008, 55921,20140410,   96,    0
 11008, 55921,20140411,   57,    0
 11008, 55921,20140412,  102,    0
 11008, 55921,20140413,   97,    0
 11008, 55921,20140414,  103,    0
 11008, 55921,20140415,   92,    0
 11008, 55921,20140416,  112,    0
 11008, 55921,20140417,  104,    0
 11008, 55921,20140418,  111,    0
 11008, 55921,20140419,  110,    0
 11008, 55921,20140420,   86,    0
 11008, 55921,20140421,  130,    0
 11008, 55921,20140422,  104,    0
 11008, 55921,20140423,  112,    0
 11008, 55921,20140424,   98,    0
 11008, 55921,20140425,   93,    0
 11008, 55921,20140426,   99,    0
 11008, 55921,20140427,  116,    0
 11008, 55921,20140428,  105,    0
 11008, 55921,20140429,  134,    0
 11008, 55921,20140430,  110,    0
 11008, 55921,20140501,  121,    0
 11008, 55921,20140502,  120,    0
 11008, 55921,20140503,  124,    0
 11008, 55921,20140504,  132,    0
 11008, 55921,20140505,  118,    0
 11008, 55921,20140506,   99,    0
 11008, 55921,20140507,  105,    0
 11008, 55921,20140508,  111,    0
 11008, 55921,20140509,  108,    0
 11008, 55921,20140510,  112,    0
 11008, 55921,20140511,   98,    0
 11008, 55921,20140512,   88,    0
 11008, 55921,20140513,  101,    0
 11008, 55921,20140514,  111,    0
 11008, 55921,20140515,  137,    0
 11008, 55921,20140516,  122,    0
 11008, 55921,20140517,  135,    0
 11008, 55921,20140518,  113,    0
 11008, 55921,20140519,  114,    0
 11008, 55921,20140520,  141,    0
 11008, 55921,20140521,  111,    0
 11008, 55921,20140522,  114,    0
 11008, 55921,20140523,  107,    0
 11008, 55921,20140524,  102,    0
 11008, 55921,20140525,   99,    0
 11008, 55921,20140526,  125,    0
 11008, 55921,20140527,  115,    0
 11008, 55921,20140528,  131,    0
 11008, 55921,20140529,  130,    0
 11008, 55921,20140530,  127,    0
 11008, 55921,20140531,  118,    0
 11008, 55921,20140601,  145,    0
 11008, 55921,20140602,  132,    0
 11008, 55921,20140603,  121,    0
 11008, 55921,20140604,  100,    0
 11008, 55921,20140605,   99,    0
 11008, 55921,20140606,  121,    0
 11008, 55921,20140607,  156,    0
 11008, 55921,20140608,  135,    0
 11008, 55921,20140609,  151,    0
 11008, 55921,20140610,  146,    0
 11008, 55921,20140611,  140,    0
 11008, 55921,20140612,  156,    0
 11008, 55921,20140613,  146,    0
 11008, 55921,20140614,  159,    0
 11008, 55921,20140615,  135,    0
 11008, 55921,20140616,  158,    0
 11008, 55921,20140617,  178,    0
 11008, 55921,20140618,  180,    0
 11008, 55921,20140619,  151,    0
 11008, 55921,20140620,  155,    0
 11008, 55921,20140621,  132,    0
 11008, 55921,20140622,  130,    0
 11008, 55921,20140623,  176,    0
 11008, 55921,20140624,  150,    0
 11008, 55921,20140625,  170,    0
 11008, 55921,20140626,  151,    0
 11008, 55921,20140627,  155,    0
 11008, 55921,20140628,-9999,    9
 11008, 55921,20140629,  152,    0
 11008, 55921,20140630,  163,    0
 11008, 55921,20140701,  154,    0
 11008, 55921,20140702,  163,    0
 11008, 55921,20140703,  153,    0
 11008, 55921,20140704,  155,    0
 11008, 55921,20140705,  120,    0
 11008, 55921,20140706,  123,    0
 11008, 55921,20140707,  135,    0
 11008, 55921,20140708,  147,    0
 11008, 55921,20140709,  125,    0
 11008, 55921,20140710,  160,    0
 11008, 55921,20140711,  160,    0
 11008, 55921,20140712,  161,    0
 11008, 55921,20140713,  151,    0
 11008, 55921,20140714,  155,    0
 11008, 55921,20140715,  143,    0
 11008, 55921,20140716,  168,    0
 11008, 55921,20140717,  166,    0
 11008, 55921,20140718,  190,    0
 11008, 55921,20140719,  169,    0
 11008, 55921,20140720,  170,    0
 11008, 55921,20140721,  177,    0
 11008, 55921,20140722,  209,    0
 11008, 55921,20140723,  205,    0
 11008, 55921,20140724,  194,    0
 11008, 55921,20140725,  194,    0
 11008, 55921,20140726,  188,    0
 11008, 55921,20140727,  153,    0
 11008, 55921,20140728,  170,    0
 11008, 55921,20140729,  170,    0
 11008, 55921,20140730,  166,    0
 11008, 55921,20140731,  162,    0
 11008, 55921,20140801,  150,    0
 11008, 55921,20140802,  131,    0
 11008, 55921,20140803,  154,    0
 11008, 55921,20140804,  149,    0
 11008, 55921,20140805,  169,    0
 11008, 55921,20140806,  165,    0
 11008, 55921,20140807,  136,    0
 11008, 55921,20140808,  141,    0
 11008, 55921,20140809,  141,    0
 11008, 55921,20140810,  138,    0
 11008, 55921,20140811,  148,    0
 11008, 55921,20140812,  143,    0
 11008, 55921,20140813,  151,    0
 11008, 55921,20140814,  152,    0
 11008, 55921,20140815,  139,    0
 11008, 55921,20140816,  143,    0
 11008, 55921,20140817,  143,    0
 11008, 55921,20140818,  130,    0
 11008, 55921,20140819,  125,    0
 11008, 55921,20140820,  113,    0
 11008, 55921,20140821,  127,    0
 11008, 55921,20140822,  123,    0
 11008, 55921,20140823,  116,    0
 11008, 55921,20140824,  105,    0
 11008, 55921,20140825,  157,    0
 11008, 55921,20140826,  153,    0
 11008, 55921,20140827,  149,    0
 11008, 55921,20140828,  135,    0
 11008, 55921,20140829,  147,    0
 11008, 55921,20140830,  151,    0
 11008, 55921,20140831,  131,    0
 11008, 55921,20140901,  143,    0
 11008, 55921,20140902,  142,    0
 11008, 55921,20140903,  146,    0
 11008, 55921,20140904,  181,    0
 11008, 55921,20140905,  164,    0
 11008, 55921,20140906,  129,    0
 11008, 55921,20140907,  106,    0
 11008, 55921,20140908,  102,    0
 11008, 55921,20140909,  125,    0
 11008, 55921,20140910,  134,    0
 11008, 55921,20140911,  155,    0
 11008, 55921,20140912,  142,    0
 11008, 55921,20140913,  159,    0
 11008, 55921,20140914,  146,    0
 11008, 55921,20140915,  143,    0
 11008, 55921,20140916,  132,    0
 11008, 55921,20140917,  165,    0
 11008, 55921,20140918,  160,    0
 11008, 55921,20140919,  154,    0
 11008, 55921,20140920,  142,    0
 11008, 55921,20140921,  107,    0
 11008, 55921,20140922,  108,    0
 11008, 55921,20140923,  126,    0
 11008, 55921,20140924,  114,    0
 11008, 55921,20140925,  155,    0
 11008, 55921,20140926,  132,    0
 11008, 55921,20140927,  122,    0
 11008, 55921,20140928,  161,    0
 11008, 55921,20140929,  167,    0
 11008, 55921,20140930,  156,    0
 11008, 55921,20141001,  134,    0
 11008, 55921,20141002,  103,    0
 11008, 55921,20141003,  116,    0
 11008, 55921,20141004,   81,    0
 11008, 55921,20141005,  107,    0
 11008, 55921,20141006,   93,    0
 11008, 55921,20141007,   65,    0
 11008, 55921,20141008,  101,    0
 11008, 55921,20141009,  109,    0
 11008, 55921,20141010,   96,    0
 11008, 55921,20141011,   83,    0
 11008, 55921,20141012,   78,    0
 11008, 55921,20141013,   75,    0
 11008, 55921,20141014,   73,    0
 11008, 55921,20141015,  104,    0
 11008, 55921,20141016,  124,    0
 11008, 55921,20141017,  116,    0
 11008, 55921,20141018,  151,    0
 11008, 55921,20141019,  138,    0
 11008, 55921,20141020,  124,    0
 11008, 55921,20141021,   99,    0
 11008, 55921,20141022,  103,    0
 11008, 55921,20141023,  131,    0
 11008, 55921,20141024,  107,    0
 11008, 55921,20141025,  111,    0
 11008, 55921,20141026,  126,    0
 11008, 55921,20141027,  138,    0
 11008, 55921,20141028,  101,    0
 11008, 55921,20141029,   72,    0
 11008, 55921,20141030,  103,    0
 11008, 55921,20141031,  135,    0
 11008, 55921,20141101,  108,    0
 11008, 55921,20141102,   89,    0
 11008, 55921,20141103,   76,    0
 11008, 55921,20141104,   77,    0
 11008, 55921,20141105,   66,    0
 11008, 55921,20141106,   84,    0
 11008, 55921,20141107,   76,    0
 11008, 55921,20141108,   76,    0
 11008, 55921,20141109,   83,    0
 11008, 55921,20141110,   69,    0
 11008, 55921,20141111,   73,    0
 11008, 55921,20141112,   61,    0
 11008, 55921,20141113,   68,    0
 11008, 55921,20141114,   81,    0
 11008, 55921,20141115,   88,    0
 11008, 55921,20141116,   67,    0
 11008, 55921,20141117,   56,    0
 11008, 55921,20141118,   73,    0
 11008, 55921,20141119,   92,    0
 11008, 55921,20141120,   39,    0
 11008, 55921,20141121,   64,    0
 11008, 55921,20141122,   87,    0
 11008, 55921,20141123,   36,    0
 11008, 55921,20141124,   39,    0
 11008, 55921,20141125,   65,    0
 11008, 55921,20141126,   31,    0
 11008, 55921,20141127,   43,    0
 11008, 55921,20141128,   84,    0
 11008, 55921,20141129,   66,    0
 11008, 55921,20141130,   60,    0
 11008, 55921,20141201,   47,    0
 11008, 55921,20141202,   37,    0
 11008, 55921,20141203,   28,    0
 11008, 55921,20141204,   54,    0
 11008, 55921,20141205,   49,    0
 11008, 55921,20141206,   59,    0
 11008, 55921,20141207,   51,    0
 11008, 55921,20141208,   52,    0
 11008, 55921,20141209,   64,    0
 11008, 55921,20141210,   55,    0
 11008, 55921,20141211,   50,    0
 11008, 55921,20141212,   19,    0
 11008, 55921,20141213,   25,    0
 11008, 55921,20141214,   36,    0
 11008, 55921,20141215,   44,    0
 11008, 55921,20141216,   51,    0
 11008, 55921,20141217,   83,    0
 11008, 55921,20141218,  110,    0
 11008, 55921,20141219,   64,    0
 11008, 55921,20141220,   79,    0
 11008, 55921,20141221,   86,    0
 11008, 55921,20141222,  109,    0
 11008, 55921,20141223,  110,    0
 11008, 55921,20141224,   59,    0
 11008, 55921,20141225,   38,    0
 11008, 55921,20141226,   29,    0
 11008, 55921,20141227,   35,    0
 11008, 55921,20141228,    0,    0
 11008, 55921,20141229,    8,    0
 11008, 55921,20141230,   34,    0
 11008, 55921,20141231,   79,    0
 11008, 55921,20150101,  109,    0
 11008, 55921,20150102,   65,    0
 11008, 55921,20150103,   42,    0
 11008, 55921,20150104,   40,    0
 11008, 55921,20150105,   79,    0
 11008, 55921,20150106,   49,    0
 11008, 55921,20150107,   64,    0
 11008, 55921,20150108,   75,    0
 11008, 55921,20150109,   83,    0
 11008, 55921,20150110,   52,    0
 11008, 55921,20150111,   63,    0
 11008, 55921,20150112,   71,    0
 11008, 55921,20150113,   34,    0
 11008, 55921,20150114,   44,    0
 11008, 55921,20150115,   42,    0
 11008, 55921,20150116,   31,    0
 11008, 55921,20150117,   22,    0
 11008, 55921,20150118,   11,    0
 11008, 55921,20150119,   -9,    0
 11008, 55921,20150120,   18,    0
 11008, 55921,20150121,   40,    0
 11008, 55921,20150122,   25,    0
 11008, 55921,20150123,   49,    0
 11008, 55921,20150124,   45,    0
 11008, 55921,20150125,   64,    0
 11008, 55921,20150126,   62,    0
 11008, 55921,20150127,   67,    0
 11008, 55921,20150128,   35,    0
 11008, 55921,20150129,   32,    0
 11008, 55921,20150130,   34,    0
 11008, 55921,20150131,   30,    0
 11008, 55921,20150201,   19,    0
 11008, 55921,20150202,   16,    0
 11008, 55921,20150203,   13,    0
 11008, 55921,20150204,    2,    0
 11008, 55921,20150205,   18,    0
 11008, 55921,20150206,   26,    0
 11008, 55921,20150207,   60,    0
 11008, 55921,20150208,   14,    0
 11008, 55921,20150209,   24,    0
 11008, 55921,20150210,   36,    0
 11008, 55921,20150211,   41,    0
 11008, 55921,20150212,   60,    0
 11008, 55921,20150213,   60,    0
 11008, 55921,20150214,   48,    0
 11008, 55921,20150215,   48,    0
 11008, 55921,20150216,   41,    0
 11008, 55921,20150217,   46,    0
 11008, 55921,20150218,   84,    0
 11008, 55921,20150219,   72,    0
 11008, 55921,20150220,   38,    0
 11008, 55921,20150221,   39,    0
 11008, 55921,20150222,   59,    0
 11008, 55921,20150223,   43,    0
 11008, 55921,20150224,   61,    0
 11008, 55921,20150225,   75,    0
 11008, 55921,20150226,   53,    0
 11008, 55921,20150227,   42,    0
 11008, 55921,20150228,   76,    0
 11008, 55921,20150301,   52,    0
 11008, 55921,20150302,   28,    0
 11008, 55921,20150303,   30,    0
 11008, 55921,20150304,   50,    0
 11008, 55921,20150305,   72,    0
 11008, 55921,20150306,  101,    0
 11008, 55921,20150307,  109,    0
 11008, 55921,20150308,   74,    0
 11008, 55921,20150309,   61,    0
 11008, 55921,20150310,   54,    0
 11008, 55921,20150311,   79,    0
 11008, 55921,20150312,   58,    0
 11008, 55921,20150313,   31,    0
 11008, 55921,20150314,   39,    0
 11008, 55921,20150315,   34,    0
 11008, 55921,20150316,   42,    0
 11008, 55921,20150317,   71,    0
 11008, 55921,20150318,   64,    0
 11008, 55921,20150319,   59,    0
 11008, 55921,20150320,   89,    0
 11008, 55921,20150321,   89,    0
 11008, 55921,20150322,   45,    0
 11008, 55921,20150323,   78,    0
 11008, 55921,20150324,   52,    0
 11008, 55921,20150325,   31,    0
 11008, 55921,20150326,   69,    0
 11008, 55921,20150327,   71,    0
 11008, 55921,20150328,   89,    0
 11008, 55921,20150329,   74,    0
 11008, 55921,20150330,   74,    0
 11008, 55921,20150331,   73,    0
 11008, 55921,20150401,   62,    0
 11008, 55921,20150402,   94,    0
 11008, 55921,20150403,   96,    0
 11008, 55921,20150404,   93,    0
 11008, 55921,20150405,   91,    0
 11008, 55921,20150406,   90,    0
 11008, 55921,20150407,   92,    0
 11008, 55921,20150408,   98,    0
 11008, 55921,20150409,   98,    0
 11008, 55921,20150410,   93,    0
 11008, 55921,20150411,   61,    0
 11008, 55921,20150412,   67,    0
 11008, 55921,20150413,   75,    0
 11008, 55921,20150414,  120,    0
 11008, 55921,20150415,  102,    0
 11008, 55921,20150416,   95,    0
 11008, 55921,20150417,   82,    0
 11008, 55921,20150418,   98,    0
 11008, 55921,20150419,   82,    0
 11008, 55921,20150420,   91,    0
 11008, 55921,20150421,   92,    0
 11008, 55921,20150422,  113,    0
 11008, 55921,20150423,  105,    0
 11008, 55921,20150424,  104,    0
 11008, 55921,20150425,   87,    0
 11008, 55921,20150426,   45,    0
 11008, 55921,20150427,   37,    0
 11008, 55921,20150428,   53,    0
 11008, 55921,20150429,   64,    0
 11008, 55921,20150430,   73,    0
 11008, 55921,20150501,   77,    0
 11008, 55921,20150502,   88,    0
 11008, 55921,20150503,  112,    0
 11008, 55921,20150504,   99,    0
 11008, 55921,20150505,   88,    0
 11008, 55921,20150506,   97,    0
 11008, 55921,20150507,   87,    0
 11008, 55921,20150508,   72,    0
 11008, 55921,20150509,  103,    0
 11008, 55921,20150510,  122,    0
 11008, 55921,20150511,  110,    0
 11008, 55921,20150512,  103,    0
 11008, 55921,20150513,   91,    0
 11008, 55921,20150514,  108,    0
 11008, 55921,20150515,   96,    0
 11008, 55921,20150516,   95,    0
 11008, 55921,20150517,   99,    0
 11008, 55921,20150518,   86,    0
 11008, 55921,20150519,   88,    0
 11008, 55921,20150520,   82,    0
 11008, 55921,20150521,  104,    0
 11008, 55921,20150522,  133,    0
 11008, 55921,20150523,  109,    0
 11008, 55921,20150524,  118,    0
 11008, 55921,20150525,  126,    0
 11008, 55921,20150526,  129,    0
 11008, 55921,20150527,  109,    0
 11008, 55921,20150528,   98,    0
 11008, 55921,20150529,  102,    0
 11008, 55921,20150530,   78,    0
 11008, 55921,20150531,   93,    0
 11008, 55921,20150601,   85,    0
 11008, 55921,20150602,  103,    0
 11008, 55921,20150603,  111,    0
 11008, 55921,20150604,  127,    0
 11008, 55921,20150605,  114,    0
 11008, 55921,20150606,  111,    0
 11008, 55921,20150607,   90,    0
 11008, 55921,20150608,   95,    0
 11008, 55921,20150609,  105,    0
 11008, 55921,20150610,  123,    0
 11008, 55921,20150611,  125,    0
 11008, 55921,20150612,  148,    0
 11008, 55921,20150613,  121,    0
 11008, 55921,20150614,  105,    0
 11008, 55921,20150615,  124,    0
 11008, 55921,20150616,  146,    0
 11008, 55921,20150617,  149,    0
 11008, 55921,20150618,  100,    0
 11008, 55921,20150619,  112,    0
 11008, 55921,20150620,  142,    0
 11008, 55921,20150621,  117,    0
 11008, 55921,20150622,  122,    0
 11008, 55921,20150623,  121,    0
 11008, 55921,20150624,  153,    0
 11008, 55921,20150625,  152,    0
 11008, 55921,20150626,  156,    0
 11008, 55921,20150627,  152,    0
 11008, 55921,20150628,  151,    0
 11008, 55921,20150629,  160,    0
 11008, 55921,20150630,  191,    0
 11008, 55921,20150701,  157,    0
 11008, 55921,20150702,  149,    0
 11008, 55921,20150703,  165,    0
 11008, 55921,20150704,  164,    0
 11008, 55921,20150705,  133,    0
 11008, 55921,20150706,  149,    0
 11008, 55921,20150707,  136,    0
 11008, 55921,20150708,  142,    0
 11008, 55921,20150709,  127,    0
 11008, 55921,20150710,  163,    0
 11008, 55921,20150711,  138,    0
 11008, 55921,20150712,  140,    0
 11008, 55921,20150713,  155,    0
 11008, 55921,20150714,  140,    0
 11008, 55921,20150715,  139,    0
 11008, 55921,20150716,  144,    0
 11008, 55921,20150717,  136,    0
 11008, 55921,20150718,  135,    0
 11008, 55921,20150719,  125,    0
 11008, 55921,20150720,  146,    0
 11008, 55921,20150721,  142,    0
 11008, 55921,20150722,  134,    0
 11008, 55921,20150723,  132,    0
 11008, 55921,20150724,  106,    0
 11008, 55921,20150725,  107,    0
 11008, 55921,20150726,  140,    0
 11008, 55921,20150727,  145,    0
 11008, 55921,20150728,  128,    0
 11008, 55921,20150729,  122,    0
 11008, 55921,20150730,  118,    0
 11008, 55921,20150731,  129,    0
 11008, 55921,20150801,  122,    0
 11008, 55921,20150802,  145,    0
 11008, 55921,20150803,  151,    0
 11008, 55921,20150804,  141,    0
 11008, 55921,20150805,  140,    0
 11008, 55921,20150806,  119,    0
 11008, 55921,20150807,  115,    0
 11008, 55921,20150808,  118,    0
 11008, 55921,20150809,  150,    0
 11008, 55921,20150810,  139,    0
 11008, 55921,20150811,  128,    0
 11008, 55921,20150812,  140,    0
 11008, 55921,20150813,  114,    0
 11008, 55921,20150814,  137,    0
 11008, 55921,20150815,  126,    0
 11008, 55921,20150816,  134,    0
 11008, 55921,20150817,  166,    0
 11008, 55921,20150818,  135,    0
 11008, 55921,20150819,  152,    0
 11008, 55921,20150820,  168,    0
 11008, 55921,20150821,  158,    0
 11008, 55921,20150822,  143,    0
 11008, 55921,20150823,  138,    0
 11008, 55921,20150824,  131,    0
 11008, 55921,20150825,  114,    0
 11008, 55921,20150826,  136,    0
 11008, 55921,20150827,  131,    0
 11008, 55921,20150828,  135,    0
 11008, 55921,20150829,  145,    0
 11008, 55921,20150830,  136,    0
 11008, 55921,20150831,  138,    0
 11008, 55921,20150901,  119,    0
 11008, 55921,20150902,  107,    0
 11008, 55921,20150903,  117,    0
 11008, 55921,20150904,  135,    0
 11008, 55921,20150905,  122,    0
 11008, 55921,20150906,   93,    0
 11008, 55921,20150907,  120,    0
 11008, 55921,20150908,  154,    0
 11008, 55921,20150909,  144,    0
 11008, 55921,20150910,  148,    0
 11008, 55921,20150911,  143,    0
 11008, 55921,20150912,  123,    0
 11008, 55921,20150913,  108,    0
 11008, 55921,20150914,  121,    0
 11008, 55921,20150915,  119,    0
 11008, 55921,20150916,  117,    0
 11008, 55921,20150917,  121,    0
 11008, 55921,20150918,  137,    0
 11008, 55921,20150919,  133,    0
 11008, 55921,20150920,  133,    0
 11008, 55921,20150921,  123,    0
 11008, 55921,20150922,  112,    0
 11008, 55921,20150923,  112,    0
 11008, 55921,20150924,  114,    0
 11008, 55921,20150925,  103,    0
 11008, 55921,20150926,  132,    0
 11008, 55921,20150927,  123,    0
 11008, 55921,20150928,  130,    0
 11008, 55921,20150929,  120,    0
 11008, 55921,20150930,  122,    0
 11008, 55921,20151001,  118,    0
 11008, 55921,20151002,   86,    0
 11008, 55921,20151003,   91,    0
 11008, 55921,20151004,   86,    0
 11008, 55921,20151005,  124,    0
 11008, 55921,20151006,  141,    0
 11008, 55921,20151007,   89,    0
 11008, 55921,20151008,  101,    0
 11008, 55921,20151009,  129,    0
 11008, 55921,20151010,  128,    0
 11008, 55921,20151011,  122,    0
 11008, 55921,20151012,   97,    0
 11008, 55921,20151013,   68,    0
 11008, 55921,20151014,   78,    0
 11008, 55921,20151015,  104,    0
 11008, 55921,20151016,   79,    0
 11008, 55921,20151017,   82,    0
 11008, 55921,20151018,   84,    0
 11008, 55921,20151019,  105,    0
 11008, 55921,20151020,   86,    0
 11008, 55921,20151021,  110,    0
 11008, 55921,20151022,  115,    0
 11008, 55921,20151023,  115,    0
 11008, 55921,20151024,   89,    0
 11008, 55921,20151025,   91,    0
 11008, 55921,20151026,  112,    0
 11008, 55921,20151027,  119,    0
 11008, 55921,20151028,  105,    0
 11008, 55921,20151029,  109,    0
 11008, 55921,20151030,  125,    0
 11008, 55921,20151031,  130,    0
 11008, 55921,20151101,   93,    0
 11008, 55921,20151102,  103,    0
 11008, 55921,20151103,   95,    0
 11008, 55921,20151104,   78,    0
 11008, 55921,20151105,  106,    0
 11008, 55921,20151106,  125,    0
 11008, 55921,20151107,  112,    0
 11008, 55921,20151108,  111,    0
 11008, 55921,20151109,  112,    0
 11008, 55921,20151110,  135,    0
 11008, 55921,20151111,  115,    0
 11008, 55921,20151112,  110,    0
 11008, 55921,20151113,   68,    0
 11008, 55921,20151114,   93,    0
 11008, 55921,20151115,  108,    0
 11008, 55921,20151116,   74,    0
 11008, 55921,20151117,   93,    0
 11008, 55921,20151118,   94,    0
 11008, 55921,20151119,   87,    0
 11008, 55921,20151120,   64,    0
 11008, 55921,20151121,   42,    0
 11008, 55921,20151122,   53,    0
 11008, 55921,20151123,   52,    0
 11008, 55921,20151124,   81,    0
 11008, 55921,20151125,  107,    0
 11008, 55921,20151126,  100,    0
 11008, 55921,20151127,   88,    0
 11008, 55921,20151128,   69,    0
 11008, 55921,20151129,   90,    0
 11008, 55921,20151130,   90,    0
 11008, 55921,20151201,   95,    0
 11008, 55921,20151202,  100,    0
 11008, 55921,20151203,   69,    0
 11008, 55921,20151204,   77,    0
 11008, 55921,20151205,  110,    0
 11008, 55921,20151206,   85,    0
 11008, 55921,20151207,   87,    0
 11008, 55921,20151208,   87,    0
 11008, 55921,20151209,   81,    0
 11008, 55921,20151210,   63,    0
 11008, 55921,20151211,   60,    0
 11008, 55921,20151212,   30,    0
 11008, 55921,20151213,   56,    0
 11008, 55921,20151214,   75,    0
 11008, 55921,20151215,  104,    0
 11008, 55921,20151216,  120,    0
 11008, 55921,20151217,  119,    0
 11008, 55921,20151218,  128,    0
 11008, 55921,20151219,  123,    0
 11008, 55921,20151220,   84,    0
 11008, 55921,20151221,   93,    0
 11008, 55921,20151222,   88,    0
 11008, 55921,20151223,   79,    0
 11008, 55921,20151224,   52,    0
 11008, 55921,20151225,   32,    0
 11008, 55921,20151226,   40,    0
 11008, 55921,20151227,   76,    0
 11008, 55921,20151228,   75,    0
 11008, 55921,20151229,   91,    0
 11008, 55921,20151230,   76,    0
 11008, 55921,20151231,   29,    0
 11008, 55921,20160101,   42,    0
 11008, 55921,20160102,   53,    0
 11008, 55921,20160103,   67,    0
 11008, 55921,20160104,   69,    0
 11008, 55921,20160105,   65,    0
 11008, 55921,20160106,   34,    0
 11008, 55921,20160107,   33,    0
 11008, 55921,20160108,   37,    0
 11008, 55921,20160109,   29,    0
 11008, 55921,20160110,   31,    0
 11008, 55921,20160111,   36,    0
 11008, 55921,20160112,   35,    0
 11008, 55921,20160113,   12,    0
 11008, 55921,20160114,   15,    0
 11008, 55921,20160115,   27,    0
 11008, 55921,20160116,   12,    0
 11008, 55921,20160117,   47,    0
 11008, 55921,20160118,   63,    0
 11008, 55921,20160119,   71,    0
 11008, 55921,20160120,   61,    0
 11008, 55921,20160121,   73,    0
 11008, 55921,20160122,  105,    0
 11008, 55921,20160123,   99,    0
 11008, 55921,20160124,  110,    0
 11008, 55921,20160125,  114,    0
 11008, 55921,20160126,   91,    0
 11008, 55921,20160127,   65,    0
 11008, 55921,20160128,   74,    0
 11008, 55921,20160129,   76,    0
 11008, 55921,20160130,   57,    0
 11008, 55921,20160131,   63,    0
 11008, 55921,20160201,   91,    0
 11008, 55921,20160202,   56,    0
 11008, 55921,20160203,   59,    0
 11008, 55921,20160204,   80,    0
 11008, 55921,20160205,   83,    0
 11008, 55921,20160206,   61,    0
 11008, 55921,20160207,   57,    0
 11008, 55921,20160208,   60,    0
 11008, 55921,20160209,   40,    0
 11008, 55921,20160210,   31,    0
 11008, 55921,20160211,   23,    0
 11008, 55921,20160212,   25,    0
 11008, 55921,20160213,   31,    0
 11008, 55921,20160214,   46,    0
 11008, 55921,20160215,   18,    0
 11008, 55921,20160216,   33,    0
 11008, 55921,20160217,   43,    0
 11008, 55921,20160218,   34,    0
 11008, 55921,20160219,   48,    0
 11008, 55921,20160220,   83,    0
 11008, 55921,20160221,   85,    0
 11008, 55921,20160222,   45,    0
 11008, 55921,20160223,   30,    0
 11008, 55921,20160224,   16,    0
 11008, 55921,20160225,   10,    0
 11008, 55921,20160226,   30,    0
 11008, 55921,20160227,   48,    0
 11008, 55921,20160228,   25,    0
 11008, 55921,20160229,   54,    0
 11008, 55921,20160301,   77,    0
 11008, 55921,20160302,   53,    0
 11008, 55921,20160303,   55,    0
 11008, 55921,20160304,   38,    0
 11008, 55921,20160305,   44,    0
 11008, 55921,20160306,   20,    0
 11008, 55921,20160307,   46,    0
 11008, 55921,20160308,   63,    0
 11008, 55921,20160309,   57,    0
 11008, 55921,20160310,   72,    0
 11008, 55921,20160311,  100,    0
 11008, 55921,20160312,  104,    0
 11008, 55921,20160313,  103,    0
 11008, 55921,20160314,   88,    0
 11008, 55921,20160315,   72,    0
 11008, 55921,20160316,   82,    0
 11008, 55921,20160317,   51,    0
 11008, 55921,20160318,   52,    0
 11008, 55921,20160319,   54,    0
 11008, 55921,20160320,   53,    0
 11008, 55921,20160321,   49,    0
 11008, 55921,20160322,   69,    0
 11008, 55921,20160323,   84,    0
 11008, 55921,20160324,   83,    0
 11008, 55921,20160325,   84,    0
 11008, 55921,20160326,   78,    0
 11008, 55921,20160327,   64,    0
 11008, 55921,20160328,   44,    0
 11008, 55921,20160329,   52,    0
 11008, 55921,20160330,   59,    0
 11008, 55921,20160331,   45,    0
 11008, 55921,20160401,   78,    0
 11008, 55921,20160402,   67,    0
 11008, 55921,20160403,  101,    0
 11008, 55921,20160404,   81,    0
 11008, 55921,20160405,   51,    0
 11008, 55921,20160406,   65,    0
 11008, 55921,20160407,   74,    0
 11008, 55921,20160408,   76,    0
 11008, 55921,20160409,   43,    0
 11008, 55921,20160410,   49,    0
 11008, 55921,20160411,   72,    0
 11008, 55921,20160412,   96,    0
 11008, 55921,20160413,   81,    0
 11008, 55921,20160414,   97,    0
 11008, 55921,20160415,   58,    0
 11008, 55921,20160416,   47,    0
 11008, 55921,20160417,   52,    0
 11008, 55921,20160418,   95,    0
 11008, 55921,20160419,  100,    0
 11008, 55921,20160420,   92,    0
 11008, 55921,20160421,  100,    0
 11008, 55921,20160422,  107,    0
 11008, 55921,20160423,   71,    0
 11008, 55921,20160424,   77,    0
 11008, 55921,20160425,   99,    0
 11008, 55921,20160426,   61,    0
 11008, 55921,20160427,   50,    0
 11008, 55921,20160428,   53,    0
 11008, 55921,20160429,   62,    0
 11008, 55921,20160430,   67,    0
 11008, 55921,20160501,  111,    0
 11008, 55921,20160502,   97,    0
 11008, 55921,20160503,   94,    0
 11008, 55921,20160504,   97,    0
 11008, 55921,20160505,   97,    0
 11008, 55921,20160506,   77,    0
 11008, 55921,20160507,   92,    0
 11008, 55921,20160508,  147,    0
 11008, 55921,20160509,  162,    0
 11008, 55921,20160510,  155,    0
 11008, 55921,20160511,  148,    0
 11008, 55921,20160512,  154,    0
 11008, 55921,20160513,  159,    0
 11008, 55921,20160514,  121,    0
 11008, 55921,20160515,  101,    0
 11008, 55921,20160516,   99,    0
 11008, 55921,20160517,  116,    0
 11008, 55921,20160518,  111,    0
 11008, 55921,20160519,  106,    0
 11008, 55921,20160520,  113,    0
 11008, 55921,20160521,  120,    0
 11008, 55921,20160522,   91,    0
 11008, 55921,20160523,   87,    0
 11008, 55921,20160524,  111,    0
 11008, 55921,20160525,  108,    0
 11008, 55921,20160526,   97,    0
 11008, 55921,20160527,  145,    0
 11008, 55921,20160528,  150,    0
 11008, 55921,20160529,  141,    0
 11008, 55921,20160530,  144,    0
 11008, 55921,20160531,  134,    0
 11008, 55921,20160601,  135,    0
 11008, 55921,20160602,  157,    0
 11008, 55921,20160603,  147,    0
 11008, 55921,20160604,  156,    0
 11008, 55921,20160605,  192,    0
 11008, 55921,20160606,  163,    0
 11008, 55921,20160607,  184,    0
 11008, 55921,20160608,  174,    0
 11008, 55921,20160609,  181,    0
 11008, 55921,20160610,  168,    0
 11008, 55921,20160611,  158,    0
 11008, 55921,20160612,  158,    0
 11008, 55921,20160613,  152,    0
 11008, 55921,20160614,  152,    0
 11008, 55921,20160615,  136,    0
 11008, 55921,20160616,  142,    0
 11008, 55921,20160617,  127,    0
 11008, 55921,20160618,  128,    0
 11008, 55921,20160619,  151,    0
 11008, 55921,20160620,  142,    0
 11008, 55921,20160621,  141,    0
 11008, 55921,20160622,  136,    0
 11008, 55921,20160623,  140,    0
 11008, 55921,20160624,  142,    0
 11008, 55921,20160625,  140,    0
 11008, 55921,20160626,  147,    0
 11008, 55921,20160627,  137,    0
 11008, 55921,20160628,  133,    0
 11008, 55921,20160629,  139,    0
 11008, 55921,20160630,  131,    0
 11008, 55921,20160701,  117,    0
 11008, 55921,20160702,  129,    0
 11008, 55921,20160703,  129,    0
 11008, 55921,20160704,  122,    0
 11008, 55921,20160705,  137,    0
 11008, 55921,20160706,  151,    0
 11008, 55921,20160707,  155,    0
 11008, 55921,20160708,  154,    0
 11008, 55921,20160709,  171,    0
 11008, 55921,20160710,  146,    0
 11008, 55921,20160711,  144,    0
 11008, 55921,20160712,  133,    0
 11008, 55921,20160713,  128,    0
 11008, 55921,20160714,  140,    0
 11008, 55921,20160715,  169,    0
 11008, 55921,20160716,  152,    0
 11008, 55921,20160717,  155,    0
 11008, 55921,20160718,  197,    0
 11008, 55921,20160719,  203,    0
 11008, 55921,20160720,  160,    0
 11008, 55921,20160721,  173,    0
 11008, 55921,20160722,  150,    0
 11008, 55921,20160723,  159,    0
 11008, 55921,20160724,  154,    0
 11008, 55921,20160725,  138,    0
 11008, 55921,20160726,  152,    0
 11008, 55921,20160727,  146,    0
 11008, 55921,20160728,  157,    0
 11008, 55921,20160729,  153,    0
 11008, 55921,20160730,  127,    0
 11008, 55921,20160731,  125,    0
 11008, 55921,20160801,  146,    0
 11008, 55921,20160802,  158,    0
 11008, 55921,20160803,  153,    0
 11008, 55921,20160804,  170,    0
 11008, 55921,20160805,  148,    0
 11008, 55921,20160806,  170,    0
 11008, 55921,20160807,  151,    0
 11008, 55921,20160808,  138,    0
 11008, 55921,20160809,  130,    0
 11008, 55921,20160810,  157,    0
 11008, 55921,20160811,  149,    0
 11008, 55921,20160812,  167,    0
 11008, 55921,20160813,  145,    0
 11008, 55921,20160814,  146,    0
 11008, 55921,20160815,  168,    0
 11008, 55921,20160816,  190,    0
 11008, 55921,20160817,  175,    0
 11008, 55921,20160818,  166,    0
 11008, 55921,20160819,  167,    0
 11008, 55921,20160820,  163,    0
 11008, 55921,20160821,  153,    0
 11008, 55921,20160822,  166,    0
 11008, 55921,20160823,  144,    0
 11008, 55921,20160824,  135,    0
 11008, 55921,20160825,  139,    0
 11008, 55921,20160826,  140,    0
 11008, 55921,20160827,  151,    0
 11008, 55921,20160828,  155,    0
 11008, 55921,20160829,  132,    0
 11008, 55921,20160830,  161,    0
 11008, 55921,20160831,  154,    0
 11008, 55921,20160901,  135,    0
 11008, 55921,20160902,  153,    0
 11008, 55921,20160903,  159,    0
 11008, 55921,20160904,  153,    0
 11008, 55921,20160905,  172,    0
 11008, 55921,20160906,  193,    0
 11008, 55921,20160907,  177,    0
 11008, 55921,20160908,  145,    0
 11008, 55921,20160909,  148,    0
 11008, 55921,20160910,  132,    0
 11008, 55921,20160911,  142,    0
 11008, 55921,20160912,  149,    0
 11008, 55921,20160913,  124,    0
 11008, 55921,20160914,  126,    0
 11008, 55921,20160915,  152,    0
 11008, 55921,20160916,  131,    0
 11008, 55921,20160917,  128,    0
 11008, 55921,20160918,  149,    0
 11008, 55921,20160919,  111,    0
 11008, 55921,20160920,  135,    0
 11008, 55921,20160921,  134,    0
 11008, 55921,20160922,  100,    0
 11008, 55921,20160923,  124,    0
 11008, 55921,20160924,  147,    0
 11008, 55921,20160925,  120,    0
 11008, 55921,20160926,  128,    0
 11008, 55921,20160927,  141,    0
 11008, 55921,20160928,  162,    0
 11008, 55921,20160929,  130,    0
 11008, 55921,20160930,  106,    0
 11008, 55921,20161001,  100,    0
 11008, 55921,20161002,   90,    0
 11008, 55921,20161003,  113,    0
 11008, 55921,20161004,  137,    0
 11008, 55921,20161005,  135,    0
 11008, 55921,20161006,  109,    0
 11008, 55921,20161007,   97,    0
 11008, 55921,20161008,  118,    0
 11008, 55921,20161009,  123,    0
 11008, 55921,20161010,  116,    0
 11008, 55921,20161011,   88,    0
 11008, 55921,20161012,  100,    0
 11008, 55921,20161013,   90,    0
 11008, 55921,20161014,   75,    0
 11008, 55921,20161015,  107,    0
 11008, 55921,20161016,  100,    0
 11008, 55921,20161017,  112,    0
 11008, 55921,20161018,   94,    0
 11008, 55921,20161019,   92,    0
 11008, 55921,20161020,  106,    0
 11008, 55921,20161021,   84,    0
 11008, 55921,20161022,  106,    0
 11008, 55921,20161023,   84,    0
 11008, 55921,20161024,   85,    0
 11008, 55921,20161025,   58,    0
 11008, 55921,20161026,   83,    0
 11008, 55921,20161027,  129,    0
 11008, 55921,20161028,  133,    0
 11008, 55921,20161029,  120,    0
 11008, 55921,20161030,  107,    0
 11008, 55921,20161031,  101,    0
 11008, 55921,20161101,   87,    0
 11008, 55921,20161102,   68,    0
 11008, 55921,20161103,   89,    0
 11008, 55921,20161104,   72,    0
 11008, 55921,20161105,   64,    0
 11008, 55921,20161106,   53,    0
 11008, 55921,20161107,   37,    0
 11008, 55921,20161108,   50,    0
 11008, 55921,20161109,   75,    0
 11008, 55921,20161110,   83,    0
 11008, 55921,20161111,   65,    0
 11008, 55921,20161112,   98,    0
 11008, 55921,20161113,   83,    0
 11008, 55921,20161114,  114,    0
 11008, 55921,20161115,   97,    0
 11008, 55921,20161116,   88,    0
 11008, 55921,20161117,   45,    0
 11008, 55921,20161118,   26,    0
 11008, 55921,20161119,   22,    0
 11008, 55921,20161120,    1,    0
 11008, 55921,20161121,   13,    0
 11008, 55921,20161122,   42,    0
 11008, 55921,20161123,   11,    0
 11008, 55921,20161124,   16,    0
 11008, 55921,20161125,   21,    0
 11008, 55921,20161126,   27,    0
 11008, 55921,20161127,   60,    0
 11008, 55921,20161128,   59,    0
 11008, 55921,20161129,   62,    0
 11008, 55921,20161130,   50,    0
 11008, 55921,20161201,   13,    0
 11008, 55921,20161202,    4,    0
 11008, 55921,20161203,   28,    0
 11008, 55921,20161204,   39,    0
 11008, 55921,20161205,   66,    0
 11008, 55921,20161206,   85,    0
 11008, 55921,20161207,  130,    0
 11008, 55921,20161208,  112,    0
 11008, 55921,20161209,  115,    0
 11008, 55921,20161210,   88,    0
 11008, 55921,20161211,   68,    0
 11008, 55921,20161212,   59,    0
 11008, 55921,20161213,  105,    0
 11008, 55921,20161214,   86,    0
 11008, 55921,20161215,   42,    0
 11008, 55921,20161216,   71,    0
 11008, 55921,20161217,   28,    0
 11008, 55921,20161218,   55,    0
 11008, 55921,20161219,   70,    0
 11008, 55921,20161220,   30,    0
 11008, 55921,20161221,   51,    0
 11008, 55921,20161222,   64,    0
 11008, 55921,20161223,   78,    0
 11008, 55921,20161224,   90,    0
 11008, 55921,20161225,  106,    0
 11008, 55921,20161226,   60,    0
 11008, 55921,20161227,   58,    0
 11008, 55921,20161228,   59,    0
 11008, 55921,20161229,   80,    0
 11008, 55921,20161230,   93,    0
 11008, 55921,20161231,   98,    0
 11008, 55921,20170101,   33,    0
 11008, 55921,20170102,   16,    0
 11008, 55921,20170103,   17,    0
 11008, 55921,20170104,   54,    0
 11008, 55921,20170105,   72,    0
 11008, 55921,20170106,   82,    0
 11008, 55921,20170107,   95,    0
 11008, 55921,20170108,   97,    0
 11008, 55921,20170109,   74,    0
 11008, 55921,20170110,   83,    0
 11008, 55921,20170111,   70,    0
 11008, 55921,20170112,   29,    0
 11008, 55921,20170113,   30,    0
 11008, 55921,20170114,   50,    0
 11008, 55921,20170115,   80,    0
 11008, 55921,20170116,   86,    0
 11008, 55921,20170117,   90,    0
 11008, 55921,20170118,   89,    0
 11008, 55921,20170119,   52,    0
 11008, 55921,20170120,   46,    0
 11008, 55921,20170121,   13,    0
 11008, 55921,20170122,   24,    0
 11008, 55921,20170123,   37,    0
 11008, 55921,20170124,   70,    0
 11008, 55921,20170125,  106,    0
 11008, 55921,20170126,   68,    0
 11008, 55921,20170127,   71,    0
 11008, 55921,20170128,   24,    0
 11008, 55921,20170129,   42,    0
 11008, 55921,20170130,   78,    0
 11008, 55921,20170131,   89,    0
 11008, 55921,20170201,   64,    0
 11008, 55921,20170202,   85,    0
 11008, 55921,20170203,   55,    0
 11008, 55921,20170204,   31,    0
 11008, 55921,20170205,   29,    0
 11008, 55921,20170206,   59,    0
 11008, 55921,20170207,   48,    0
 11008, 55921,20170208,   29,    0
 11008, 55921,20170209,   30,    0
 11008, 55921,20170210,   30,    0
 11008, 55921,20170211,   24,    0
 11008, 55921,20170212,   32,    0
 11008, 55921,20170213,   62,    0
 11008, 55921,20170214,   82,    0
 11008, 55921,20170215,   84,    0
 11008, 55921,20170216,   76,    0
 11008, 55921,20170217,   89,    0
 11008, 55921,20170218,  101,    0
 11008, 55921,20170219,   93,    0
 11008, 55921,20170220,  105,    0
 11008, 55921,20170221,   94,    0
 11008, 55921,20170222,   92,    0
 11008, 55921,20170223,   68,    0
 11008, 55921,20170224,   55,    0
 11008, 55921,20170225,   82,    0
 11008, 55921,20170226,   75,    0
 11008, 55921,20170227,   36,    0
 11008, 55921,20170228,   37,    0
 11008, 55921,20170301,   50,    0
 11008, 55921,20170302,   49,    0
 11008, 55921,20170303,   56,    0
 11008, 55921,20170304,   54,    0
 11008, 55921,20170305,   56,    0
 11008, 55921,20170306,   47,    0
 11008, 55921,20170307,   55,    0
 11008, 55921,20170308,   86,    0
 11008, 55921,20170309,   70,    0
 11008, 55921,20170310,   90,    0
 11008, 55921,20170311,  112,    0
 11008, 55921,20170312,   88,    0
 11008, 55921,20170313,   99,    0
 11008, 55921,20170314,  108,    0
 11008, 55921,20170315,   96,    0
 11008, 55921,20170316,   95,    0
 11008, 55921,20170317,   72,    0
 11008, 55921,20170318,   94,    0
 11008, 55921,20170319,  114,    0
 11008, 55921,20170320,   74,    0
 11008, 55921,20170321,   31,    0
 11008, 55921,20170322,   49,    0
 11008, 55921,20170323,   65,    0
 11008, 55921,20170324,   76,    0
 11008, 55921,20170325,   80,    0
 11008, 55921,20170326,   82,    0
 11008, 55921,20170327,  100,    0
 11008, 55921,20170328,   96,    0
 11008, 55921,20170329,  116,    0
 11008, 55921,20170330,  131,    0
 11008, 55921,20170331,  104,    0
 11008, 55921,20170401,   86,    0
 11008, 55921,20170402,   78,    0
 11008, 55921,20170403,  108,    0
 11008, 55921,20170404,   91,    0
 11008, 55921,20170405,   96,    0
 11008, 55921,20170406,   89,    0
 11008, 55921,20170407,   99,    0
 11008, 55921,20170408,   93,    0
 11008, 55921,20170409,   85,    0
 11008, 55921,20170410,   84,    0
 11008, 55921,20170411,   83,    0
 11008, 55921,20170412,  112,    0
 11008, 55921,20170413,   94,    0
 11008, 55921,20170414,  101,    0
 11008, 55921,20170415,   80,    0
 11008, 55921,20170416,   90,    0
 11008, 55921,20170417,   95,    0
 11008, 55921,20170418,   94,    0
 11008, 55921,20170419,  117,    0
 11008, 55921,20170420,  113,    0
 11008, 55921,20170421,   96,    0
 11008, 55921,20170422,  109,    0
 11008, 55921,20170423,  111,    0
 11008, 55921,20170424,  101,    0
 11008, 55921,20170425,   54,    0
 11008, 55921,20170426,   55,    0
 11008, 55921,20170427,   70,    0
 11008, 55921,20170428,   87,    0
 11008, 55921,20170429,   95,    0
 11008, 55921,20170430,  113,    0
 11008, 55921,20170501,   89,    0
 11008, 55921,20170502,  120,    0
 11008, 55921,20170503,  111,    0
 11008, 55921,20170504,  112,    0
 11008, 55921,20170505,  113,    0
 11008, 55921,20170506,  105,    0
 11008, 55921,20170507,  125,    0
 11008, 55921,20170508,  123,    0
 11008, 55921,20170509,  109,    0
 11008, 55921,20170510,  104,    0
 11008, 55921,20170511,  119,    0
 11008, 55921,20170512,  141,    0
 11008, 55921,20170513,  114,    0
 11008, 55921,20170514,  109,    0
 11008, 55921,20170515,  130,    0
 11008, 55921,20170516,  130,    0
 11008, 55921,20170517,  105,    0
 11008, 55921,20170518,   99,    0
 11008, 55921,20170519,   88,    0
 11008, 55921,20170520,  105,    0
 11008, 55921,20170521,  128,    0
 11008, 55921,20170522,  140,    0
 11008, 55921,20170523,  138,    0
 11008, 55921,20170524,  161,    0
 11008, 55921,20170525,  173,    0
 11008, 55921,20170526,  178,    0
 11008, 55921,20170527,  150,    0
 11008, 55921,20170528,  126,    0
 11008, 55921,20170529,  146,    0
 11008, 55921,20170530,  135,    0
 11008, 55921,20170531,  139,    0
 11008, 55921,20170601,  134,    0
 11008, 55921,20170602,  118,    0
 11008, 55921,20170603,  116,    0
 11008, 55921,20170604,  113,    0
 11008, 55921,20170605,  119,    0
 11008, 55921,20170606,  116,    0
 11008, 55921,20170607,  107,    0
 11008, 55921,20170608,  132,    0
 11008, 55921,20170609,  128,    0
 11008, 55921,20170610,  152,    0
 11008, 55921,20170611,  129,    0
 11008, 55921,20170612,  134,    0
 11008, 55921,20170613,  149,    0
 11008, 55921,20170614,  151,    0
 11008, 55921,20170615,  135,    0
 11008, 55921,20170616,  149,    0
 11008, 55921,20170617,  160,    0
 11008, 55921,20170618,  172,    0
 11008, 55921,20170619,  167,    0
 11008, 55921,20170620,  188,    0
 11008, 55921,20170621,  175,    0
 11008, 55921,20170622,  131,    0
 11008, 55921,20170623,  145,    0
 11008, 55921,20170624,  143,    0
 11008, 55921,20170625,  135,    0
 11008, 55921,20170626,  118,    0
 11008, 55921,20170627,  156,    0
 11008, 55921,20170628,  138,    0
 11008, 55921,20170629,  133,    0
 11008, 55921,20170630,  140,    0
 11008, 55921,20170701,  126,    0
 11008, 55921,20170702,  107,    0
 11008, 55921,20170703,  146,    0
 11008, 55921,20170704,  155,    0
 11008, 55921,20170705,  143,    0
 11008, 55921,20170706,  164,    0
 11008, 55921,20170707,  158,    0
 11008, 55921,20170708,  153,    0
 11008, 55921,20170709,  133,    0
 11008, 55921,20170710,  139,    0
 11008, 55921,20170711,  151,    0
 11008, 55921,20170712,  135,    0
 11008, 55921,20170713,  139,    0
 11008, 55921,20170714,  149,    0
 11008, 55921,20170715,  168,    0
 11008, 55921,20170716,  145,    0
 11008, 55921,20170717,  159,    0
 11008, 55921,20170718,  173,    0
 11008, 55921,20170719,  176,    0
 11008, 55921,20170720,  123,    0
 11008, 55921,20170721,  126,    0
 11008, 55921,20170722,  154,    0
 11008, 55921,20170723,  150,    0
 11008, 55921,20170724,  163,    0
 11008, 55921,20170725,  157,    0
 11008, 55921,20170726,  154,    0
 11008, 55921,20170727,  134,    0
 11008, 55921,20170728,  139,    0
 11008, 55921,20170729,  148,    0
 11008, 55921,20170730,  141,    0
 11008, 55921,20170731,  142,    0
 11008, 55921,20170801,  142,    0
 11008, 55921,20170802,  158,    0
 11008, 55921,20170803,  153,    0
 11008, 55921,20170804,  138,    0
 11008, 55921,20170805,  126,    0
 11008, 55921,20170806,  135,    0
 11008, 55921,20170807,  139,    0
 11008, 55921,20170808,  139,    0
 11008, 55921,20170809,  131,    0
 11008, 55921,20170810,  113,    0
 11008, 55921,20170811,  157,    0
 11008, 55921,20170812,  159,    0
 11008, 55921,20170813,  115,    0
 11008, 55921,20170814,  151,    0
 11008, 55921,20170815,  139,    0
 11008, 55921,20170816,  152,    0
 11008, 55921,20170817,  152,    0
 11008, 55921,20170818,  132,    0
 11008, 55921,20170819,  135,    0
 11008, 55921,20170820,  120,    0
 11008, 55921,20170821,  168,    0
 11008, 55921,20170822,  169,    0
 11008, 55921,20170823,  145,    0
 11008, 55921,20170824,  135,    0
 11008, 55921,20170825,  157,    0
 11008, 55921,20170826,  133,    0
 11008, 55921,20170827,  158,    0
 11008, 55921,20170828,  161,    0
 11008, 55921,20170829,  117,    0
 11008, 55921,20170830,  125,    0
 11008, 55921,20170831,  118,    0
 11008, 55921,20170901,  112,    0
 11008, 55921,20170902,  104,    0
 11008, 55921,20170903,  166,    0
 11008, 55921,20170904,  160,    0
 11008, 55921,20170905,  144,    0
 11008, 55921,20170906,  140,    0
 11008, 55921,20170907,  144,    0
 11008, 55921,20170908,  138,    0
 11008, 55921,20170909,  133,    0
 11008, 55921,20170910,  133,    0
 11008, 55921,20170911,  133,    0
 11008, 55921,20170912,  115,    0
 11008, 55921,20170913,  110,    0
 11008, 55921,20170914,  114,    0
 11008, 55921,20170915,  120,    0
 11008, 55921,20170916,  109,    0
 11008, 55921,20170917,  104,    0
 11008, 55921,20170918,   93,    0
 11008, 55921,20170919,  118,    0
 11008, 55921,20170920,  123,    0
 11008, 55921,20170921,   90,    0
 11008, 55921,20170922,  125,    0
 11008, 55921,20170923,  125,    0
 11008, 55921,20170924,  135,    0
 11008, 55921,20170925,  118,    0
 11008, 55921,20170926,  139,    0
 11008, 55921,20170927,  138,    0
 11008, 55921,20170928,  109,    0
 11008, 55921,20170929,  120,    0
 11008, 55921,20170930,  112,    0
 11008, 55921,20171001,  124,    0
 11008, 55921,20171002,  127,    0
 11008, 55921,20171003,  107,    0
 11008, 55921,20171004,  124,    0
 11008, 55921,20171005,  109,    0
 11008, 55921,20171006,   80,    0
 11008, 55921,20171007,  118,    0
 11008, 55921,20171008,  121,    0
 11008, 55921,20171009,  109,    0
 11008, 55921,20171010,  118,    0
 11008, 55921,20171011,  126,    0
 11008, 55921,20171012,  125,    0
 11008, 55921,20171013,  127,    0
 11008, 55921,20171014,  145,    0
 11008, 55921,20171015,  149,    0
 11008, 55921,20171016,  133,    0
 11008, 55921,20171017,  118,    0
 11008, 55921,20171018,   84,    0
 11008, 55921,20171019,   92,    0
 11008, 55921,20171020,   75,    0
 11008, 55921,20171021,   95,    0
 11008, 55921,20171022,  103,    0
 11008, 55921,20171023,  121,    0
 11008, 55921,20171024,  120,    0
 11008, 55921,20171025,  117,    0
 11008, 55921,20171026,  119,    0
 11008, 55921,20171027,   84,    0
 11008, 55921,20171028,   97,    0
 11008, 55921,20171029,  119,    0
 11008, 55921,20171030,   80,    0
 11008, 55921,20171031,   96,    0
 11008, 55921,20171101,  110,    0
 11008, 55921,20171102,   96,    0
 11008, 55921,20171103,  104,    0
 11008, 55921,20171104,   71,    0
 11008, 55921,20171105,   70,    0
 11008, 55921,20171106,   70,    0
 11008, 55921,20171107,   66,    0
 11008, 55921,20171108,   55,    0
 11008, 55921,20171109,   88,    0
 11008, 55921,20171110,   97,    0
 11008, 55921,20171111,   85,    0
 11008, 55921,20171112,   66,    0
 11008, 55921,20171113,   51,    0
 11008, 55921,20171114,   85,    0
 11008, 55921,20171115,   71,    0
 11008, 55921,20171116,   69,    0
 11008, 55921,20171117,   44,    0
 11008, 55921,20171118,   67,    0
 11008, 55921,20171119,   93,    0
 11008, 55921,20171120,   99,    0
 11008, 55921,20171121,  123,    0
 11008, 55921,20171122,   78,    0
 11008, 55921,20171123,   47,    0
 11008, 55921,20171124,    9,    0
 11008, 55921,20171125,   27,    0
 11008, 55921,20171126,   60,    0
 11008, 55921,20171127,   60,    0
 11008, 55921,20171128,   40,    0
 11008, 55921,20171129,   23,    0
 11008, 55921,20171130,   39,    0
 11008, 55921,20171201,   38,    0
 11008, 55921,20171202,   55,    0
 11008, 55921,20171203,   64,    0
 11008, 55921,20171204,   45,    0
 11008, 55921,20171205,   59,    0
 11008, 55921,20171206,  101,    0
 11008, 55921,20171207,   59,    0
 11008, 55921,20171208,   33,    0
 11008, 55921,20171209,   24,    0
 11008, 55921,20171210,   12,    0
 11008, 55921,20171211,    6,    0
 11008, 55921,20171212,   36,    0
 11008, 55921,20171213,   42,    0
 11008, 55921,20171214,   41,    0
 11008, 55921,20171215,   41,    0
 11008, 55921,20171216,   42,    0
 11008, 55921,20171217,   76,    0
 11008, 55921,20171218,   50,    0
 11008, 55921,20171219,   64,    0
 11008, 55921,20171220,   95,    0
 11008, 55921,20171221,   94,    0
 11008, 55921,20171222,   96,    0
 11008, 55921,20171223,  109,    0
 11008, 55921,20171224,  104,    0
 11008, 55921,20171225,   53,    0
 11008, 55921,20171226,   15,    0
 11008, 55921,20171227,   29,    0
 11008, 55921,20171228,   16,    0
 11008, 55921,20171229,   38,    0
 11008, 55921,20171230,   61,    0
 11008, 55921,20171231,   66,    0
 11008, 55921,20180101,   71,    0
 11008, 55921,20180102,   61,    0
 11008, 55921,20180103,   81,    0
 11008, 55921,20180104,   65,    0
 11008, 55921,20180105,   41,    0
 11008, 55921,20180106,   38,    0
 11008, 55921,20180107,   -2,    0
 11008, 55921,20180108,    4,    0
 11008, 55921,20180109,   21,    0
 11008, 55921,20180110,   27,    0
 11008, 55921,20180111,   31,    0
 11008, 55921,20180112,   44,    0
 11008, 55921,20180113,   87,    0
 11008, 55921,20180114,   67,    0
 11008, 55921,20180115,   68,    0
 11008, 55921,20180116,   33,    0
 11008, 55921,20180117,   53,    0
 11008, 55921,20180118,   41,    0
 11008, 55921,20180119,   26,    0
 11008, 55921,20180120,   62,    0
 11008, 55921,20180121,   71,    0
 11008, 55921,20180122,   94,    0
 11008, 55921,20180123,   93,    0
 11008, 55921,20180124,   67,    0
 11008, 55921,20180125,   59,    0
 11008, 55921,20180126,   49,    0
 11008, 55921,20180127,   60,    0
 11008, 55921,20180128,  100,    0
 11008, 55921,20180129,   66,    0
 11008, 55921,20180130,   52,    0
 11008, 55921,20180131,   43,    0
 11008, 55921,20180201,   46,    0
 11008, 55921,20180202,   36,    0
 11008, 55921,20180203,   40,    0
 11008, 55921,20180204,   41,    0
 11008, 55921,20180205,   29,    0
 11008, 55921,20180206,   22,    0
 11008, 55921,20180207,   34,    0
 11008, 55921,20180208,   46,    0
 11008, 55921,20180209,   45,    0
 11008, 55921,20180210,   50,    0
 11008, 55921,20180211,   17,    0
 11008, 55921,20180212,   25,    0
 11008, 55921,20180213,   40,    0
 11008, 55921,20180214,   53,    0
 11008, 55921,20180215,   37,    0
 11008, 55921,20180216,   45,    0
 11008, 55921,20180217,   56,    0
 11008, 55921,20180218,   59,    0
 11008, 55921,20180219,   99,    0
 11008, 55921,20180220,   44,    0
 11008, 55921,20180221,   33,    0
 11008, 55921,20180222,   44,    0
 11008, 55921,20180223,   55,    0
 11008, 55921,20180224,   43,    0
 11008, 55921,20180225,   27,    0
 11008, 55921,20180226,   16,    0
 11008, 55921,20180227,    9,    0
 11008, 55921,20180228,  -19,    0
 11008, 55921,20180301,  -23,    0
 11008, 55921,20180302,  -16,    0
 11008, 55921,20180303,   10,    0
 11008, 55921,20180304,   19,    0
 11008, 55921,20180305,   35,    0
 11008, 55921,20180306,   39,    0
 11008, 55921,20180307,   57,    0
 11008, 55921,20180308,   48,    0
 11008, 55921,20180309,   21,    0
 11008, 55921,20180310,   72,    0
 11008, 55921,20180311,   76,    0
 11008, 55921,20180312,   80,    0
 11008, 55921,20180313,   52,    0
 11008, 55921,20180314,   77,    0
 11008, 55921,20180315,   98,    0
 11008, 55921,20180316,   71,    0
 11008, 55921,20180317,   47,    0
 11008, 55921,20180318,    0,    0
 11008, 55921,20180319,   31,    0
 11008, 55921,20180320,   19,    0
 11008, 55921,20180321,   38,    0
 11008, 55921,20180322,   69,    0
 11008, 55921,20180323,   73,    0
 11008, 55921,20180324,   54,    0
 11008, 55921,20180325,   42,    0
 11008, 55921,20180326,   54,    0
 11008, 55921,20180327,   79,    0
 11008, 55921,20180328,   51,    0
 11008, 55921,20180329,   50,    0
 11008, 55921,20180330,   50,    0
 11008, 55921,20180331,   52,    0
 11008, 55921,20180401,   38,    0
 11008, 55921,20180402,   46,    0
 11008, 55921,20180403,   67,    0
 11008, 55921,20180404,   61,    0
 11008, 55921,20180405,   31,    0
 11008, 55921,20180406,   84,    0
 11008, 55921,20180407,  105,    0
 11008, 55921,20180408,   90,    0
 11008, 55921,20180409,   92,    0
 11008, 55921,20180410,   84,    0
 11008, 55921,20180411,   87,    0
 11008, 55921,20180412,   95,    0
 11008, 55921,20180413,   79,    0
 11008, 55921,20180414,  109,    0
 11008, 55921,20180415,  116,    0
 11008, 55921,20180416,   97,    0
 11008, 55921,20180417,  126,    0
 11008, 55921,20180418,  144,    0
 11008, 55921,20180419,  129,    0
 11008, 55921,20180420,   96,    0
 11008, 55921,20180421,   97,    0
 11008, 55921,20180422,   98,    0
 11008, 55921,20180423,  105,    0
 11008, 55921,20180424,   99,    0
 11008, 55921,20180425,   95,    0
 11008, 55921,20180426,   88,    0
 11008, 55921,20180427,   84,    0
 11008, 55921,20180428,   71,    0
 11008, 55921,20180429,   76,    0
 11008, 55921,20180430,   65,    0
 11008, 55921,20180501,   83,    0
 11008, 55921,20180502,   83,    0
 11008, 55921,20180503,   98,    0
 11008, 55921,20180504,  115,    0
 11008, 55921,20180505,  128,    0
 11008, 55921,20180506,  125,    0
 11008, 55921,20180507,  127,    0
 11008, 55921,20180508,  121,    0
 11008, 55921,20180509,   99,    0
 11008, 55921,20180510,   97,    0
 11008, 55921,20180511,   92,    0
 11008, 55921,20180512,   68,    0
 11008, 55921,20180513,   99,    0
 11008, 55921,20180514,  131,    0
 11008, 55921,20180515,  121,    0
 11008, 55921,20180516,   90,    0
 11008, 55921,20180517,  106,    0
 11008, 55921,20180518,  121,    0
 11008, 55921,20180519,  125,    0
 11008, 55921,20180520,  142,    0
 11008, 55921,20180521,  109,    0
 11008, 55921,20180522,   97,    0
 11008, 55921,20180523,  135,    0
 11008, 55921,20180524,  142,    0
 11008, 55921,20180525,  164,    0
 11008, 55921,20180526,  151,    0
 11008, 55921,20180527,  166,    0
 11008, 55921,20180528,  165,    0
 11008, 55921,20180529,  188,    0
 11008, 55921,20180530,  172,    0
 11008, 55921,20180531,  189,    0
 11008, 55921,20180601,  171,    0
 11008, 55921,20180602,  168,    0
 11008, 55921,20180603,  176,    0
 11008, 55921,20180604,  174,    0
 11008, 55921,20180605,  173,    0
 11008, 55921,20180606,  178,    0
 11008, 55921,20180607,  178,    0
 11008, 55921,20180608,  200,    0
 11008, 55921,20180609,  156,    0
 11008, 55921,20180610,  153,    0
 11008, 55921,20180611,  152,    0
 11008, 55921,20180612,  140,    0
 11008, 55921,20180613,  122,    0
 11008, 55921,20180614,  142,    0
 11008, 55921,20180615,  130,    0
 11008, 55921,20180616,  124,    0
 11008, 55921,20180617,  130,    0
 11008, 55921,20180618,  135,    0
 11008, 55921,20180619,  140,    0
 11008, 55921,20180620,  138,    0
 11008, 55921,20180621,  117,    0
 11008, 55921,20180622,  109,    0
 11008, 55921,20180623,  130,    0
 11008, 55921,20180624,  148,    0
 11008, 55921,20180625,  166,    0
 11008, 55921,20180626,  212,    0
 11008, 55921,20180627,  217,    0
 11008, 55921,20180628,  211,    0
 11008, 55921,20180629,  226,    0
 11008, 55921,20180630,  203,    0
 11008, 55921,20180701,  172,    0
 11008, 55921,20180702,  172,    0
 11008, 55921,20180703,  172,    0
 11008, 55921,20180704,  159,    0
 11008, 55921,20180705,  167,    0
 11008, 55921,20180706,  173,    0
 11008, 55921,20180707,  175,    0
 11008, 55921,20180708,  178,    0
 11008, 55921,20180709,  178,    0
 11008, 55921,20180710,  157,    0
 11008, 55921,20180711,  166,    0
 11008, 55921,20180712,  148,    0
 11008, 55921,20180713,  173,    0
 11008, 55921,20180714,  151,    0
 11008, 55921,20180715,  175,    0
 11008, 55921,20180716,  140,    0
 11008, 55921,20180717,  139,    0
 11008, 55921,20180718,  156,    0
 11008, 55921,20180719,  143,    0
 11008, 55921,20180720,  173,    0
 11008, 55921,20180721,  151,    0
 11008, 55921,20180722,  182,    0
 11008, 55921,20180723,  182,    0
 11008, 55921,20180724,  161,    0
 11008, 55921,20180725,  167,    0
 11008, 55921,20180726,  198,    0
 11008, 55921,20180727,  160,    0
 11008, 55921,20180728,  136,    0
 11008, 55921,20180729,  135,    0
 11008, 55921,20180730,  142,    0
 11008, 55921,20180731,  142,    0
 11008, 55921,20180801,  153,    0
 11008, 55921,20180802,  174,    0
 11008, 55921,20180803,  174,    0
 11008, 55921,20180804,  164,    0
 11008, 55921,20180805,  152,    0
 11008, 55921,20180806,  162,    0
 11008, 55921,20180807,  146,    0
 11008, 55921,20180808,  134,    0
 11008, 55921,20180809,  123,    0
 11008, 55921,20180810,  129,    0
 11008, 55921,20180811,  139,    0
 11008, 55921,20180812,  170,    0
 11008, 55921,20180813,  157,    0
 11008, 55921,20180814,  164,    0
 11008, 55921,20180815,  176,    0
 11008, 55921,20180816,  142,    0
 11008, 55921,20180817,  145,    0
 11008, 55921,20180818,  176,    0
 11008, 55921,20180819,  169,    0
 11008, 55921,20180820,  172,    0
 11008, 55921,20180821,  172,    0
 11008, 55921,20180822,  155,    0
 11008, 55921,20180823,  142,    0
 11008, 55921,20180824,  126,    0
 11008, 55921,20180825,  112,    0
 11008, 55921,20180826,  134,    0
 11008, 55921,20180827,  147,    0
 11008, 55921,20180828,  129,    0
 11008, 55921,20180829,  118,    0
 11008, 55921,20180830,  124,    0
 11008, 55921,20180831,  137,    0
 11008, 55921,20180901,  173,    0
 11008, 55921,20180902,  162,    0
 11008, 55921,20180903,  100,    0
 11008, 55921,20180904,  106,    0
 11008, 55921,20180905,  127,    0
 11008, 55921,20180906,  137,    0
 11008, 55921,20180907,  112,    0
 11008, 55921,20180908,  134,    0
 11008, 55921,20180909,  140,    0
 11008, 55921,20180910,  139,    0
 11008, 55921,20180911,  132,    0
 11008, 55921,20180912,  108,    0
 11008, 55921,20180913,  127,    0
 11008, 55921,20180914,  133,    0
 11008, 55921,20180915,  134,    0
 11008, 55921,20180916,  140,    0
 11008, 55921,20180917,  150,    0
 11008, 55921,20180918,  149,    0
 11008, 55921,20180919,  128,    0
 11008, 55921,20180920,   88,    0
 11008, 55921,20180921,  105,    0
 11008, 55921,20180922,  110,    0
 11008, 55921,20180923,   82,    0
 11008, 55921,20180924,   76,    0
 11008, 55921,20180925,   98,    0
 11008, 55921,20180926,  138,    0
 11008, 55921,20180927,  130,    0
 11008, 55921,20180928,   80,    0
 11008, 55921,20180929,   64,    0
 11008, 55921,20180930,   93,    0
 11008, 55921,20181001,   87,    0
 11008, 55921,20181002,  128,    0
 11008, 55921,20181003,  128,    0
 11008, 55921,20181004,  131,    0
 11008, 55921,20181005,   96,    0
 11008, 55921,20181006,   73,    0
 11008, 55921,20181007,   81,    0
 11008, 55921,20181008,  128,    0
 11008, 55921,20181009,  152,    0
 11008, 55921,20181010,  163,    0
 11008, 55921,20181011,  128,    0
 11008, 55921,20181012,  120,    0
 11008, 55921,20181013,  112,    0
 11008, 55921,20181014,   67,    0
 11008, 55921,20181015,   80,    0
 11008, 55921,20181016,  113,    0
 11008, 55921,20181017,  111,    0
 11008, 55921,20181018,   64,    0
 11008, 55921,20181019,   90,    0
 11008, 55921,20181020,  131,    0
 11008, 55921,20181021,  124,    0
 11008, 55921,20181022,   71,    0
 11008, 55921,20181023,  100,    0
 11008, 55921,20181024,   75,    0
 11008, 55921,20181025,  105,    0
 11008, 55921,20181026,   66,    0
 11008, 55921,20181027,   46,    0
 11008, 55921,20181028,   44,    0
 11008, 55921,20181029,   37,    0
 11008, 55921,20181030,   55,    0
 11008, 55921,20181031,   64,    0
 11008, 55921,20181101,   43,    0
 11008, 55921,20181102,   62,    0
 11008, 55921,20181103,   74,    0
 11008, 55921,20181104,   98,    0
 11008, 55921,20181105,   87,    0
 11008, 55921,20181106,   98,    0
 11008, 55921,20181107,   63,    0
 11008, 55921,20181108,   70,    0
 11008, 55921,20181109,   87,    0
 11008, 55921,20181110,   77,    0
 11008, 55921,20181111,   66,    0
 11008, 55921,20181112,   81,    0
 11008, 55921,20181113,  103,    0
 11008, 55921,20181114,  112,    0
 11008, 55921,20181115,  126,    0
 11008, 55921,20181116,   85,    0
 11008, 55921,20181117,  111,    0
 11008, 55921,20181118,   76,    0
 11008, 55921,20181119,   65,    0
 11008, 55921,20181120,   59,    0
 11008, 55921,20181121,   52,    0
 11008, 55921,20181122,   45,    0
 11008, 55921,20181123,   45,    0
 11008, 55921,20181124,   52,    0
 11008, 55921,20181125,   40,    0
 11008, 55921,20181126,   57,    0
 11008, 55921,20181127,   87,    0
 11008, 55921,20181128,  108,    0
 11008, 55921,20181129,   84,    0
 11008, 55921,20181130,   74,    0
 11008, 55921,20181201,   81,    0
 11008, 55921,20181202,   91,    0
 11008, 55921,20181203,   60,    0
 11008, 55921,20181204,   22,    0
 11008, 55921,20181205,   72,    0
 11008, 55921,20181206,   99,    0
 11008, 55921,20181207,   78,    0
 11008, 55921,20181208,   83,    0
 11008, 55921,20181209,   82,    0
 11008, 55921,20181210,   54,    0
 11008, 55921,20181211,   78,    0
 11008, 55921,20181212,   46,    0
 11008, 55921,20181213,   45,    0
 11008, 55921,20181214,   87,    0
 11008, 55921,20181215,  108,    0
 11008, 55921,20181216,   64,    0
 11008, 55921,20181217,   83,    0
 11008, 55921,20181218,   89,    0
 11008, 55921,20181219,   63,    0
 11008, 55921,20181220,   70,    0
 11008, 55921,20181221,   78,    0
 11008, 55921,20181222,   78,    0
 11008, 55921,20181223,   68,    0
 11008, 55921,20181224,   86,    0
 11008, 55921,20181225,   95,    0
 11008, 55921,20181226,   94,    0
 11008, 55921,20181227,   98,    0
 11008, 55921,20181228,   98,    0
 11008, 55921,20181229,  102,    0
 11008, 55921,20181230,   97,    0
 11008, 55921,20181231,   94,    0
 11008, 55921,20190101,   97,    0
 11008, 55921,20190102,   74,    0
 11008, 55921,20190103,   72,    0
 11008, 55921,20190104,   64,    0
 11008, 55921,20190105,   41,    0
 11008, 55921,20190106,   64,    0
 11008, 55921,20190107,   92,    0
 11008, 55921,20190108,   63,    0
 11008, 55921,20190109,   76,    0
 11008, 55921,20190110,   97,    0
 11008, 55921,20190111,   84,    0
 11008, 55921,20190112,   90,    0
 11008, 55921,20190113,   94,    0
 11008, 55921,20190114,   77,    0
 11008, 55921,20190115,   79,    0
 11008, 55921,20190116,   45,    0
 11008, 55921,20190117,   23,    0
 11008, 55921,20190118,   37,    0
 11008, 55921,20190119,   44,    0
 11008, 55921,20190120,   51,    0
 11008, 55921,20190121,   15,    0
 11008, 55921,20190122,   30,    0
 11008, 55921,20190123,   51,    0
 11008, 55921,20190124,   79,    0
 11008, 55921,20190125,  101,    0
 11008, 55921,20190126,   86,    0
 11008, 55921,20190127,   41,    0
 11008, 55921,20190128,   43,    0
 11008, 55921,20190129,   26,    0
 11008, 55921,20190130,   22,    0
 11008, 55921,20190131,    5,    0
 11008, 55921,20190201,   13,    0
 11008, 55921,20190202,   10,    0
 11008, 55921,20190203,   27,    0
 11008, 55921,20190204,   70,    0
 11008, 55921,20190205,   63,    0
 11008, 55921,20190206,   65,    0
 11008, 55921,20190207,   56,    0
 11008, 55921,20190208,   70,    0
 11008, 55921,20190209,   69,    0
 11008, 55921,20190210,   43,    0
 11008, 55921,20190211,   54,    0
 11008, 55921,20190212,   68,    0
 11008, 55921,20190213,  106,    0
 11008, 55921,20190214,  107,    0
 11008, 55921,20190215,   77,    0
 11008, 55921,20190216,   87,    0
 11008, 55921,20190217,   90,    0
 11008, 55921,20190218,   74,    0
 11008, 55921,20190219,   74,    0
 11008, 55921,20190220,  103,    0
 11008, 55921,20190221,  121,    0
 11008, 55921,20190222,  128,    0
 11008, 55921,20190223,  120,    0
 11008, 55921,20190224,   83,    0
 11008, 55921,20190225,  114,    0
 11008, 55921,20190226,  104,    0
 11008, 55921,20190227,   74,    0
 11008, 55921,20190228,   81,    0
 11008, 55921,20190301,   64,    0
 11008, 55921,20190302,   74,    0
 11008, 55921,20190303,   49,    0
 11008, 55921,20190304,   43,    0
 11008, 55921,20190305,   63,    0
 11008, 55921,20190306,   62,    0
 11008, 55921,20190307,   72,    0
 11008, 55921,20190308,   59,    0
 11008, 55921,20190309,   70,    0
 11008, 55921,20190310,   43,    0
 11008, 55921,20190311,   61,    0
 11008, 55921,20190312,   66,    0
 11008, 55921,20190313,   75,    0
 11008, 55921,20190314,   88,    0
 11008, 55921,20190315,   96,    0
 11008, 55921,20190316,   78,    0
 11008, 55921,20190317,   58,    0
 11008, 55921,20190318,   75,    0
 11008, 55921,20190319,   83,    0
 11008, 55921,20190320,  105,    0
 11008, 55921,20190321,  113,    0
 11008, 55921,20190322,  108,    0
 11008, 55921,20190323,   57,    0
 11008, 55921,20190324,   61,    0
 11008, 55921,20190325,   84,    0
 11008, 55921,20190326,   60,    0
 11008, 55921,20190327,   87,    0
 11008, 55921,20190328,   81,    0
 11008, 55921,20190329,  102,    0
 11008, 55921,20190330,   85,    0
 11008, 55921,20190331,   65,    0
 11008, 55921,20190401,   68,    0
 11008, 55921,20190402,   39,    0
 11008, 55921,20190403,   52,    0
 11008, 55921,20190404,   50,    0
 11008, 55921,20190405,   61,    0
 11008, 55921,20190406,   98,    0
 11008, 55921,20190407,   65,    0
 11008, 55921,20190408,   95,    0
 11008, 55921,20190409,  103,    0
 11008, 55921,20190410,   77,    0
 11008, 55921,20190411,  102,    0
 11008, 55921,20190412,   79,    0
 11008, 55921,20190413,   84,    0
 11008, 55921,20190414,   56,    0
 11008, 55921,20190415,   74,    0
 11008, 55921,20190416,  100,    0
 11008, 55921,20190417,  101,    0
 11008, 55921,20190418,  127,    0
 11008, 55921,20190419,  145,    0
 11008, 55921,20190420,  137,    0
 11008, 55921,20190421,  126,    0
 11008, 55921,20190422,-9999,    9
 11008, 55921,20190423,-9999,    9
 11008, 55921,20190424,-9999,    9
 11008, 55921,20190425,-9999,    9
 11008, 55921,20190426,-9999,    9
 11008, 55921,20190427,-9999,    9
 11008, 55921,20190428,-9999,    9
 11008, 55921,20190429,-9999,    9
 11008, 55921,20190430,-9999,    9
