EUROPEAN CLIMATE ASSESSMENT & DATASET (ECA&D), file created on: 13-05-2019
THESE DATA CAN BE USED FOR NON-COMMERCIAL RESEARCH AND EDUCATION PROVIDED THAT THE FOLLOWING SOURCE IS ACKNOWLEDGED: 

Klein Tank, A.M.G. and Coauthors, 2002. Daily dataset of 20th-century surface
air temperature and precipitation series for the European Climate Assessment.
Int. J. of Climatol., 22, 1441-1453.
Data and metadata available at http://www.ecad.eu

FILE FORMAT (MISSING VALUE CODE = -9999):

01-06 STAID: Station identifier
08-13 SOUID: Source identifier
15-22 DATE : Date YYYYMMDD
24-28 TG   : Mean temperature in 0.1 &#176;C
30-34 Q_TG : quality code for TG (0='valid'; 1='suspect'; 9='missing')

This is the blended series of station BOSCOMBE DOWN, UNITED KINGDOM (STAID: 2127)
Blended and updated with sources:56835 903743 903746 
See files sources.txt and stations.txt for more info.

STAID, SOUID,    DATE,   TG, Q_TG
  2127, 56835,20130101,   50,    0
  2127, 56835,20130102,   68,    0
  2127, 56835,20130103,   74,    0
  2127, 56835,20130104,   88,    0
  2127, 56835,20130105,   87,    1
  2127, 56835,20130106,   54,    0
  2127, 56835,20130107,   74,    0
  2127, 56835,20130108,   88,    1
  2127, 56835,20130109,   76,    1
  2127, 56835,20130110,   32,    0
  2127, 56835,20130111,   55,    1
  2127, 56835,20130112,   33,    1
  2127, 56835,20130113,    9,    0
  2127, 56835,20130114,   20,    0
  2127, 56835,20130115,   19,    1
  2127, 56835,20130116,  -23,    0
  2127, 56835,20130117,   -6,    1
  2127, 56835,20130118,  -13,    0
  2127, 56835,20130119,   -8,    0
  2127, 56835,20130120,  -15,    0
  2127, 56835,20130121,   -3,    0
  2127, 56835,20130122,  -16,    0
  2127, 56835,20130123,   -1,    0
  2127, 56835,20130124,    3,    0
  2127, 56835,20130125,    7,    0
  2127, 56835,20130126,   55,    0
  2127, 56835,20130127,   54,    0
  2127, 56835,20130128,   63,    0
  2127, 56835,20130129,   76,    0
  2127, 56835,20130130,   95,    0
  2127, 56835,20130131,   79,    1
  2127, 56835,20130201,   55,    0
  2127, 56835,20130202,   34,    0
  2127, 56835,20130203,   32,    0
  2127, 56835,20130204,   68,    1
  2127, 56835,20130205,   34,    0
  2127, 56835,20130206,   34,    0
  2127, 56835,20130207,   22,    0
  2127, 56835,20130208,   33,    0
  2127, 56835,20130209,   26,    0
  2127, 56835,20130210,   31,    1
  2127, 56835,20130211,   13,    0
  2127, 56835,20130212,   13,    0
  2127, 56835,20130213,   36,    0
  2127, 56835,20130214,   55,    0
  2127, 56835,20130215,   52,    0
  2127, 56835,20130216,   49,    0
  2127, 56835,20130217,   46,    0
  2127, 56835,20130218,   40,    0
  2127, 56835,20130219,   47,    0
  2127, 56835,20130220,   19,    0
  2127, 56835,20130221,   -4,    0
  2127, 56835,20130222,    3,    0
  2127, 56835,20130223,    5,    0
  2127, 56835,20130224,   -7,    0
  2127, 56835,20130225,   10,    0
  2127, 56835,20130226,   30,    0
  2127, 56835,20130227,   27,    0
  2127, 56835,20130228,   27,    0
  2127, 56835,20130301,   37,    0
  2127, 56835,20130302,   29,    0
  2127, 56835,20130303,   22,    0
  2127, 56835,20130304,   44,    0
  2127, 56835,20130305,   72,    0
  2127, 56835,20130306,   76,    0
  2127, 56835,20130307,   86,    0
  2127, 56835,20130308,   93,    0
  2127, 56835,20130309,   92,    1
  2127, 56835,20130310,   28,    1
  2127, 56835,20130311,   -5,    0
  2127, 56835,20130312,    4,    0
  2127, 56835,20130313,   31,    0
  2127, 56835,20130314,   16,    0
  2127, 56835,20130315,   41,    0
  2127, 56835,20130316,   67,    1
  2127, 56835,20130317,   28,    0
  2127, 56835,20130318,   26,    0
  2127, 56835,20130319,   33,    0
  2127, 56835,20130320,   38,    0
  2127, 56835,20130321,   32,    0
  2127, 56835,20130322,   47,    1
  2127, 56835,20130323,   15,    1
  2127, 56835,20130324,    0,    0
  2127, 56835,20130325,    3,    0
  2127, 56835,20130326,    7,    0
  2127, 56835,20130327,   14,    0
  2127, 56835,20130328,   15,    0
  2127, 56835,20130329,   21,    0
  2127, 56835,20130330,   21,    0
  2127, 56835,20130331,   19,    0
  2127, 56835,20130401,   22,    0
  2127, 56835,20130402,   38,    0
  2127, 56835,20130403,   27,    0
  2127, 56835,20130404,   16,    0
  2127, 56835,20130405,   37,    0
  2127, 56835,20130406,   38,    0
  2127, 56835,20130407,   30,    0
  2127, 56835,20130408,   60,    0
  2127, 56835,20130409,   51,    0
  2127, 56835,20130410,   52,    0
  2127, 56835,20130411,   81,    0
  2127, 56835,20130412,   93,    0
  2127, 56835,20130413,   74,    0
  2127, 56835,20130414,  113,    0
  2127, 56835,20130415,  112,    0
  2127, 56835,20130416,  117,    0
  2127, 56835,20130417,  121,    0
  2127, 56835,20130418,  106,    0
  2127, 56835,20130419,   98,    0
  2127, 56835,20130420,   76,    0
  2127, 56835,20130421,   58,    0
  2127, 56835,20130422,   84,    0
  2127, 56835,20130423,  130,    0
  2127, 56835,20130424,  110,    0
  2127, 56835,20130425,  118,    0
  2127, 56835,20130426,   86,    0
  2127, 56835,20130427,   57,    0
  2127, 56835,20130428,   52,    0
  2127, 56835,20130429,   90,    0
  2127, 56835,20130430,   77,    0
  2127, 56835,20130501,   84,    0
  2127, 56835,20130502,  105,    0
  2127, 56835,20130503,   98,    0
  2127, 56835,20130504,  103,    0
  2127, 56835,20130505,  115,    0
  2127, 56835,20130506,  119,    0
  2127, 56835,20130507,  128,    0
  2127, 56835,20130508,  127,    1
  2127, 56835,20130509,   79,    0
  2127, 56835,20130510,  117,    0
  2127, 56835,20130511,   89,    0
  2127, 56835,20130512,   78,    0
  2127, 56835,20130513,  109,    1
  2127, 56835,20130514,   79,    0
  2127, 56835,20130515,   89,    0
  2127, 56835,20130516,   83,    0
  2127, 56835,20130517,   88,    0
  2127, 56835,20130518,  122,    0
  2127, 56835,20130519,  137,    0
  2127, 56835,20130520,  122,    0
  2127, 56835,20130521,  129,    0
  2127, 56835,20130522,  112,    0
  2127, 56835,20130523,   82,    0
  2127, 56835,20130524,   66,    0
  2127, 56835,20130525,  102,    0
  2127, 56835,20130526,  110,    0
  2127, 56835,20130527,   88,    0
  2127, 56835,20130528,   99,    0
  2127, 56835,20130529,  103,    0
  2127, 56835,20130530,  133,    0
  2127, 56835,20130531,  144,    0
  2127, 56835,20130601,  132,    0
  2127, 56835,20130602,  116,    0
  2127, 56835,20130603,  125,    0
  2127, 56835,20130604,  128,    0
  2127, 56835,20130605,  138,    0
  2127, 56835,20130606,  151,    0
  2127, 56835,20130607,  156,    0
  2127, 56835,20130608,  132,    0
  2127, 56835,20130609,  133,    0
  2127, 56835,20130610,  112,    0
  2127, 56835,20130611,  120,    0
  2127, 56835,20130612,  134,    0
  2127, 56835,20130613,  143,    0
  2127, 56835,20130614,  118,    0
  2127, 56835,20130615,  121,    0
  2127, 56835,20130616,  126,    0
  2127, 56835,20130617,  151,    0
  2127, 56835,20130618,  169,    0
  2127, 56835,20130619,  181,    0
  2127, 56835,20130620,  177,    0
  2127, 56835,20130621,  173,    1
  2127, 56835,20130622,  134,    0
  2127, 56835,20130623,  140,    0
  2127, 56835,20130624,  136,    0
  2127, 56835,20130625,  132,    0
  2127, 56835,20130626,  148,    0
  2127, 56835,20130627,  154,    0
  2127, 56835,20130628,  162,    0
  2127, 56835,20130629,  176,    0
  2127, 56835,20130630,  178,    0
  2127, 56835,20130701,  157,    0
  2127, 56835,20130702,  126,    0
  2127, 56835,20130703,  157,    0
  2127, 56835,20130704,  169,    0
  2127, 56835,20130705,  170,    0
  2127, 56835,20130706,  181,    0
  2127, 56835,20130707,  200,    0
  2127, 56835,20130708,  200,    0
  2127, 56835,20130709,  192,    0
  2127, 56835,20130710,  187,    0
  2127, 56835,20130711,  160,    0
  2127, 56835,20130712,  177,    0
  2127, 56835,20130713,  211,    0
  2127, 56835,20130714,  219,    0
  2127, 56835,20130715,  213,    0
  2127, 56835,20130716,  208,    0
  2127, 56835,20130717,  217,    0
  2127, 56835,20130718,  227,    0
  2127, 56835,20130719,  210,    0
  2127, 56835,20130720,  203,    0
  2127, 56835,20130721,  205,    0
  2127, 56835,20130722,  229,    0
  2127, 56835,20130723,  200,    0
  2127, 56835,20130724,  182,    0
  2127, 56835,20130725,  193,    0
  2127, 56835,20130726,  186,    0
  2127, 56835,20130727,  173,    0
  2127, 56835,20130728,  169,    0
  2127, 56835,20130729,  184,    0
  2127, 56835,20130730,  166,    0
  2127, 56835,20130731,  195,    0
  2127, 56835,20130801,  221,    0
  2127, 56835,20130802,  191,    0
  2127, 56835,20130803,  175,    0
  2127, 56835,20130804,  172,    0
  2127, 56835,20130805,  179,    0
  2127, 56835,20130806,  158,    0
  2127, 56835,20130807,  166,    0
  2127, 56835,20130808,  164,    0
  2127, 56835,20130809,  186,    0
  2127, 56835,20130810,  155,    0
  2127, 56835,20130811,  177,    0
  2127, 56835,20130812,  156,    0
  2127, 56835,20130813,  138,    0
  2127, 56835,20130814,  139,    0
  2127, 56835,20130815,  193,    0
  2127, 56835,20130816,  197,    1
  2127, 56835,20130817,  148,    0
  2127, 56835,20130818,  171,    0
  2127, 56835,20130819,  158,    0
  2127, 56835,20130820,  160,    0
  2127, 56835,20130821,  173,    0
  2127, 56835,20130822,  199,    0
  2127, 56835,20130823,  191,    0
  2127, 56835,20130824,  171,    0
  2127, 56835,20130825,  162,    0
  2127, 56835,20130826,  190,    0
  2127, 56835,20130827,  174,    0
  2127, 56835,20130828,  172,    0
  2127, 56835,20130829,  175,    0
  2127, 56835,20130830,  187,    0
  2127, 56835,20130831,  161,    0
  2127, 56835,20130901,  139,    0
  2127, 56835,20130902,  170,    0
  2127, 56835,20130903,  178,    0
  2127, 56835,20130904,  185,    0
  2127, 56835,20130905,  182,    1
  2127, 56835,20130906,  148,    0
  2127, 56835,20130907,  125,    0
  2127, 56835,20130908,  103,    0
  2127, 56835,20130909,  129,    0
  2127, 56835,20130910,  127,    0
  2127, 56835,20130911,  126,    0
  2127, 56835,20130912,  168,    0
  2127, 56835,20130913,  170,    1
  2127, 56835,20130914,  115,    0
  2127, 56835,20130915,  103,    0
  2127, 56835,20130916,  111,    0
  2127, 56835,20130917,  117,    0
  2127, 56835,20130918,  132,    0
  2127, 56835,20130919,  129,    0
  2127, 56835,20130920,  121,    0
  2127, 56835,20130921,  128,    0
  2127, 56835,20130922,  169,    0
  2127, 56835,20130923,  173,    0
  2127, 56835,20130924,  155,    0
  2127, 56835,20130925,  163,    1
  2127, 56835,20130926,  146,    0
  2127, 56835,20130927,  142,    0
  2127, 56835,20130928,  150,    0
  2127, 56835,20130929,  157,    0
  2127, 56835,20130930,  148,    0
  2127, 56835,20131001,  146,    0
  2127, 56835,20131002,  158,    0
  2127, 56835,20131003,  163,    0
  2127, 56835,20131004,  176,    0
  2127, 56835,20131005,  153,    0
  2127, 56835,20131006,  116,    0
  2127, 56835,20131007,  137,    0
  2127, 56835,20131008,  154,    0
  2127, 56835,20131009,  141,    1
  2127, 56835,20131010,   83,    0
  2127, 56835,20131011,  108,    0
  2127, 56835,20131012,  117,    1
  2127, 56835,20131013,   96,    0
  2127, 56835,20131014,   87,    0
  2127, 56835,20131015,  100,    0
  2127, 56835,20131016,  109,    0
  2127, 56835,20131017,  140,    0
  2127, 56835,20131018,  131,    0
  2127, 56835,20131019,  154,    0
  2127, 56835,20131020,  136,    0
  2127, 56835,20131021,  141,    0
  2127, 56835,20131022,  156,    0
  2127, 56835,20131023,  141,    0
  2127, 56835,20131024,  105,    0
  2127, 56835,20131025,  130,    0
  2127, 56835,20131026,  145,    0
  2127, 56835,20131027,  127,    0
  2127, 56835,20131028,  116,    0
  2127, 56835,20131029,   90,    0
  2127, 56835,20131030,   86,    0
  2127, 56835,20131031,   94,    0
  2127, 56835,20131101,  115,    0
  2127, 56835,20131102,  111,    1
  2127, 56835,20131103,   83,    0
  2127, 56835,20131104,   74,    0
  2127, 56835,20131105,   71,    0
  2127, 56835,20131106,  117,    1
  2127, 56835,20131107,   90,    1
  2127, 56835,20131108,   63,    0
  2127, 56835,20131109,   47,    0
  2127, 56835,20131110,   70,    0
  2127, 56835,20131111,   76,    0
  2127, 56835,20131112,  109,    1
  2127, 56835,20131113,   48,    0
  2127, 56835,20131114,   62,    0
  2127, 56835,20131115,   50,    0
  2127, 56835,20131116,   28,    0
  2127, 56835,20131117,   43,    0
  2127, 56835,20131118,   81,    1
  2127, 56835,20131119,   32,    0
  2127, 56835,20131120,   27,    0
  2127, 56835,20131121,   52,    0
  2127, 56835,20131122,   36,    0
  2127, 56835,20131123,   30,    0
  2127, 56835,20131124,   42,    0
  2127, 56835,20131125,   44,    0
  2127, 56835,20131126,   27,    0
  2127, 56835,20131127,   47,    0
  2127, 56835,20131128,   83,    0
  2127, 56835,20131129,   83,    1
  2127, 56835,20131130,   47,    0
  2127, 56835,20131201,   39,    0
  2127, 56835,20131202,   60,    0
  2127, 56835,20131203,   58,    0
  2127, 56835,20131204,   54,    0
  2127, 56835,20131205,   37,    0
  2127, 56835,20131206,   54,    0
  2127, 56835,20131207,   60,    0
  2127, 56835,20131208,   64,    0
  2127, 56835,20131209,   70,    0
  2127, 56835,20131210,   51,    0
  2127, 56835,20131211,   41,    0
  2127, 56835,20131212,   57,    0
  2127, 56835,20131213,   89,    0
  2127, 56835,20131214,   69,    0
  2127, 56835,20131215,   87,    0
  2127, 56835,20131216,   97,    1
  2127, 56835,20131217,   57,    0
  2127, 56835,20131218,   68,    0
  2127, 56835,20131219,   50,    0
  2127, 56835,20131220,   55,    0
  2127, 56835,20131221,   76,    0
  2127, 56835,20131222,   73,    0
  2127, 56835,20131223,   71,    0
  2127, 56835,20131224,   68,    1
  2127, 56835,20131225,   31,    0
  2127, 56835,20131226,   52,    0
  2127, 56835,20131227,   44,    0
  2127, 56835,20131228,   40,    0
  2127, 56835,20131229,   41,    0
  2127, 56835,20131230,   54,    0
  2127, 56835,20131231,   67,    0
  2127, 56835,20140101,   75,    0
  2127, 56835,20140102,   78,    0
  2127, 56835,20140103,   71,    0
  2127, 56835,20140104,   60,    0
  2127, 56835,20140105,   53,    0
  2127, 56835,20140106,   59,    0
  2127, 56835,20140107,   95,    0
  2127, 56835,20140108,   82,    0
  2127, 56835,20140109,   79,    0
  2127, 56835,20140110,   46,    0
  2127, 56835,20140111,   54,    0
  2127, 56835,20140112,   39,    0
  2127, 56835,20140113,   49,    0
  2127, 56835,20140114,   45,    0
  2127, 56835,20140115,   57,    0
  2127, 56835,20140116,   59,    0
  2127, 56835,20140117,   75,    0
  2127, 56835,20140118,   62,    0
  2127, 56835,20140119,   47,    0
  2127, 56835,20140120,   43,    0
  2127, 56835,20140121,   23,    0
  2127, 56835,20140122,   39,    0
  2127, 56835,20140123,   41,    0
  2127, 56835,20140124,   60,    0
  2127, 56835,20140125,   77,    0
  2127, 56835,20140126,   69,    1
  2127, 56835,20140127,   40,    0
  2127, 56835,20140128,   62,    1
  2127, 56835,20140129,   45,    1
  2127, 56835,20140130,   27,    0
  2127, 56835,20140131,   54,    0
  2127, 56835,20140201,   51,    0
  2127, 56835,20140202,   60,    0
  2127, 56835,20140203,   59,    0
  2127, 56835,20140204,   44,    0
  2127, 56835,20140205,   64,    0
  2127, 56835,20140206,   69,    0
  2127, 56835,20140207,   59,    0
  2127, 56835,20140208,   66,    0
  2127, 56835,20140209,   64,    0
  2127, 56835,20140210,   43,    0
  2127, 56835,20140211,   43,    0
  2127, 56835,20140212,   54,    0
  2127, 56835,20140213,   48,    0
  2127, 56835,20140214,   53,    0
  2127, 56835,20140215,   66,    0
  2127, 56835,20140216,   52,    0
  2127, 56835,20140217,   56,    0
  2127, 56835,20140218,   82,    0
  2127, 56835,20140219,   61,    0
  2127, 56835,20140220,   91,    0
  2127, 56835,20140221,   52,    0
  2127, 56835,20140222,   67,    0
  2127, 56835,20140223,   81,    0
  2127, 56835,20140224,   80,    0
  2127, 56835,20140225,   77,    0
  2127, 56835,20140226,   61,    0
  2127, 56835,20140227,   72,    0
  2127, 56835,20140228,   46,    0
  2127, 56835,20140301,   39,    0
  2127, 56835,20140302,   50,    0
  2127, 56835,20140303,   40,    0
  2127, 56835,20140304,   50,    0
  2127, 56835,20140305,   51,    0
  2127, 56835,20140306,   62,    0
  2127, 56835,20140307,  108,    0
  2127, 56835,20140308,   88,    0
  2127, 56835,20140309,  103,    0
  2127, 56835,20140310,   77,    0
  2127, 56835,20140311,   71,    0
  2127, 56835,20140312,   67,    0
  2127, 56835,20140313,   89,    0
  2127, 56835,20140314,   72,    0
  2127, 56835,20140315,   85,    0
  2127, 56835,20140316,  129,    1
  2127, 56835,20140317,   93,    0
  2127, 56835,20140318,   97,    0
  2127, 56835,20140319,   96,    0
  2127, 56835,20140320,   92,    0
  2127, 56835,20140321,   74,    0
  2127, 56835,20140322,   58,    0
  2127, 56835,20140323,   54,    0
  2127, 56835,20140324,   34,    0
  2127, 56835,20140325,   69,    0
  2127, 56835,20140326,   45,    0
  2127, 56835,20140327,   48,    0
  2127, 56835,20140328,   70,    0
  2127, 56835,20140329,  112,    0
  2127, 56835,20140330,  121,    0
  2127, 56835,20140331,  123,    0
  2127, 56835,20140401,  115,    0
  2127, 56835,20140402,  118,    0
  2127, 56835,20140403,  136,    0
  2127, 56835,20140404,  104,    0
  2127, 56835,20140405,   93,    0
  2127, 56835,20140406,  113,    0
  2127, 56835,20140407,  117,    0
  2127, 56835,20140408,   82,    0
  2127, 56835,20140409,   81,    0
  2127, 56835,20140410,   84,    0
  2127, 56835,20140411,  104,    0
  2127, 56835,20140412,   92,    0
  2127, 56835,20140413,  107,    0
  2127, 56835,20140414,  100,    0
  2127, 56835,20140415,   86,    0
  2127, 56835,20140416,   74,    0
  2127, 56835,20140417,   95,    0
  2127, 56835,20140418,   83,    0
  2127, 56835,20140419,   76,    0
  2127, 56835,20140420,   91,    0
  2127, 56835,20140421,  109,    0
  2127, 56835,20140422,  111,    0
  2127, 56835,20140423,   92,    0
  2127, 56835,20140424,  113,    0
  2127, 56835,20140425,   99,    0
  2127, 56835,20140426,  103,    0
  2127, 56835,20140427,  100,    0
  2127, 56835,20140428,  110,    0
  2127, 56835,20140429,  114,    0
  2127, 56835,20140430,  102,    0
  2127, 56835,20140501,  117,    0
  2127, 56835,20140502,  105,    0
  2127, 56835,20140503,   77,    0
  2127, 56835,20140504,   87,    0
  2127, 56835,20140505,   98,    0
  2127, 56835,20140506,  136,    0
  2127, 56835,20140507,  117,    0
  2127, 56835,20140508,  122,    0
  2127, 56835,20140509,  128,    0
  2127, 56835,20140510,  123,    0
  2127, 56835,20140511,  113,    0
  2127, 56835,20140512,  106,    0
  2127, 56835,20140513,  111,    0
  2127, 56835,20140514,  124,    0
  2127, 56835,20140515,  132,    0
  2127, 56835,20140516,  140,    0
  2127, 56835,20140517,  154,    0
  2127, 56835,20140518,  151,    0
  2127, 56835,20140519,  172,    1
  2127, 56835,20140520,  141,    0
  2127, 56835,20140521,  114,    0
  2127, 56835,20140522,  130,    0
  2127, 56835,20140523,  118,    0
  2127, 56835,20140524,  117,    0
  2127, 56835,20140525,  115,    0
  2127, 56835,20140526,   99,    0
  2127, 56835,20140527,  130,    0
  2127, 56835,20140528,  113,    0
  2127, 56835,20140529,  137,    0
  2127, 56835,20140530,  134,    0
  2127, 56835,20140531,  153,    0
  2127, 56835,20140601,  151,    0
  2127, 56835,20140602,  143,    0
  2127, 56835,20140603,  141,    0
  2127, 56835,20140604,  122,    0
  2127, 56835,20140605,  125,    0
  2127, 56835,20140606,  150,    0
  2127, 56835,20140607,  170,    0
  2127, 56835,20140608,  159,    0
  2127, 56835,20140609,  178,    0
  2127, 56835,20140610,  156,    0
  2127, 56835,20140611,  146,    0
  2127, 56835,20140612,  167,    0
  2127, 56835,20140613,  181,    0
  2127, 56835,20140614,  188,    1
  2127, 56835,20140615,  153,    0
  2127, 56835,20140616,  151,    0
  2127, 56835,20140617,  153,    0
  2127, 56835,20140618,  178,    0
  2127, 56835,20140619,  172,    0
  2127, 56835,20140620,  160,    0
  2127, 56835,20140621,  169,    0
  2127, 56835,20140622,  162,    0
  2127, 56835,20140623,  191,    0
  2127, 56835,20140624,  187,    0
  2127, 56835,20140625,  162,    0
  2127, 56835,20140626,  157,    0
  2127, 56835,20140627,  162,    0
  2127, 56835,20140628,  134,    0
  2127, 56835,20140629,  157,    0
  2127, 56835,20140630,  145,    0
  2127, 56835,20140701,  162,    0
  2127, 56835,20140702,  163,    0
  2127, 56835,20140703,  176,    0
  2127, 56835,20140704,  178,    0
  2127, 56835,20140705,  178,    0
  2127, 56835,20140706,  152,    0
  2127, 56835,20140707,  133,    0
  2127, 56835,20140708,  148,    0
  2127, 56835,20140709,  159,    0
  2127, 56835,20140710,  175,    0
  2127, 56835,20140711,  178,    0
  2127, 56835,20140712,  194,    0
  2127, 56835,20140713,  193,    0
  2127, 56835,20140714,  161,    0
  2127, 56835,20140715,  191,    0
  2127, 56835,20140716,  171,    0
  2127, 56835,20140717,  210,    0
  2127, 56835,20140718,  208,    0
  2127, 56835,20140719,  203,    0
  2127, 56835,20140720,  199,    0
  2127, 56835,20140721,  201,    0
  2127, 56835,20140722,  202,    0
  2127, 56835,20140723,  208,    0
  2127, 56835,20140724,  221,    0
  2127, 56835,20140725,  210,    0
  2127, 56835,20140726,  216,    0
  2127, 56835,20140727,  207,    0
  2127, 56835,20140728,  176,    0
  2127, 56835,20140729,  188,    0
  2127, 56835,20140730,  181,    0
  2127, 56835,20140731,  174,    0
  2127, 56835,20140801,  173,    0
  2127, 56835,20140802,  188,    0
  2127, 56835,20140803,  155,    0
  2127, 56835,20140804,  167,    0
  2127, 56835,20140805,  166,    0
  2127, 56835,20140806,  196,    0
  2127, 56835,20140807,  188,    0
  2127, 56835,20140808,  166,    0
  2127, 56835,20140809,  165,    0
  2127, 56835,20140810,  171,    0
  2127, 56835,20140811,  155,    0
  2127, 56835,20140812,  152,    0
  2127, 56835,20140813,  153,    0
  2127, 56835,20140814,  149,    0
  2127, 56835,20140815,  141,    0
  2127, 56835,20140816,  147,    0
  2127, 56835,20140817,  165,    0
  2127, 56835,20140818,  151,    0
  2127, 56835,20140819,  131,    0
  2127, 56835,20140820,  118,    0
  2127, 56835,20140821,  103,    0
  2127, 56835,20140822,  154,    0
  2127, 56835,20140823,  120,    0
  2127, 56835,20140824,  111,    0
  2127, 56835,20140825,  149,    0
  2127, 56835,20140826,  163,    0
  2127, 56835,20140827,  144,    0
  2127, 56835,20140828,  177,    0
  2127, 56835,20140829,  153,    0
  2127, 56835,20140830,  161,    0
  2127, 56835,20140831,  156,    0
  2127, 56835,20140901,  149,    0
  2127, 56835,20140902,  157,    0
  2127, 56835,20140903,  176,    0
  2127, 56835,20140904,  170,    0
  2127, 56835,20140905,  186,    0
  2127, 56835,20140906,  171,    0
  2127, 56835,20140907,  161,    0
  2127, 56835,20140908,  145,    0
  2127, 56835,20140909,  155,    0
  2127, 56835,20140910,  152,    0
  2127, 56835,20140911,  133,    0
  2127, 56835,20140912,  158,    0
  2127, 56835,20140913,  159,    0
  2127, 56835,20140914,  166,    0
  2127, 56835,20140915,  160,    0
  2127, 56835,20140916,  179,    0
  2127, 56835,20140917,  176,    0
  2127, 56835,20140918,  192,    1
  2127, 56835,20140919,  174,    0
  2127, 56835,20140920,  178,    0
  2127, 56835,20140921,  147,    0
  2127, 56835,20140922,  114,    0
  2127, 56835,20140923,  116,    0
  2127, 56835,20140924,  141,    0
  2127, 56835,20140925,  127,    0
  2127, 56835,20140926,  170,    0
  2127, 56835,20140927,  158,    0
  2127, 56835,20140928,  181,    0
  2127, 56835,20140929,  166,    0
  2127, 56835,20140930,  168,    0
  2127, 56835,20141001,  157,    0
  2127, 56835,20141002,  160,    0
  2127, 56835,20141003,  160,    1
  2127, 56835,20141004,  135,    0
  2127, 56835,20141005,   91,    0
  2127, 56835,20141006,  116,    0
  2127, 56835,20141007,  103,    0
  2127, 56835,20141008,  111,    0
  2127, 56835,20141009,  122,    0
  2127, 56835,20141010,  116,    0
  2127, 56835,20141011,  123,    0
  2127, 56835,20141012,   79,    0
  2127, 56835,20141013,  103,    0
  2127, 56835,20141014,  106,    0
  2127, 56835,20141015,  119,    0
  2127, 56835,20141016,  130,    0
  2127, 56835,20141017,  147,    0
  2127, 56835,20141018,  166,    0
  2127, 56835,20141019,  162,    1
  2127, 56835,20141020,  127,    0
  2127, 56835,20141021,  121,    0
  2127, 56835,20141022,   95,    0
  2127, 56835,20141023,  125,    0
  2127, 56835,20141024,  142,    0
  2127, 56835,20141025,  107,    0
  2127, 56835,20141026,  124,    0
  2127, 56835,20141027,  140,    0
  2127, 56835,20141028,  140,    0
  2127, 56835,20141029,  125,    0
  2127, 56835,20141030,  138,    0
  2127, 56835,20141031,  164,    1
  2127, 56835,20141101,  135,    0
  2127, 56835,20141102,  136,    1
  2127, 56835,20141103,   81,    0
  2127, 56835,20141104,   60,    0
  2127, 56835,20141105,   62,    0
  2127, 56835,20141106,   61,    0
  2127, 56835,20141107,   82,    0
  2127, 56835,20141108,   88,    0
  2127, 56835,20141109,   70,    0
  2127, 56835,20141110,   75,    0
  2127, 56835,20141111,   87,    0
  2127, 56835,20141112,  105,    0
  2127, 56835,20141113,  104,    0
  2127, 56835,20141114,  124,    1
  2127, 56835,20141115,   89,    0
  2127, 56835,20141116,   89,    0
  2127, 56835,20141117,   81,    0
  2127, 56835,20141118,   94,    0
  2127, 56835,20141119,   93,    0
  2127, 56835,20141120,   83,    0
  2127, 56835,20141121,   97,    0
  2127, 56835,20141122,  104,    1
  2127, 56835,20141123,   75,    0
  2127, 56835,20141124,   35,    0
  2127, 56835,20141125,   32,    0
  2127, 56835,20141126,   64,    0
  2127, 56835,20141127,   79,    0
  2127, 56835,20141128,   87,    0
  2127, 56835,20141129,  101,    0
  2127, 56835,20141130,   75,    1
  2127, 56835,20141201,   71,    0
  2127, 56835,20141202,   63,    0
  2127, 56835,20141203,   39,    0
  2127, 56835,20141204,   28,    0
  2127, 56835,20141205,   34,    0
  2127, 56835,20141206,   38,    0
  2127, 56835,20141207,   46,    0
  2127, 56835,20141208,   33,    0
  2127, 56835,20141209,   48,    0
  2127, 56835,20141210,   37,    0
  2127, 56835,20141211,   74,    1
  2127, 56835,20141212,   64,    0
  2127, 56835,20141213,   25,    0
  2127, 56835,20141214,   37,    0
  2127, 56835,20141215,   54,    0
  2127, 56835,20141216,   40,    0
  2127, 56835,20141217,   55,    0
  2127, 56835,20141218,  117,    1
  2127, 56835,20141219,   89,    1
  2127, 56835,20141220,   62,    0
  2127, 56835,20141221,   72,    0
  2127, 56835,20141222,   95,    0
  2127, 56835,20141223,  107,    1
  2127, 56835,20141224,   77,    0
  2127, 56835,20141225,   51,    0
  2127, 56835,20141226,   43,    0
  2127, 56835,20141227,   33,    0
  2127, 56835,20141228,   20,    0
  2127, 56835,20141229,    7,    0
  2127, 56835,20141230,   -6,    0
  2127, 56835,20141231,   21,    0
  2127, 56835,20150101,   76,    0
  2127, 56835,20150102,   70,    0
  2127, 56835,20150103,   72,    1
  2127, 56835,20150104,   38,    0
  2127, 56835,20150105,   56,    0
  2127, 56835,20150106,   80,    0
  2127, 56835,20150107,   54,    0
  2127, 56835,20150108,   67,    0
  2127, 56835,20150109,   96,    0
  2127, 56835,20150110,  112,    1
  2127, 56835,20150111,   59,    0
  2127, 56835,20150112,   78,    1
  2127, 56835,20150113,   59,    0
  2127, 56835,20150114,   57,    0
  2127, 56835,20150115,   42,    0
  2127, 56835,20150116,   50,    0
  2127, 56835,20150117,    9,    0
  2127, 56835,20150118,   27,    0
  2127, 56835,20150119,   22,    0
  2127, 56835,20150120,    3,    0
  2127, 56835,20150121,   11,    0
  2127, 56835,20150122,   22,    0
  2127, 56835,20150123,   17,    0
  2127, 56835,20150124,   11,    0
  2127, 56835,20150125,   33,    0
  2127, 56835,20150126,   58,    0
  2127, 56835,20150127,   57,    0
  2127, 56835,20150128,   73,    1
  2127, 56835,20150129,   24,    0
  2127, 56835,20150130,   35,    0
  2127, 56835,20150131,   33,    0
  2127, 56835,20150201,   33,    1
  2127, 56835,20150202,   -4,    0
  2127, 56835,20150203,   -1,    0
  2127, 56835,20150204,   13,    0
  2127, 56835,20150205,    8,    0
  2127, 56835,20150206,   10,    0
  2127, 56835,20150207,   16,    0
  2127, 56835,20150208,   35,    0
  2127, 56835,20150209,   28,    0
  2127, 56835,20150210,   19,    0
  2127, 56835,20150211,   31,    0
  2127, 56835,20150212,   46,    0
  2127, 56835,20150213,   41,    0
  2127, 56835,20150214,   52,    0
  2127, 56835,20150215,   54,    0
  2127, 56835,20150216,   35,    0
  2127, 56835,20150217,   41,    0
  2127, 56835,20150218,   38,    0
  2127, 56835,20150219,   47,    0
  2127, 56835,20150220,   49,    0
  2127, 56835,20150221,   45,    0
  2127, 56835,20150222,   34,    0
  2127, 56835,20150223,   33,    0
  2127, 56835,20150224,   54,    0
  2127, 56835,20150225,   81,    0
  2127, 56835,20150226,   89,    0
  2127, 56835,20150227,   43,    0
  2127, 56835,20150228,   68,    0
  2127, 56835,20150301,   83,    1
  2127, 56835,20150302,   48,    0
  2127, 56835,20150303,   47,    0
  2127, 56835,20150304,   58,    0
  2127, 56835,20150305,   40,    0
  2127, 56835,20150306,   63,    0
  2127, 56835,20150307,   85,    0
  2127, 56835,20150308,   84,    0
  2127, 56835,20150309,   52,    0
  2127, 56835,20150310,   63,    0
  2127, 56835,20150311,   65,    0
  2127, 56835,20150312,   97,    0
  2127, 56835,20150313,   81,    0
  2127, 56835,20150314,   45,    0
  2127, 56835,20150315,   45,    0
  2127, 56835,20150316,   55,    0
  2127, 56835,20150317,   69,    0
  2127, 56835,20150318,   60,    0
  2127, 56835,20150319,   52,    0
  2127, 56835,20150320,   86,    0
  2127, 56835,20150321,   63,    0
  2127, 56835,20150322,   67,    0
  2127, 56835,20150323,   50,    0
  2127, 56835,20150324,   67,    0
  2127, 56835,20150325,   44,    0
  2127, 56835,20150326,   76,    0
  2127, 56835,20150327,   66,    0
  2127, 56835,20150328,  103,    0
  2127, 56835,20150329,  103,    0
  2127, 56835,20150330,   79,    0
  2127, 56835,20150331,  100,    0
  2127, 56835,20150401,   70,    0
  2127, 56835,20150402,   78,    0
  2127, 56835,20150403,   88,    0
  2127, 56835,20150404,   79,    0
  2127, 56835,20150405,   92,    0
  2127, 56835,20150406,   89,    0
  2127, 56835,20150407,  112,    0
  2127, 56835,20150408,  101,    0
  2127, 56835,20150409,  110,    0
  2127, 56835,20150410,  118,    0
  2127, 56835,20150411,   95,    0
  2127, 56835,20150412,   82,    0
  2127, 56835,20150413,  120,    0
  2127, 56835,20150414,  125,    0
  2127, 56835,20150415,  142,    0
  2127, 56835,20150416,  140,    0
  2127, 56835,20150417,  117,    0
  2127, 56835,20150418,   97,    0
  2127, 56835,20150419,   71,    0
  2127, 56835,20150420,  104,    0
  2127, 56835,20150421,  113,    0
  2127, 56835,20150422,  116,    0
  2127, 56835,20150423,  107,    0
  2127, 56835,20150424,   96,    0
  2127, 56835,20150425,  129,    1
  2127, 56835,20150426,   88,    0
  2127, 56835,20150427,   60,    0
  2127, 56835,20150428,   70,    0
  2127, 56835,20150429,   84,    0
  2127, 56835,20150430,   83,    0
  2127, 56835,20150501,   86,    0
  2127, 56835,20150502,   90,    0
  2127, 56835,20150503,  135,    0
  2127, 56835,20150504,  122,    0
  2127, 56835,20150505,  124,    0
  2127, 56835,20150506,  106,    0
  2127, 56835,20150507,  113,    0
  2127, 56835,20150508,  112,    0
  2127, 56835,20150509,  130,    0
  2127, 56835,20150510,  116,    0
  2127, 56835,20150511,  140,    0
  2127, 56835,20150512,  126,    0
  2127, 56835,20150513,  102,    0
  2127, 56835,20150514,   89,    0
  2127, 56835,20150515,  101,    0
  2127, 56835,20150516,  133,    0
  2127, 56835,20150517,   92,    0
  2127, 56835,20150518,  106,    0
  2127, 56835,20150519,   98,    0
  2127, 56835,20150520,   92,    0
  2127, 56835,20150521,  108,    0
  2127, 56835,20150522,  116,    0
  2127, 56835,20150523,  160,    0
  2127, 56835,20150524,  124,    0
  2127, 56835,20150525,  120,    0
  2127, 56835,20150526,  132,    0
  2127, 56835,20150527,  121,    0
  2127, 56835,20150528,  127,    0
  2127, 56835,20150529,  102,    0
  2127, 56835,20150530,  111,    0
  2127, 56835,20150531,  123,    0
  2127, 56835,20150601,   98,    0
  2127, 56835,20150602,  137,    0
  2127, 56835,20150603,  138,    0
  2127, 56835,20150604,  123,    0
  2127, 56835,20150605,  172,    0
  2127, 56835,20150606,  109,    0
  2127, 56835,20150607,  122,    0
  2127, 56835,20150608,  126,    0
  2127, 56835,20150609,  101,    0
  2127, 56835,20150610,  112,    0
  2127, 56835,20150611,  173,    0
  2127, 56835,20150612,  157,    0
  2127, 56835,20150613,  160,    0
  2127, 56835,20150614,  151,    0
  2127, 56835,20150615,  148,    0
  2127, 56835,20150616,  161,    0
  2127, 56835,20150617,  166,    0
  2127, 56835,20150618,  178,    0
  2127, 56835,20150619,  149,    0
  2127, 56835,20150620,  160,    0
  2127, 56835,20150621,  158,    0
  2127, 56835,20150622,  145,    0
  2127, 56835,20150623,  145,    0
  2127, 56835,20150624,  158,    0
  2127, 56835,20150625,  166,    0
  2127, 56835,20150626,  170,    0
  2127, 56835,20150627,  162,    0
  2127, 56835,20150628,  163,    0
  2127, 56835,20150629,  173,    0
  2127, 56835,20150630,  190,    0
  2127, 56835,20150701,  246,    1
  2127, 56835,20150702,  178,    0
  2127, 56835,20150703,  174,    0
  2127, 56835,20150704,  196,    0
  2127, 56835,20150705,  158,    0
  2127, 56835,20150706,  153,    0
  2127, 56835,20150707,  174,    0
  2127, 56835,20150708,  163,    0
  2127, 56835,20150709,  150,    0
  2127, 56835,20150710,  167,    0
  2127, 56835,20150711,  169,    0
  2127, 56835,20150712,  163,    0
  2127, 56835,20150713,  171,    0
  2127, 56835,20150714,  187,    0
  2127, 56835,20150715,  179,    0
  2127, 56835,20150716,  181,    0
  2127, 56835,20150717,  183,    0
  2127, 56835,20150718,  154,    0
  2127, 56835,20150719,  175,    0
  2127, 56835,20150720,  175,    0
  2127, 56835,20150721,  168,    0
  2127, 56835,20150722,  173,    0
  2127, 56835,20150723,  139,    0
  2127, 56835,20150724,  141,    0
  2127, 56835,20150725,  149,    0
  2127, 56835,20150726,  138,    0
  2127, 56835,20150727,  150,    0
  2127, 56835,20150728,  153,    0
  2127, 56835,20150729,  136,    0
  2127, 56835,20150730,  131,    0
  2127, 56835,20150731,  134,    0
  2127, 56835,20150801,  131,    0
  2127, 56835,20150802,  162,    0
  2127, 56835,20150803,  177,    0
  2127, 56835,20150804,  147,    0
  2127, 56835,20150805,  156,    0
  2127, 56835,20150806,  184,    0
  2127, 56835,20150807,  161,    0
  2127, 56835,20150808,  179,    0
  2127, 56835,20150809,  157,    0
  2127, 56835,20150810,  181,    0
  2127, 56835,20150811,  149,    0
  2127, 56835,20150812,  181,    0
  2127, 56835,20150813,  170,    0
  2127, 56835,20150814,  160,    0
  2127, 56835,20150815,  152,    0
  2127, 56835,20150816,  140,    0
  2127, 56835,20150817,  166,    0
  2127, 56835,20150818,  145,    0
  2127, 56835,20150819,  136,    0
  2127, 56835,20150820,  171,    0
  2127, 56835,20150821,  189,    0
  2127, 56835,20150822,  203,    1
  2127, 56835,20150823,  170,    1
  2127, 56835,20150824,  130,    0
  2127, 56835,20150825,  132,    0
  2127, 56835,20150826,  168,    0
  2127, 56835,20150827,  155,    0
  2127, 56835,20150828,  138,    0
  2127, 56835,20150829,  165,    0
  2127, 56835,20150830,  166,    1
  2127, 56835,20150831,  147,    0
  2127, 56835,20150901,  149,    0
  2127, 56835,20150902,  129,    0
  2127, 56835,20150903,  115,    0
  2127, 56835,20150904,  139,    0
  2127, 56835,20150905,  119,    0
  2127, 56835,20150906,  119,    0
  2127, 56835,20150907,  136,    0
  2127, 56835,20150908,  130,    0
  2127, 56835,20150909,  141,    0
  2127, 56835,20150910,  163,    0
  2127, 56835,20150911,  156,    0
  2127, 56835,20150912,  166,    0
  2127, 56835,20150913,  126,    0
  2127, 56835,20150914,  138,    0
  2127, 56835,20150915,  133,    0
  2127, 56835,20150916,  121,    0
  2127, 56835,20150917,  124,    0
  2127, 56835,20150918,  144,    0
  2127, 56835,20150919,  135,    0
  2127, 56835,20150920,  126,    0
  2127, 56835,20150921,  131,    0
  2127, 56835,20150922,  111,    0
  2127, 56835,20150923,  118,    0
  2127, 56835,20150924,  143,    0
  2127, 56835,20150925,  127,    0
  2127, 56835,20150926,  110,    0
  2127, 56835,20150927,  122,    0
  2127, 56835,20150928,  132,    0
  2127, 56835,20150929,  144,    0
  2127, 56835,20150930,  138,    0
  2127, 56835,20151001,  125,    0
  2127, 56835,20151002,  125,    0
  2127, 56835,20151003,   97,    0
  2127, 56835,20151004,  102,    0
  2127, 56835,20151005,  125,    0
  2127, 56835,20151006,  158,    1
  2127, 56835,20151007,  130,    0
  2127, 56835,20151008,  107,    0
  2127, 56835,20151009,  110,    0
  2127, 56835,20151010,  115,    0
  2127, 56835,20151011,  126,    0
  2127, 56835,20151012,   85,    0
  2127, 56835,20151013,   85,    0
  2127, 56835,20151014,   81,    0
  2127, 56835,20151015,   97,    0
  2127, 56835,20151016,  103,    0
  2127, 56835,20151017,  102,    0
  2127, 56835,20151018,  112,    0
  2127, 56835,20151019,  110,    0
  2127, 56835,20151020,  113,    0
  2127, 56835,20151021,  111,    0
  2127, 56835,20151022,  118,    0
  2127, 56835,20151023,  104,    0
  2127, 56835,20151024,  109,    0
  2127, 56835,20151025,   70,    0
  2127, 56835,20151026,   90,    0
  2127, 56835,20151027,  123,    0
  2127, 56835,20151028,  118,    0
  2127, 56835,20151029,  120,    0
  2127, 56835,20151030,  121,    0
  2127, 56835,20151031,  135,    1
  2127, 56835,20151101,  100,    0
  2127, 56835,20151102,  103,    0
  2127, 56835,20151103,  106,    0
  2127, 56835,20151104,  121,    0
  2127, 56835,20151105,  128,    0
  2127, 56835,20151106,  143,    0
  2127, 56835,20151107,  143,    0
  2127, 56835,20151108,  110,    0
  2127, 56835,20151109,  105,    0
  2127, 56835,20151110,  129,    0
  2127, 56835,20151111,  129,    0
  2127, 56835,20151112,   94,    0
  2127, 56835,20151113,   84,    0
  2127, 56835,20151114,  101,    0
  2127, 56835,20151115,  114,    0
  2127, 56835,20151116,  123,    0
  2127, 56835,20151117,  129,    0
  2127, 56835,20151118,  116,    1
  2127, 56835,20151119,  105,    1
  2127, 56835,20151120,   77,    1
  2127, 56835,20151121,   33,    0
  2127, 56835,20151122,   23,    0
  2127, 56835,20151123,   38,    0
  2127, 56835,20151124,   43,    0
  2127, 56835,20151125,   88,    0
  2127, 56835,20151126,   92,    0
  2127, 56835,20151127,  100,    0
  2127, 56835,20151128,   62,    0
  2127, 56835,20151129,   81,    0
  2127, 56835,20151130,  100,    0
  2127, 56835,20151201,  123,    0
  2127, 56835,20151202,  113,    0
  2127, 56835,20151203,  114,    0
  2127, 56835,20151204,   79,    0
  2127, 56835,20151205,  104,    0
  2127, 56835,20151206,  114,    0
  2127, 56835,20151207,  129,    1
  2127, 56835,20151208,  111,    0
  2127, 56835,20151209,   64,    0
  2127, 56835,20151210,   76,    0
  2127, 56835,20151211,   88,    0
  2127, 56835,20151212,   87,    0
  2127, 56835,20151213,   99,    0
  2127, 56835,20151214,   90,    0
  2127, 56835,20151215,  106,    0
  2127, 56835,20151216,  122,    0
  2127, 56835,20151217,  122,    0
  2127, 56835,20151218,  124,    0
  2127, 56835,20151219,  126,    1
  2127, 56835,20151220,  111,    0
  2127, 56835,20151221,   89,    0
  2127, 56835,20151222,  103,    0
  2127, 56835,20151223,   85,    0
  2127, 56835,20151224,   82,    0
  2127, 56835,20151225,   85,    0
  2127, 56835,20151226,  112,    0
  2127, 56835,20151227,  132,    1
  2127, 56835,20151228,  102,    0
  2127, 56835,20151229,  101,    0
  2127, 56835,20151230,  101,    0
  2127, 56835,20151231,   80,    0
  2127, 56835,20160101,   48,    0
  2127, 56835,20160102,   64,    0
  2127, 56835,20160103,   58,    0
  2127, 56835,20160104,   70,    0
  2127, 56835,20160105,   62,    0
  2127, 56835,20160106,   68,    0
  2127, 56835,20160107,   66,    0
  2127, 56835,20160108,   44,    0
  2127, 56835,20160109,   70,    0
  2127, 56835,20160110,   56,    0
  2127, 56835,20160111,   46,    0
  2127, 56835,20160112,   46,    0
  2127, 56835,20160113,   42,    0
  2127, 56835,20160114,   34,    0
  2127, 56835,20160115,   29,    0
  2127, 56835,20160116,   10,    0
  2127, 56835,20160117,   18,    0
  2127, 56835,20160118,   28,    0
  2127, 56835,20160119,    0,    0
  2127, 56835,20160120,    0,    0
  2127, 56835,20160121,   32,    0
  2127, 56835,20160122,   82,    0
  2127, 56835,20160123,   73,    0
  2127, 56835,20160124,   94,    0
  2127, 56835,20160125,  100,    0
  2127, 56835,20160126,   74,    0
  2127, 56835,20160127,  105,    1
  2127, 56835,20160128,   48,    0
  2127, 56835,20160129,   60,    0
  2127, 56835,20160130,   66,    0
  2127, 56835,20160131,   79,    0
  2127, 56835,20160201,   98,    1
  2127, 56835,20160202,   78,    0
  2127, 56835,20160203,   56,    0
  2127, 56835,20160204,   77,    0
  2127, 56835,20160205,   86,    0
  2127, 56835,20160206,   93,    0
  2127, 56835,20160207,   67,    0
  2127, 56835,20160208,   68,    0
  2127, 56835,20160209,   48,    0
  2127, 56835,20160210,   54,    0
  2127, 56835,20160211,   26,    0
  2127, 56835,20160212,   28,    0
  2127, 56835,20160213,   30,    0
  2127, 56835,20160214,   40,    0
  2127, 56835,20160215,   18,    0
  2127, 56835,20160216,    8,    0
  2127, 56835,20160217,   24,    0
  2127, 56835,20160218,   44,    0
  2127, 56835,20160219,   39,    0
  2127, 56835,20160220,   64,    0
  2127, 56835,20160221,  112,    1
  2127, 56835,20160222,   79,    0
  2127, 56835,20160223,   56,    0
  2127, 56835,20160224,   30,    0
  2127, 56835,20160225,   19,    0
  2127, 56835,20160226,   36,    0
  2127, 56835,20160227,   34,    0
  2127, 56835,20160228,   40,    0
  2127, 56835,20160229,   40,    0
  2127, 56835,20160301,   64,    0
  2127, 56835,20160302,   46,    0
  2127, 56835,20160303,   58,    0
  2127, 56835,20160304,   38,    0
  2127, 56835,20160305,   39,    0
  2127, 56835,20160306,   34,    0
  2127, 56835,20160307,   28,    0
  2127, 56835,20160308,   26,    0
  2127, 56835,20160309,   32,    0
  2127, 56835,20160310,   54,    0
  2127, 56835,20160311,   68,    0
  2127, 56835,20160312,   58,    0
  2127, 56835,20160313,   50,    0
  2127, 56835,20160314,   59,    0
  2127, 56835,20160315,   51,    0
  2127, 56835,20160316,   73,    0
  2127, 56835,20160317,   58,    0
  2127, 56835,20160318,   28,    0
  2127, 56835,20160319,   52,    0
  2127, 56835,20160320,   62,    0
  2127, 56835,20160321,   76,    0
  2127, 56835,20160322,   66,    0
  2127, 56835,20160323,   72,    0
  2127, 56835,20160324,   66,    0
  2127, 56835,20160325,  102,    0
  2127, 56835,20160326,   82,    0
  2127, 56835,20160327,   66,    0
  2127, 56835,20160328,   72,    0
  2127, 56835,20160329,   73,    0
  2127, 56835,20160330,   72,    0
  2127, 56835,20160331,   69,    0
  2127, 56835,20160401,   60,    0
  2127, 56835,20160402,  102,    0
  2127, 56835,20160403,   98,    0
  2127, 56835,20160404,   91,    0
  2127, 56835,20160405,   95,    0
  2127, 56835,20160406,   74,    0
  2127, 56835,20160407,   70,    0
  2127, 56835,20160408,   85,    0
  2127, 56835,20160409,   64,    0
  2127, 56835,20160410,   58,    0
  2127, 56835,20160411,   94,    0
  2127, 56835,20160412,   86,    0
  2127, 56835,20160413,   85,    0
  2127, 56835,20160414,  103,    0
  2127, 56835,20160415,   92,    0
  2127, 56835,20160416,   64,    0
  2127, 56835,20160417,   58,    0
  2127, 56835,20160418,   68,    0
  2127, 56835,20160419,  104,    0
  2127, 56835,20160420,   98,    0
  2127, 56835,20160421,  111,    1
  2127, 56835,20160422,   86,    0
  2127, 56835,20160423,   66,    0
  2127, 56835,20160424,   77,    0
  2127, 56835,20160425,   84,    0
  2127, 56835,20160426,   59,    0
  2127, 56835,20160427,   54,    0
  2127, 56835,20160428,   52,    0
  2127, 56835,20160429,   70,    0
  2127, 56835,20160430,   62,    0
  2127, 56835,20160501,   72,    0
  2127, 56835,20160502,  118,    0
  2127, 56835,20160503,   92,    0
  2127, 56835,20160504,   86,    0
  2127, 56835,20160505,  113,    0
  2127, 56835,20160506,  148,    0
  2127, 56835,20160507,  166,    0
  2127, 56835,20160508,  177,    0
  2127, 56835,20160509,  181,    1
  2127, 56835,20160510,  156,    0
  2127, 56835,20160511,  158,    0
  2127, 56835,20160512,  170,    0
  2127, 56835,20160513,  141,    0
  2127, 56835,20160514,  102,    0
  2127, 56835,20160515,  106,    0
  2127, 56835,20160516,  114,    0
  2127, 56835,20160517,  115,    0
  2127, 56835,20160518,  125,    0
  2127, 56835,20160519,  122,    0
  2127, 56835,20160520,  144,    1
  2127, 56835,20160521,  123,    0
  2127, 56835,20160522,  122,    0
  2127, 56835,20160523,  118,    0
  2127, 56835,20160524,  120,    0
  2127, 56835,20160525,   91,    0
  2127, 56835,20160526,  112,    0
  2127, 56835,20160527,  156,    0
  2127, 56835,20160528,  158,    0
  2127, 56835,20160529,  133,    0
  2127, 56835,20160530,  142,    0
  2127, 56835,20160531,  134,    1
  2127, 56835,20160601,  122,    0
  2127, 56835,20160602,  124,    0
  2127, 56835,20160603,  114,    0
  2127, 56835,20160604,  142,    0
  2127, 56835,20160605,  182,    0
  2127, 56835,20160606,  186,    0
  2127, 56835,20160607,  172,    0
  2127, 56835,20160608,  181,    0
  2127, 56835,20160609,  178,    0
  2127, 56835,20160610,  168,    0
  2127, 56835,20160611,  168,    0
  2127, 56835,20160612,  161,    0
  2127, 56835,20160613,  156,    0
  2127, 56835,20160614,  146,    0
  2127, 56835,20160615,  137,    0
  2127, 56835,20160616,  166,    0
  2127, 56835,20160617,  154,    0
  2127, 56835,20160618,  145,    0
  2127, 56835,20160619,  125,    0
  2127, 56835,20160620,  172,    0
  2127, 56835,20160621,  155,    0
  2127, 56835,20160622,  170,    0
  2127, 56835,20160623,  181,    0
  2127, 56835,20160624,  143,    0
  2127, 56835,20160625,  138,    0
  2127, 56835,20160626,  136,    0
  2127, 56835,20160627,  168,    0
  2127, 56835,20160628,  134,    0
  2127, 56835,20160629,  132,    0
  2127, 56835,20160630,  152,    0
  2127, 56835,20160701,  154,    0
  2127, 56835,20160702,  139,    0
  2127, 56835,20160703,  144,    0
  2127, 56835,20160704,  134,    0
  2127, 56835,20160705,  166,    0
  2127, 56835,20160706,  145,    0
  2127, 56835,20160707,  161,    0
  2127, 56835,20160708,  176,    0
  2127, 56835,20160709,  170,    0
  2127, 56835,20160710,  184,    0
  2127, 56835,20160711,  175,    0
  2127, 56835,20160712,  138,    0
  2127, 56835,20160713,  136,    0
  2127, 56835,20160714,  148,    0
  2127, 56835,20160715,  146,    0
  2127, 56835,20160716,  198,    0
  2127, 56835,20160717,  213,    0
  2127, 56835,20160718,  218,    0
  2127, 56835,20160719,  234,    0
  2127, 56835,20160720,  226,    0
  2127, 56835,20160721,  174,    0
  2127, 56835,20160722,  204,    0
  2127, 56835,20160723,  190,    0
  2127, 56835,20160724,  172,    0
  2127, 56835,20160725,  170,    0
  2127, 56835,20160726,  153,    0
  2127, 56835,20160727,  194,    0
  2127, 56835,20160728,  156,    0
  2127, 56835,20160729,  181,    0
  2127, 56835,20160730,  170,    0
  2127, 56835,20160731,  159,    0
  2127, 56835,20160801,  141,    0
  2127, 56835,20160802,  170,    0
  2127, 56835,20160803,  190,    0
  2127, 56835,20160804,  172,    0
  2127, 56835,20160805,  166,    0
  2127, 56835,20160806,  176,    0
  2127, 56835,20160807,  196,    0
  2127, 56835,20160808,  162,    0
  2127, 56835,20160809,  134,    0
  2127, 56835,20160810,  147,    0
  2127, 56835,20160811,  172,    0
  2127, 56835,20160812,  184,    0
  2127, 56835,20160813,  177,    0
  2127, 56835,20160814,  164,    0
  2127, 56835,20160815,  175,    0
  2127, 56835,20160816,  181,    0
  2127, 56835,20160817,  184,    0
  2127, 56835,20160818,  196,    0
  2127, 56835,20160819,  172,    0
  2127, 56835,20160820,  165,    0
  2127, 56835,20160821,  165,    0
  2127, 56835,20160822,  192,    0
  2127, 56835,20160823,  203,    0
  2127, 56835,20160824,  220,    0
  2127, 56835,20160825,  206,    0
  2127, 56835,20160826,  185,    0
  2127, 56835,20160827,  174,    0
  2127, 56835,20160828,  168,    0
  2127, 56835,20160829,  180,    0
  2127, 56835,20160830,  168,    0
  2127, 56835,20160831,  159,    0
  2127, 56835,20160901,  154,    0
  2127, 56835,20160902,  154,    0
  2127, 56835,20160903,  138,    0
  2127, 56835,20160904,  162,    0
  2127, 56835,20160905,  180,    0
  2127, 56835,20160906,  200,    0
  2127, 56835,20160907,  200,    0
  2127, 56835,20160908,  178,    0
  2127, 56835,20160909,  176,    0
  2127, 56835,20160910,  172,    0
  2127, 56835,20160911,  131,    0
  2127, 56835,20160912,  164,    0
  2127, 56835,20160913,  200,    0
  2127, 56835,20160914,  212,    0
  2127, 56835,20160915,  189,    0
  2127, 56835,20160916,  172,    0
  2127, 56835,20160917,  138,    0
  2127, 56835,20160918,  144,    0
  2127, 56835,20160919,  138,    0
  2127, 56835,20160920,  148,    0
  2127, 56835,20160921,  164,    0
  2127, 56835,20160922,  156,    0
  2127, 56835,20160923,  127,    0
  2127, 56835,20160924,  146,    0
  2127, 56835,20160925,  155,    0
  2127, 56835,20160926,  126,    0
  2127, 56835,20160927,  144,    0
  2127, 56835,20160928,  155,    0
  2127, 56835,20160929,  158,    0
  2127, 56835,20160930,  134,    0
  2127, 56835,20161001,  108,    0
  2127, 56835,20161002,  111,    0
  2127, 56835,20161003,  112,    0
  2127, 56835,20161004,  125,    0
  2127, 56835,20161005,  129,    0
  2127, 56835,20161006,  102,    0
  2127, 56835,20161007,  109,    0
  2127, 56835,20161008,  125,    0
  2127, 56835,20161009,  110,    0
  2127, 56835,20161010,   94,    0
  2127, 56835,20161011,   96,    0
  2127, 56835,20161012,  124,    0
  2127, 56835,20161013,  100,    0
  2127, 56835,20161014,  108,    0
  2127, 56835,20161015,  120,    0
  2127, 56835,20161016,  112,    0
  2127, 56835,20161017,  124,    0
  2127, 56835,20161018,  100,    0
  2127, 56835,20161019,   96,    0
  2127, 56835,20161020,  102,    0
  2127, 56835,20161021,   81,    0
  2127, 56835,20161022,   80,    0
  2127, 56835,20161023,   90,    0
  2127, 56835,20161024,   91,    0
  2127, 56835,20161025,  120,    0
  2127, 56835,20161026,  118,    0
  2127, 56835,20161027,  102,    0
  2127, 56835,20161028,  111,    0
  2127, 56835,20161029,  122,    0
  2127, 56835,20161030,  118,    0
  2127, 56835,20161031,  125,    1
  2127, 56835,20161101,   80,    0
  2127, 56835,20161102,   64,    0
  2127, 56835,20161103,   50,    0
  2127, 56835,20161104,   54,    0
  2127, 56835,20161105,   40,    0
  2127, 56835,20161106,   30,    0
  2127, 56835,20161107,   47,    0
  2127, 56835,20161108,   28,    0
  2127, 56835,20161109,   52,    0
  2127, 56835,20161110,   76,    0
  2127, 56835,20161111,   56,    0
  2127, 56835,20161112,   70,    0
  2127, 56835,20161113,   75,    0
  2127, 56835,20161114,   93,    0
  2127, 56835,20161115,  122,    0
  2127, 56835,20161116,  114,    0
  2127, 56835,20161117,   85,    1
  2127, 56835,20161118,   38,    0
  2127, 56835,20161119,   56,    0
  2127, 56835,20161120,   50,    0
  2127, 56835,20161121,   72,    0
  2127, 56835,20161122,   84,    0
  2127, 56835,20161123,   66,    0
  2127, 56835,20161124,   73,    0
  2127, 56835,20161125,   72,    1
  2127, 56835,20161126,   46,    0
  2127, 56835,20161127,   57,    0
  2127, 56835,20161128,   64,    1
  2127, 56835,20161129,   16,    0
  2127, 56835,20161130,   14,    0
  2127, 56835,20161201,    8,    0
  2127, 56835,20161202,   18,    0
  2127, 56835,20161203,   54,    0
  2127, 56835,20161204,   30,    0
  2127, 56835,20161205,   30,    0
  2127, 56835,20161206,   54,    0
  2127, 56835,20161207,   97,    0
  2127, 56835,20161208,  110,    0
  2127, 56835,20161209,  120,    1
  2127, 56835,20161210,  110,    1
  2127, 56835,20161211,   52,    0
  2127, 56835,20161212,   54,    0
  2127, 56835,20161213,   93,    0
  2127, 56835,20161214,   92,    0
  2127, 56835,20161215,   74,    0
  2127, 56835,20161216,   71,    0
  2127, 56835,20161217,   74,    1
  2127, 56835,20161218,   57,    0
  2127, 56835,20161219,   44,    0
  2127, 56835,20161220,   59,    0
  2127, 56835,20161221,   64,    0
  2127, 56835,20161222,   42,    0
  2127, 56835,20161223,   56,    0
  2127, 56835,20161224,   66,    0
  2127, 56835,20161225,   93,    1
  2127, 56835,20161226,   64,    1
  2127, 56835,20161227,    6,    0
  2127, 56835,20161228,   26,    0
  2127, 56835,20161229,   42,    0
  2127, 56835,20161230,   13,    0
  2127, 56835,20161231,   29,    0
  2127, 56835,20170101,   69,    1
  2127, 56835,20170102,   24,    0
  2127, 56835,20170103,    9,    0
  2127, 56835,20170104,   35,    0
  2127, 56835,20170105,   12,    0
  2127, 56835,20170106,   27,    0
  2127, 56835,20170107,   54,    0
  2127, 56835,20170108,   86,    0
  2127, 56835,20170109,   69,    0
  2127, 56835,20170110,   70,    0
  2127, 56835,20170111,   80,    1
  2127, 56835,20170112,   47,    0
  2127, 56835,20170113,   30,    0
  2127, 56835,20170114,   31,    0
  2127, 56835,20170115,   56,    0
  2127, 56835,20170116,   67,    1
  2127, 56835,20170117,   39,    0
  2127, 56835,20170118,   11,    0
  2127, 56835,20170119,   12,    0
  2127, 56835,20170120,   17,    0
  2127, 56835,20170121,   -2,    0
  2127, 56835,20170122,    9,    0
  2127, 56835,20170123,    3,    0
  2127, 56835,20170124,    7,    0
  2127, 56835,20170125,   13,    0
  2127, 56835,20170126,    7,    0
  2127, 56835,20170127,   25,    0
  2127, 56835,20170128,   52,    0
  2127, 56835,20170129,   55,    0
  2127, 56835,20170130,   67,    0
  2127, 56835,20170131,   84,    0
  2127, 56835,20170201,   88,    0
  2127, 56835,20170202,   96,    1
  2127, 56835,20170203,   63,    0
  2127, 56835,20170204,   48,    0
  2127, 56835,20170205,   38,    0
  2127, 56835,20170206,   21,    0
  2127, 56835,20170207,   52,    0
  2127, 56835,20170208,   31,    1
  2127, 56835,20170209,   12,    0
  2127, 56835,20170210,   14,    0
  2127, 56835,20170211,    5,    0
  2127, 56835,20170212,   27,    0
  2127, 56835,20170213,   57,    0
  2127, 56835,20170214,   47,    0
  2127, 56835,20170215,   62,    0
  2127, 56835,20170216,   67,    0
  2127, 56835,20170217,   75,    0
  2127, 56835,20170218,   80,    0
  2127, 56835,20170219,   68,    0
  2127, 56835,20170220,  109,    0
  2127, 56835,20170221,  106,    0
  2127, 56835,20170222,  111,    1
  2127, 56835,20170223,   90,    0
  2127, 56835,20170224,   58,    0
  2127, 56835,20170225,   67,    0
  2127, 56835,20170226,   90,    1
  2127, 56835,20170227,   65,    0
  2127, 56835,20170228,   37,    0
  2127, 56835,20170301,   48,    0
  2127, 56835,20170302,   70,    0
  2127, 56835,20170303,   79,    0
  2127, 56835,20170304,   72,    0
  2127, 56835,20170305,   65,    0
  2127, 56835,20170306,   48,    0
  2127, 56835,20170307,   68,    0
  2127, 56835,20170308,   86,    0
  2127, 56835,20170309,  118,    0
  2127, 56835,20170310,   91,    0
  2127, 56835,20170311,  107,    0
  2127, 56835,20170312,   97,    0
  2127, 56835,20170313,   87,    0
  2127, 56835,20170314,   99,    0
  2127, 56835,20170315,  107,    1
  2127, 56835,20170316,   78,    0
  2127, 56835,20170317,   64,    0
  2127, 56835,20170318,   98,    0
  2127, 56835,20170319,  117,    0
  2127, 56835,20170320,  108,    1
  2127, 56835,20170321,   58,    0
  2127, 56835,20170322,   74,    0
  2127, 56835,20170323,   61,    0
  2127, 56835,20170324,   89,    0
  2127, 56835,20170325,   80,    0
  2127, 56835,20170326,  105,    0
  2127, 56835,20170327,   99,    0
  2127, 56835,20170328,   96,    0
  2127, 56835,20170329,  109,    0
  2127, 56835,20170330,  140,    0
  2127, 56835,20170331,  122,    0
  2127, 56835,20170401,  112,    0
  2127, 56835,20170402,  102,    0
  2127, 56835,20170403,   89,    0
  2127, 56835,20170404,  112,    0
  2127, 56835,20170405,   78,    0
  2127, 56835,20170406,   97,    0
  2127, 56835,20170407,  105,    0
  2127, 56835,20170408,  102,    0
  2127, 56835,20170409,  134,    0
  2127, 56835,20170410,  101,    0
  2127, 56835,20170411,   87,    0
  2127, 56835,20170412,   98,    0
  2127, 56835,20170413,   89,    0
  2127, 56835,20170414,   81,    0
  2127, 56835,20170415,  101,    0
  2127, 56835,20170416,   91,    0
  2127, 56835,20170417,  103,    0
  2127, 56835,20170418,   70,    0
  2127, 56835,20170419,   88,    0
  2127, 56835,20170420,   82,    0
  2127, 56835,20170421,  115,    0
  2127, 56835,20170422,  125,    0
  2127, 56835,20170423,   91,    0
  2127, 56835,20170424,   95,    0
  2127, 56835,20170425,   53,    0
  2127, 56835,20170426,   51,    0
  2127, 56835,20170427,   51,    0
  2127, 56835,20170428,   93,    0
  2127, 56835,20170429,   86,    0
  2127, 56835,20170430,  116,    0
  2127, 56835,20170501,  102,    0
  2127, 56835,20170502,  117,    0
  2127, 56835,20170503,   88,    0
  2127, 56835,20170504,  121,    0
  2127, 56835,20170505,  118,    0
  2127, 56835,20170506,  122,    0
  2127, 56835,20170507,  123,    0
  2127, 56835,20170508,   90,    0
  2127, 56835,20170509,   89,    0
  2127, 56835,20170510,  106,    0
  2127, 56835,20170511,  128,    0
  2127, 56835,20170512,  135,    0
  2127, 56835,20170513,  137,    0
  2127, 56835,20170514,  134,    0
  2127, 56835,20170515,  122,    0
  2127, 56835,20170516,  154,    1
  2127, 56835,20170517,  143,    0
  2127, 56835,20170518,  118,    0
  2127, 56835,20170519,  121,    0
  2127, 56835,20170520,   99,    0
  2127, 56835,20170521,  122,    0
  2127, 56835,20170522,  160,    0
  2127, 56835,20170523,  147,    0
  2127, 56835,20170524,  172,    0
  2127, 56835,20170525,  189,    0
  2127, 56835,20170526,  186,    0
  2127, 56835,20170527,  173,    0
  2127, 56835,20170528,  155,    0
  2127, 56835,20170529,  159,    0
  2127, 56835,20170530,  153,    0
  2127, 56835,20170531,  168,    0
  2127, 56835,20170601,  157,    0
  2127, 56835,20170602,  164,    0
  2127, 56835,20170603,  147,    0
  2127, 56835,20170604,  123,    0
  2127, 56835,20170605,  121,    0
  2127, 56835,20170606,  124,    0
  2127, 56835,20170607,  138,    0
  2127, 56835,20170608,  143,    0
  2127, 56835,20170609,  138,    0
  2127, 56835,20170610,  156,    0
  2127, 56835,20170611,  164,    0
  2127, 56835,20170612,  149,    0
  2127, 56835,20170613,  148,    0
  2127, 56835,20170614,  169,    0
  2127, 56835,20170615,  161,    0
  2127, 56835,20170616,  162,    0
  2127, 56835,20170617,  196,    0
  2127, 56835,20170618,  210,    0
  2127, 56835,20170619,  229,    0
  2127, 56835,20170620,  225,    0
  2127, 56835,20170621,  238,    1
  2127, 56835,20170622,  187,    0
  2127, 56835,20170623,  159,    0
  2127, 56835,20170624,  177,    0
  2127, 56835,20170625,  172,    0
  2127, 56835,20170626,  168,    0
  2127, 56835,20170627,  161,    0
  2127, 56835,20170628,  158,    0
  2127, 56835,20170629,  138,    0
  2127, 56835,20170630,  163,    0
  2127, 56835,20170701,  176,    0
  2127, 56835,20170702,  185,    0
  2127, 56835,20170703,  174,    0
  2127, 56835,20170704,  168,    0
  2127, 56835,20170705,  190,    0
  2127, 56835,20170706,  228,    0
  2127, 56835,20170707,  197,    0
  2127, 56835,20170708,  209,    0
  2127, 56835,20170709,  208,    0
  2127, 56835,20170710,  178,    0
  2127, 56835,20170711,  151,    0
  2127, 56835,20170712,  166,    0
  2127, 56835,20170713,  172,    0
  2127, 56835,20170714,  168,    0
  2127, 56835,20170715,  169,    0
  2127, 56835,20170716,  196,    0
  2127, 56835,20170717,  191,    0
  2127, 56835,20170718,  211,    1
  2127, 56835,20170719,  179,    0
  2127, 56835,20170720,  168,    0
  2127, 56835,20170721,  156,    0
  2127, 56835,20170722,  136,    0
  2127, 56835,20170723,  122,    0
  2127, 56835,20170724,  177,    0
  2127, 56835,20170725,  186,    0
  2127, 56835,20170726,  164,    0
  2127, 56835,20170727,  160,    0
  2127, 56835,20170728,  156,    0
  2127, 56835,20170729,  147,    0
  2127, 56835,20170730,  163,    0
  2127, 56835,20170731,  152,    0
  2127, 56835,20170801,  161,    0
  2127, 56835,20170802,  154,    0
  2127, 56835,20170803,  169,    0
  2127, 56835,20170804,  162,    0
  2127, 56835,20170805,  161,    0
  2127, 56835,20170806,  139,    0
  2127, 56835,20170807,  152,    0
  2127, 56835,20170808,  137,    0
  2127, 56835,20170809,  133,    0
  2127, 56835,20170810,  139,    0
  2127, 56835,20170811,  135,    0
  2127, 56835,20170812,  179,    0
  2127, 56835,20170813,  158,    0
  2127, 56835,20170814,  148,    0
  2127, 56835,20170815,  174,    0
  2127, 56835,20170816,  153,    0
  2127, 56835,20170817,  182,    0
  2127, 56835,20170818,  161,    0
  2127, 56835,20170819,  151,    0
  2127, 56835,20170820,  144,    0
  2127, 56835,20170821,  182,    0
  2127, 56835,20170822,  191,    0
  2127, 56835,20170823,  179,    0
  2127, 56835,20170824,  156,    0
  2127, 56835,20170825,  163,    0
  2127, 56835,20170826,  178,    0
  2127, 56835,20170827,  195,    0
  2127, 56835,20170828,  203,    0
  2127, 56835,20170829,  190,    1
  2127, 56835,20170830,  134,    0
  2127, 56835,20170831,  132,    0
  2127, 56835,20170901,  147,    0
  2127, 56835,20170902,  138,    0
  2127, 56835,20170903,  133,    0
  2127, 56835,20170904,  172,    0
  2127, 56835,20170905,  165,    0
  2127, 56835,20170906,  149,    0
  2127, 56835,20170907,  141,    0
  2127, 56835,20170908,  158,    0
  2127, 56835,20170909,  134,    0
  2127, 56835,20170910,  108,    0
  2127, 56835,20170911,  139,    0
  2127, 56835,20170912,  131,    0
  2127, 56835,20170913,  138,    0
  2127, 56835,20170914,  121,    0
  2127, 56835,20170915,  115,    0
  2127, 56835,20170916,  112,    0
  2127, 56835,20170917,  112,    0
  2127, 56835,20170918,  118,    0
  2127, 56835,20170919,  127,    0
  2127, 56835,20170920,  134,    0
  2127, 56835,20170921,  147,    0
  2127, 56835,20170922,  113,    0
  2127, 56835,20170923,  151,    0
  2127, 56835,20170924,  145,    0
  2127, 56835,20170925,  148,    0
  2127, 56835,20170926,  159,    0
  2127, 56835,20170927,  159,    0
  2127, 56835,20170928,  151,    0
  2127, 56835,20170929,  141,    0
  2127, 56835,20170930,  130,    0
  2127, 56835,20171001,  143,    0
  2127, 56835,20171002,  147,    0
  2127, 56835,20171003,  114,    0
  2127, 56835,20171004,  122,    0
  2127, 56835,20171005,  138,    0
  2127, 56835,20171006,  102,    0
  2127, 56835,20171007,  122,    0
  2127, 56835,20171008,  136,    0
  2127, 56835,20171009,  128,    0
  2127, 56835,20171010,  135,    0
  2127, 56835,20171011,  146,    0
  2127, 56835,20171012,  124,    0
  2127, 56835,20171013,  132,    0
  2127, 56835,20171014,  162,    0
  2127, 56835,20171015,  150,    0
  2127, 56835,20171016,  158,    1
  2127, 56835,20171017,  104,    0
  2127, 56835,20171018,  112,    0
  2127, 56835,20171019,  135,    0
  2127, 56835,20171020,  124,    0
  2127, 56835,20171021,  124,    0
  2127, 56835,20171022,  109,    0
  2127, 56835,20171023,  127,    0
  2127, 56835,20171024,  149,    0
  2127, 56835,20171025,  150,    1
  2127, 56835,20171026,  118,    0
  2127, 56835,20171027,  108,    0
  2127, 56835,20171028,  100,    0
  2127, 56835,20171029,  112,    0
  2127, 56835,20171030,   65,    0
  2127, 56835,20171031,   78,    0
  2127, 56835,20171101,  104,    0
  2127, 56835,20171102,   77,    0
  2127, 56835,20171103,   79,    0
  2127, 56835,20171104,   99,    0
  2127, 56835,20171105,   62,    0
  2127, 56835,20171106,   58,    0
  2127, 56835,20171107,   70,    0
  2127, 56835,20171108,   52,    0
  2127, 56835,20171109,   68,    0
  2127, 56835,20171110,   91,    0
  2127, 56835,20171111,   99,    1
  2127, 56835,20171112,   66,    0
  2127, 56835,20171113,   36,    0
  2127, 56835,20171114,   64,    0
  2127, 56835,20171115,  106,    0
  2127, 56835,20171116,  104,    1
  2127, 56835,20171117,   44,    0
  2127, 56835,20171118,   60,    0
  2127, 56835,20171119,   60,    0
  2127, 56835,20171120,   73,    0
  2127, 56835,20171121,  118,    0
  2127, 56835,20171122,  124,    1
  2127, 56835,20171123,   82,    1
  2127, 56835,20171124,   57,    0
  2127, 56835,20171125,   23,    0
  2127, 56835,20171126,   55,    0
  2127, 56835,20171127,   63,    0
  2127, 56835,20171128,   48,    0
  2127, 56835,20171129,   29,    0
  2127, 56835,20171130,    9,    0
  2127, 56835,20171201,   29,    0
  2127, 56835,20171202,   38,    0
  2127, 56835,20171203,   57,    0
  2127, 56835,20171204,   58,    0
  2127, 56835,20171205,   63,    0
  2127, 56835,20171206,   92,    0
  2127, 56835,20171207,  102,    1
  2127, 56835,20171208,   28,    0
  2127, 56835,20171209,   22,    0
  2127, 56835,20171210,   31,    1
  2127, 56835,20171211,    9,    0
  2127, 56835,20171212,   18,    0
  2127, 56835,20171213,   35,    0
  2127, 56835,20171214,   39,    0
  2127, 56835,20171215,   36,    0
  2127, 56835,20171216,   30,    0
  2127, 56835,20171217,   44,    0
  2127, 56835,20171218,   38,    0
  2127, 56835,20171219,   18,    0
  2127, 56835,20171220,   43,    0
  2127, 56835,20171221,   89,    0
  2127, 56835,20171222,   92,    1
  2127, 56835,20171223,   82,    0
  2127, 56835,20171224,   86,    0
  2127, 56835,20171225,   91,    1
  2127, 56835,20171226,   49,    1
  2127, 56835,20171227,   22,    0
  2127, 56835,20171228,   30,    0
  2127, 56835,20171229,   55,    0
  2127, 56835,20171230,   85,    0
  2127, 56835,20171231,   93,    0
  2127,903746,20180101,   57,    0
  2127,903746,20180102,   67,    0
  2127,903746,20180103,   68,    0
  2127,903746,20180104,   90,    0
  2127,903746,20180105,   62,    0
  2127,903746,20180106,   34,    0
  2127,903746,20180107,   28,    0
  2127,903746,20180108,   23,    0
  2127,903746,20180109,   44,    0
  2127,903746,20180110,   71,    0
  2127,903746,20180111,   21,    0
  2127,903746,20180112,   56,    0
  2127,903746,20180113,   57,    0
  2127,903746,20180114,   42,    0
  2127,903746,20180115,   71,    0
  2127,903746,20180116,   50,    0
  2127,903746,20180117,   43,    0
  2127,903746,20180118,   59,    0
  2127,903746,20180119,   31,    0
  2127,903746,20180120,   41,    0
  2127,903746,20180121,   60,    0
  2127,903746,20180122,   89,    0
  2127,903746,20180123,   94,    0
  2127,903746,20180124,  105,    0
  2127,903746,20180125,   66,    0
  2127,903746,20180126,   44,    0
  2127,903746,20180127,   56,    0
  2127,903746,20180128,  103,    0
  2127,903746,20180129,  101,    0
  2127,903746,20180130,   26,    0
  2127,903746,20180131,   66,    0
  2127,903746,20180201,   47,    0
  2127,903743,20180202,   45,    0
  2127,903746,20180203,   38,    0
  2127,903746,20180204,   38,    0
  2127,903746,20180205,   18,    0
  2127,903746,20180206,    5,    0
  2127,903746,20180207,   11,    0
  2127,903746,20180208,   23,    0
  2127,903746,20180209,   53,    0
  2127,903746,20180210,   34,    0
  2127,903746,20180211,   53,    0
  2127,903746,20180212,   27,    0
  2127,903746,20180213,   27,    0
  2127,903746,20180214,   13,    0
  2127,903746,20180215,   80,    0
  2127,903746,20180216,   44,    0
  2127,903746,20180217,   53,    0
  2127,903746,20180218,   51,    0
  2127,903746,20180219,   89,    0
  2127,903746,20180220,   87,    0
  2127,903746,20180221,   48,    0
  2127,903746,20180222,   27,    0
  2127,903746,20180223,   15,    0
  2127,903746,20180224,   15,    0
  2127,903746,20180225,   17,    0
  2127,903746,20180226,   -2,    0
  2127,903746,20180227,  -13,    0
  2127,903746,20180228,  -31,    0
  2127,903746,20180301,  -42,    0
  2127,903746,20180302,  -24,    0
  2127,903746,20180303,   14,    0
  2127,903746,20180304,   55,    0
  2127,903746,20180305,   54,    0
  2127,903746,20180306,   60,    0
  2127,903746,20180307,   59,    0
  2127,903746,20180308,   63,    0
  2127,903746,20180309,   49,    0
  2127,903746,20180310,  101,    0
  2127,903746,20180311,   83,    0
  2127,903746,20180312,   97,    0
  2127,903746,20180313,   73,    0
  2127,903746,20180314,   57,    0
  2127,903746,20180315,   98,    0
  2127,903746,20180316,   88,    0
  2127,903746,20180317,   31,    0
  2127,903746,20180318,  -15,    0
  2127,903746,20180319,    3,    0
  2127,903746,20180320,   31,    0
  2127,903746,20180321,   42,    0
  2127,903746,20180322,   60,    0
  2127,903746,20180323,   84,    0
  2127,903746,20180324,   73,    0
  2127,903746,20180325,   86,    0
  2127,903746,20180326,   66,    0
  2127,903746,20180327,   86,    0
  2127,903746,20180328,   69,    0
  2127,903746,20180329,   41,    0
  2127,903746,20180330,   42,    0
  2127,903746,20180331,   46,    0
  2127,903746,20180401,   42,    0
  2127,903746,20180402,   64,    0
  2127,903746,20180403,  106,    0
  2127,903746,20180404,   91,    0
  2127,903746,20180405,   71,    0
  2127,903746,20180406,   85,    0
  2127,903746,20180407,  109,    0
  2127,903746,20180408,   91,    0
  2127,903746,20180409,   92,    0
  2127,903746,20180410,  111,    0
  2127,903746,20180411,   97,    0
  2127,903746,20180412,   82,    0
  2127,903746,20180413,   86,    0
  2127,903746,20180414,  111,    0
  2127,903746,20180415,   97,    0
  2127,903746,20180416,   96,    0
  2127,903746,20180417,  116,    0
  2127,903746,20180418,  160,    0
  2127,903746,20180419,  179,    0
  2127,903746,20180420,  156,    0
  2127,903746,20180421,  154,    0
  2127,903746,20180422,  153,    0
  2127,903746,20180423,  107,    0
  2127,903743,20180424,  127,    0
  2127,903746,20180425,  105,    0
  2127,903746,20180426,   96,    0
  2127,903746,20180427,   82,    0
  2127,903746,20180428,   78,    0
  2127,903746,20180429,   70,    0
  2127,903746,20180430,   80,    0
  2127,903746,20180501,   66,    0
  2127,903746,20180502,  111,    0
  2127,903746,20180503,   97,    0
  2127,903746,20180504,  121,    0
  2127,903746,20180505,  147,    0
  2127,903746,20180506,  158,    0
  2127,903746,20180507,  180,    0
  2127,903746,20180508,  150,    0
  2127,903746,20180509,  118,    0
  2127,903746,20180510,  113,    0
  2127,903746,20180511,  104,    0
  2127,903746,20180512,   94,    0
  2127,903746,20180513,  117,    0
  2127,903746,20180514,  128,    0
  2127,903746,20180515,  160,    0
  2127,903746,20180516,  134,    0
  2127,903746,20180517,  111,    0
  2127,903746,20180518,  111,    0
  2127,903746,20180519,  127,    0
  2127,903746,20180520,  140,    0
  2127,903746,20180521,  153,    0
  2127,903746,20180522,  157,    0
  2127,903746,20180523,  147,    0
  2127,903746,20180524,  120,    0
  2127,903746,20180525,  151,    0
  2127,903746,20180526,  189,    0
  2127,903746,20180527,  193,    0
  2127,903746,20180528,  175,    0
  2127,903746,20180529,  156,    0
  2127,903746,20180530,  151,    0
  2127,903746,20180531,  178,    0
  2127,903746,20180601,  166,    0
  2127,903746,20180602,  183,    0
  2127,903746,20180603,  173,    0
  2127,903746,20180604,  180,    0
  2127,903746,20180605,  141,    0
  2127,903746,20180606,  145,    0
  2127,903746,20180607,  151,    0
  2127,903746,20180608,  173,    0
  2127,903746,20180609,  156,    0
  2127,903746,20180610,  175,    0
  2127,903746,20180611,  194,    0
  2127,903746,20180612,  158,    0
  2127,903746,20180613,  148,    0
  2127,903746,20180614,  171,    0
  2127,903743,20180615,  141,    0
  2127,903746,20180616,  146,    0
  2127,903746,20180617,  138,    0
  2127,903746,20180618,  173,    0
  2127,903746,20180619,  192,    0
  2127,903746,20180620,  181,    0
  2127,903746,20180621,  139,    0
  2127,903746,20180622,  137,    0
  2127,903746,20180623,  165,    0
  2127,903746,20180624,  183,    0
  2127,903746,20180625,  197,    0
  2127,903746,20180626,  204,    0
  2127,903746,20180627,  184,    0
  2127,903746,20180628,  190,    0
  2127,903746,20180629,  207,    0
  2127,903746,20180630,  195,    0
  2127,903746,20180701,  217,    0
  2127,903746,20180702,  228,    0
  2127,903746,20180703,  210,    0
  2127,903746,20180704,  182,    0
  2127,903746,20180705,  211,    0
  2127,903746,20180706,  218,    0
  2127,903746,20180707,  219,    0
  2127,903746,20180708,  228,    0
  2127,903746,20180709,  226,    0
  2127,903746,20180710,  193,    0
  2127,903746,20180711,  188,    0
  2127,903746,20180712,  187,    0
  2127,903746,20180713,  187,    0
  2127,903746,20180714,  190,    0
  2127,903746,20180715,  200,    0
  2127,903746,20180716,  201,    0
  2127,903746,20180717,  154,    0
  2127,903746,20180718,  182,    0
  2127,903746,20180719,  194,    0
  2127,903746,20180720,  193,    0
  2127,903746,20180721,  200,    0
  2127,903746,20180722,  219,    0
  2127,903746,20180723,-9999,    9
  2127,903746,20180724,-9999,    9
  2127,903746,20180725,-9999,    9
  2127,903746,20180726,-9999,    9
  2127,903746,20180727,-9999,    9
  2127,903746,20180728,-9999,    9
  2127,903746,20180729,-9999,    9
  2127,903746,20180730,-9999,    9
  2127,903746,20180731,-9999,    9
  2127,903746,20180801,-9999,    9
  2127,903746,20180802,-9999,    9
  2127,903746,20180803,-9999,    9
  2127,903746,20180804,-9999,    9
  2127,903746,20180805,-9999,    9
  2127,903746,20180806,-9999,    9
  2127,903746,20180807,-9999,    9
  2127,903746,20180808,  166,    0
  2127,903746,20180809,  174,    0
  2127,903746,20180810,-9999,    9
  2127,903746,20180811,-9999,    9
  2127,903746,20180812,  162,    0
  2127,903746,20180813,  183,    0
  2127,903746,20180814,  182,    0
  2127,903746,20180815,  196,    0
  2127,903746,20180816,  187,    0
  2127,903746,20180817,  154,    0
  2127,903746,20180818,  178,    0
  2127,903746,20180819,  207,    0
  2127,903746,20180820,  199,    0
  2127,903746,20180821,  207,    0
  2127,903746,20180822,  186,    0
  2127,903746,20180823,  194,    0
  2127,903746,20180824,  131,    0
  2127,903746,20180825,  132,    0
  2127,903746,20180826,  137,    0
  2127,903746,20180827,  149,    0
  2127,903746,20180828,  168,    0
  2127,903746,20180829,  165,    0
  2127,903746,20180830,  136,    0
  2127,903746,20180831,  160,    0
  2127,903746,20180901,  168,    0
  2127,903746,20180902,  170,    0
  2127,903746,20180903,  186,    0
  2127,903746,20180904,  172,    0
  2127,903746,20180905,  162,    0
  2127,903746,20180906,  138,    0
  2127,903746,20180907,  128,    0
  2127,903746,20180908,  133,    0
  2127,903746,20180909,  177,    0
  2127,903746,20180910,  162,    0
  2127,903746,20180911,  191,    0
  2127,903746,20180912,  131,    0
  2127,903746,20180913,  123,    0
  2127,903746,20180914,  126,    0
  2127,903746,20180915,  151,    0
  2127,903746,20180916,  167,    0
  2127,903746,20180917,  197,    0
  2127,903746,20180918,  172,    0
  2127,903746,20180919,  184,    0
  2127,903746,20180920,  169,    0
  2127,903746,20180921,  120,    0
  2127,903746,20180922,  112,    0
  2127,903746,20180923,  113,    0
  2127,903746,20180924,   93,    0
  2127,903746,20180925,  101,    0
  2127,903746,20180926,  131,    0
  2127,903746,20180927,  135,    0
  2127,903746,20180928,  120,    0
  2127,903746,20180929,  105,    0
  2127,903746,20180930,   90,    0
  2127,903746,20181001,  103,    0
  2127,903746,20181002,  133,    0
  2127,903746,20181003,  147,    0
  2127,903746,20181004,  141,    0
  2127,903746,20181005,  157,    0
  2127,903746,20181006,   97,    0
  2127,903746,20181007,   79,    0
  2127,903746,20181008,  105,    0
  2127,903746,20181009,  134,    0
  2127,903746,20181010,  161,    0
  2127,903746,20181011,  156,    0
  2127,903746,20181012,  150,    0
  2127,903746,20181013,  186,    0
  2127,903746,20181014,  122,    0
  2127,903746,20181015,  104,    0
  2127,903746,20181016,  139,    0
  2127,903746,20181017,  120,    0
  2127,903746,20181018,  120,    0
  2127,903746,20181019,  103,    0
  2127,903746,20181020,  107,    0
  2127,903746,20181021,  115,    0
  2127,903746,20181022,   94,    0
  2127,903746,20181023,   92,    0
  2127,903746,20181024,  128,    0
  2127,903746,20181025,   73,    0
  2127,903746,20181026,   99,    0
  2127,903746,20181027,   32,    0
  2127,903746,20181028,   57,    0
  2127,903746,20181029,   44,    0
  2127,903746,20181030,   37,    0
  2127,903746,20181031,   57,    0
  2127,903746,20181101,   80,    0
  2127,903746,20181102,   56,    0
  2127,903746,20181103,   80,    0
  2127,903746,20181104,  105,    0
  2127,903746,20181105,  115,    0
  2127,903746,20181106,  118,    0
  2127,903746,20181107,  122,    0
  2127,903746,20181108,   83,    0
  2127,903746,20181109,  107,    0
  2127,903746,20181110,   99,    0
  2127,903746,20181111,   90,    0
  2127,903746,20181112,  105,    0
  2127,903746,20181113,   98,    0
  2127,903746,20181114,  114,    0
  2127,903746,20181115,  106,    0
  2127,903746,20181116,  118,    0
  2127,903746,20181117,   87,    0
  2127,903746,20181118,   67,    0
  2127,903746,20181119,   64,    0
  2127,903746,20181120,   42,    0
  2127,903746,20181121,   32,    0
  2127,903746,20181122,   26,    0
  2127,903746,20181123,   46,    0
  2127,903746,20181124,   69,    0
  2127,903746,20181125,   66,    0
  2127,903746,20181126,   48,    0
  2127,903746,20181127,   39,    0
  2127,903746,20181128,   97,    0
  2127,903746,20181129,  120,    0
  2127,903746,20181130,   83,    0
  2127,903746,20181201,   88,    0
  2127,903746,20181202,  118,    0
  2127,903746,20181203,  116,    0
  2127,903746,20181204,   51,    0
  2127,903746,20181205,   83,    0
  2127,903746,20181206,   98,    0
  2127,903746,20181207,  118,    0
  2127,903746,20181208,   86,    0
  2127,903746,20181209,   91,    0
  2127,903746,20181210,   76,    0
  2127,903746,20181211,   51,    0
  2127,903746,20181212,   68,    0
  2127,903746,20181213,   33,    0
  2127,903746,20181214,    9,    0
  2127,903746,20181215,   41,    0
  2127,903746,20181216,   57,    0
  2127,903746,20181217,   61,    0
  2127,903746,20181218,   90,    0
  2127,903746,20181219,   58,    0
  2127,903746,20181220,   76,    0
  2127,903746,20181221,   95,    0
  2127,903746,20181222,   98,    0
  2127,903746,20181223,   94,    0
  2127,903746,20181224,   59,    0
  2127,903746,20181225,   53,    0
  2127,903746,20181226,   83,    0
  2127,903746,20181227,   55,    0
  2127,903746,20181228,   60,    0
  2127,903746,20181229,   90,    0
  2127,903746,20181230,   94,    0
  2127,903746,20181231,   86,    0
  2127,903746,20190101,   92,    0
  2127,903746,20190102,   23,    0
  2127,903746,20190103,   31,    0
  2127,903746,20190104,   -6,    0
  2127,903746,20190105,    5,    0
  2127,903746,20190106,   54,    0
  2127,903746,20190107,   84,    0
  2127,903746,20190108,   68,    0
  2127,903746,20190109,   29,    0
  2127,903746,20190110,   11,    0
  2127,903746,20190111,   66,    0
  2127,903746,20190112,   79,    0
  2127,903746,20190113,   87,    0
  2127,903746,20190114,   66,    0
  2127,903746,20190115,   53,    0
  2127,903746,20190116,   80,    0
  2127,903746,20190117,   33,    0
  2127,903746,20190118,   15,    0
  2127,903746,20190119,   46,    0
  2127,903746,20190120,   29,    0
  2127,903746,20190121,   30,    0
  2127,903746,20190122,   25,    0
  2127,903746,20190123,   13,    0
  2127,903746,20190124,   16,    0
  2127,903746,20190125,   69,    0
  2127,903746,20190126,   73,    0
  2127,903746,20190127,   52,    0
  2127,903746,20190128,   27,    0
  2127,903746,20190129,   19,    0
  2127,903746,20190130,   12,    0
  2127,903746,20190131,  -12,    0
  2127,903746,20190201,    2,    0
  2127,903746,20190202,    7,    0
  2127,903746,20190203,    1,    0
  2127,903746,20190204,   62,    0
  2127,903746,20190205,   30,    0
  2127,903746,20190206,   80,    0
  2127,903746,20190207,   73,    0
  2127,903746,20190208,   78,    0
  2127,903746,20190209,   75,    0
  2127,903746,20190210,   66,    0
  2127,903746,20190211,   61,    0
  2127,903746,20190212,   52,    0
  2127,903746,20190213,   87,    0
  2127,903746,20190214,   68,    0
  2127,903746,20190215,   73,    0
  2127,903746,20190216,   73,    0
  2127,903746,20190217,   86,    0
  2127,903746,20190218,   79,    0
  2127,903746,20190219,   63,    0
  2127,903746,20190220,   88,    0
  2127,903746,20190221,  100,    0
  2127,903746,20190222,   74,    0
  2127,903746,20190223,   86,    0
  2127,903746,20190224,   93,    0
  2127,903746,20190225,  100,    0
  2127,903746,20190226,  108,    0
  2127,903746,20190227,  104,    0
  2127,903746,20190228,   76,    0
  2127,903746,20190301,   82,    0
  2127,903746,20190302,   98,    0
  2127,903746,20190303,   98,    0
  2127,903746,20190304,   63,    0
  2127,903746,20190305,   64,    0
  2127,903746,20190306,   98,    0
  2127,903746,20190307,   78,    0
  2127,903746,20190308,   65,    0
  2127,903746,20190309,   91,    0
  2127,903746,20190310,   78,    0
  2127,903746,20190311,   66,    0
  2127,903746,20190312,   78,    0
  2127,903746,20190313,   77,    0
  2127,903746,20190314,  100,    0
  2127,903746,20190315,  108,    0
  2127,903746,20190316,  102,    0
  2127,903746,20190317,   64,    0
  2127,903746,20190318,   67,    0
  2127,903746,20190319,   83,    0
  2127,903746,20190320,   91,    0
  2127,903746,20190321,  104,    0
  2127,903746,20190322,   90,    0
  2127,903746,20190323,   91,    0
  2127,903746,20190324,   89,    0
  2127,903746,20190325,   77,    0
  2127,903746,20190326,   75,    0
  2127,903746,20190327,   85,    0
  2127,903746,20190328,   89,    0
  2127,903746,20190329,  101,    0
  2127,903746,20190330,  101,    0
  2127,903746,20190331,   96,    0
  2127,903746,20190401,   91,    0
  2127,903746,20190402,   59,    0
  2127,903746,20190403,   35,    0
  2127,903746,20190404,   41,    0
  2127,903746,20190405,   70,    0
  2127,903746,20190406,   83,    0
  2127,903746,20190407,  102,    0
  2127,903746,20190408,  114,    0
  2127,903746,20190409,   81,    0
  2127,903746,20190410,   82,    0
  2127,903746,20190411,   55,    0
  2127,903746,20190412,   55,    0
  2127,903746,20190413,   58,    0
  2127,903746,20190414,   45,    0
  2127,903746,20190415,   84,    0
  2127,903746,20190416,  106,    0
  2127,903746,20190417,  105,    0
  2127,903746,20190418,  144,    0
  2127,903746,20190419,  155,    0
  2127,903746,20190420,  152,    0
  2127,903746,20190421,  150,    0
  2127,903746,20190422,  157,    0
  2127,903746,20190423,  161,    0
  2127,903746,20190424,  119,    0
  2127,903746,20190425,  106,    0
  2127,903746,20190426,   87,    0
  2127,903746,20190427,   90,    0
  2127,903746,20190428,  101,    0
  2127,903746,20190429,  117,    0
  2127,903746,20190430,  101,    0
