EUROPEAN CLIMATE ASSESSMENT & DATASET (ECA&D), file created on: 13-05-2019
THESE DATA CAN BE USED FOR NON-COMMERCIAL RESEARCH AND EDUCATION PROVIDED THAT THE FOLLOWING SOURCE IS ACKNOWLEDGED: 

Klein Tank, A.M.G. and Coauthors, 2002. Daily dataset of 20th-century surface
air temperature and precipitation series for the European Climate Assessment.
Int. J. of Climatol., 22, 1441-1453.
Data and metadata available at http://www.ecad.eu

FILE FORMAT (MISSING VALUE CODE = -9999):

01-06 STAID: Station identifier
08-13 SOUID: Source identifier
15-22 DATE : Date YYYYMMDD
24-28 TG   : Mean temperature in 0.1 &#176;C
30-34 Q_TG : quality code for TG (0='valid'; 1='suspect'; 9='missing')

This is the blended series of station OSLO - VESTLI, NORWAY (STAID: 5097)
Blended and updated with sources:34264 
See files sources.txt and stations.txt for more info.

STAID, SOUID,    DATE,   TG, Q_TG
  5097, 34264,20170123,-9999,    9
  5097, 34264,20170124,  -54,    0
  5097, 34264,20170125,  -10,    0
  5097, 34264,20170126,   13,    0
  5097, 34264,20170127,   -4,    0
  5097, 34264,20170128,   -7,    0
  5097, 34264,20170129,   -6,    0
  5097, 34264,20170130,   11,    0
  5097, 34264,20170131,  -10,    0
  5097, 34264,20170201,   -6,    0
  5097, 34264,20170202,   -8,    0
  5097, 34264,20170203,   -6,    0
  5097, 34264,20170204,  -12,    0
  5097, 34264,20170205,   -7,    0
  5097, 34264,20170206,  -18,    0
  5097, 34264,20170207,-9999,    9
  5097, 34264,20170208,  -77,    0
  5097, 34264,20170209,  -67,    0
  5097, 34264,20170210,  -52,    0
  5097, 34264,20170211,  -45,    0
  5097, 34264,20170212,  -55,    0
  5097, 34264,20170213,  -50,    0
  5097, 34264,20170214,  -67,    0
  5097, 34264,20170215,  -51,    0
  5097, 34264,20170216,  -26,    0
  5097, 34264,20170217,  -28,    0
  5097, 34264,20170218,  -40,    0
  5097, 34264,20170219,   11,    0
  5097, 34264,20170220,   19,    0
  5097, 34264,20170221,    9,    0
  5097, 34264,20170222,    1,    0
  5097, 34264,20170223,  -38,    0
  5097, 34264,20170224,  -55,    0
  5097, 34264,20170225,  -56,    0
  5097, 34264,20170226,   -7,    0
  5097, 34264,20170227,   15,    0
  5097, 34264,20170228,   20,    0
  5097, 34264,20170301,   10,    0
  5097, 34264,20170302,   -4,    0
  5097, 34264,20170303,  -10,    0
  5097, 34264,20170304,  -12,    0
  5097, 34264,20170305,  -23,    0
  5097, 34264,20170306,  -34,    0
  5097, 34264,20170307,  -40,    0
  5097, 34264,20170308,  -34,    0
  5097, 34264,20170309,    0,    0
  5097, 34264,20170310,    7,    0
  5097, 34264,20170311,-9999,    9
  5097, 34264,20170312,-9999,    9
  5097, 34264,20170313,   16,    0
  5097, 34264,20170314,-9999,    9
  5097, 34264,20170315,-9999,    9
  5097, 34264,20170316,-9999,    9
  5097, 34264,20170317,   39,    0
  5097, 34264,20170318,   -8,    0
  5097, 34264,20170319,   -5,    0
  5097, 34264,20170320,   13,    0
  5097, 34264,20170321,   26,    0
  5097, 34264,20170322,   14,    0
  5097, 34264,20170323,    0,    0
  5097, 34264,20170324,   12,    0
  5097, 34264,20170325,   42,    0
  5097, 34264,20170326,   82,    0
  5097, 34264,20170327,   68,    0
  5097, 34264,20170328,   55,    0
  5097, 34264,20170329,   22,    0
  5097, 34264,20170330,   12,    0
  5097, 34264,20170331,   21,    0
  5097, 34264,20170401,   47,    0
  5097, 34264,20170402,   58,    0
  5097, 34264,20170403,   58,    0
  5097, 34264,20170404,   46,    0
  5097, 34264,20170405,   56,    0
  5097, 34264,20170406,   40,    0
  5097, 34264,20170407,   79,    0
  5097, 34264,20170408,   70,    0
  5097, 34264,20170409,   68,    0
  5097, 34264,20170410,   81,    0
  5097, 34264,20170411,   51,    0
  5097, 34264,20170412,   45,    0
  5097, 34264,20170413,   21,    0
  5097, 34264,20170414,   -7,    0
  5097, 34264,20170415,  -20,    0
  5097, 34264,20170416,    4,    0
  5097, 34264,20170417,   10,    0
  5097, 34264,20170418,    1,    0
  5097, 34264,20170419,   23,    0
  5097, 34264,20170420,   64,    0
  5097, 34264,20170421,   69,    0
  5097, 34264,20170422,   45,    0
  5097, 34264,20170423,   28,    0
  5097, 34264,20170424,    5,    0
  5097, 34264,20170425,   23,    0
  5097, 34264,20170426,   38,    0
  5097, 34264,20170427,   19,    0
  5097, 34264,20170428,   30,    0
  5097, 34264,20170429,   43,    0
  5097, 34264,20170430,   50,    0
  5097, 34264,20170501,   58,    0
  5097, 34264,20170502,   93,    0
  5097, 34264,20170503,  106,    0
  5097, 34264,20170504,   96,    0
  5097, 34264,20170505,  133,    0
  5097, 34264,20170506,  150,    0
  5097, 34264,20170507,   84,    0
  5097, 34264,20170508,   49,    0
  5097, 34264,20170509,   42,    0
  5097, 34264,20170510,   14,    0
  5097, 34264,20170511,   26,    0
  5097, 34264,20170512,   47,    0
  5097, 34264,20170513,   71,    0
  5097, 34264,20170514,   82,    0
  5097, 34264,20170515,   84,    0
  5097, 34264,20170516,   74,    0
  5097, 34264,20170517,  110,    0
  5097, 34264,20170518,  134,    0
  5097, 34264,20170519,  143,    0
  5097, 34264,20170520,  146,    0
  5097, 34264,20170521,  135,    0
  5097, 34264,20170522,  102,    0
  5097, 34264,20170523,  115,    0
  5097, 34264,20170524,  135,    0
  5097, 34264,20170525,  149,    0
  5097, 34264,20170526,  166,    0
  5097, 34264,20170527,  168,    0
  5097, 34264,20170528,  149,    0
  5097, 34264,20170529,  158,    0
  5097, 34264,20170530,  125,    0
  5097, 34264,20170531,  108,    0
  5097, 34264,20170601,  106,    0
  5097, 34264,20170602,   95,    0
  5097, 34264,20170603,  104,    0
  5097, 34264,20170604,  120,    0
  5097, 34264,20170605,  137,    0
  5097, 34264,20170606,  138,    0
  5097, 34264,20170607,  120,    0
  5097, 34264,20170608,  121,    0
  5097, 34264,20170609,-9999,    9
  5097, 34264,20170610,-9999,    9
  5097, 34264,20170611,  127,    0
  5097, 34264,20170612,  146,    0
  5097, 34264,20170613,  138,    0
  5097, 34264,20170614,  148,    0
  5097, 34264,20170615,  157,    0
  5097, 34264,20170616,  147,    0
  5097, 34264,20170617,  165,    0
  5097, 34264,20170618,  180,    0
  5097, 34264,20170619,  147,    0
  5097, 34264,20170620,  140,    0
  5097, 34264,20170621,  132,    0
  5097, 34264,20170622,  136,    0
  5097, 34264,20170623,-9999,    9
  5097, 34264,20170624,-9999,    9
  5097, 34264,20170625,-9999,    9
  5097, 34264,20170626,  127,    0
  5097, 34264,20170627,  118,    0
  5097, 34264,20170628,  136,    0
  5097, 34264,20170629,  152,    0
  5097, 34264,20170630,  167,    0
  5097, 34264,20170701,  173,    0
  5097, 34264,20170702,  169,    0
  5097, 34264,20170703,  146,    0
  5097, 34264,20170704,  143,    0
  5097, 34264,20170705,  132,    0
  5097, 34264,20170706,  141,    0
  5097, 34264,20170707,  156,    0
  5097, 34264,20170708,  144,    0
  5097, 34264,20170709,  158,    0
  5097, 34264,20170710,  139,    0
  5097, 34264,20170711,  146,    0
  5097, 34264,20170712,  127,    0
  5097, 34264,20170713,  119,    0
  5097, 34264,20170714,  142,    0
  5097, 34264,20170715,  153,    0
  5097, 34264,20170716,  149,    0
  5097, 34264,20170717,  131,    0
  5097, 34264,20170718,  141,    0
  5097, 34264,20170719,  144,    0
  5097, 34264,20170720,  158,    0
  5097, 34264,20170721,  150,    0
  5097, 34264,20170722,  164,    0
  5097, 34264,20170723,  167,    0
  5097, 34264,20170724,  160,    0
  5097, 34264,20170725,  169,    0
  5097, 34264,20170726,  165,    0
  5097, 34264,20170727,  160,    0
  5097, 34264,20170728,  150,    0
  5097, 34264,20170729,  142,    0
  5097, 34264,20170730,  151,    0
  5097, 34264,20170731,  152,    0
  5097, 34264,20170801,  154,    0
  5097, 34264,20170802,  139,    0
  5097, 34264,20170803,  128,    0
  5097, 34264,20170804,  145,    0
  5097, 34264,20170805,  146,    0
  5097, 34264,20170806,  141,    0
  5097, 34264,20170807,  127,    0
  5097, 34264,20170808,  152,    0
  5097, 34264,20170809,  136,    0
  5097, 34264,20170810,  156,    0
  5097, 34264,20170811,  149,    0
  5097, 34264,20170812,  153,    0
  5097, 34264,20170813,  131,    0
  5097, 34264,20170814,  123,    0
  5097, 34264,20170815,  139,    0
  5097, 34264,20170816,  160,    0
  5097, 34264,20170817,  140,    0
  5097, 34264,20170818,  153,    0
  5097, 34264,20170819,  146,    0
  5097, 34264,20170820,  136,    0
  5097, 34264,20170821,  134,    0
  5097, 34264,20170822,  113,    0
  5097, 34264,20170823,  116,    0
  5097, 34264,20170824,  120,    0
  5097, 34264,20170825,  127,    0
  5097, 34264,20170826,  120,    0
  5097, 34264,20170827,  110,    0
  5097, 34264,20170828,  140,    0
  5097, 34264,20170829,  157,    0
  5097, 34264,20170830,  122,    0
  5097, 34264,20170831,  111,    0
  5097, 34264,20170901,  107,    0
  5097, 34264,20170902,  114,    0
  5097, 34264,20170903,  119,    0
  5097, 34264,20170904,  104,    0
  5097, 34264,20170905,  114,    0
  5097, 34264,20170906,  114,    0
  5097, 34264,20170907,   97,    0
  5097, 34264,20170908,   98,    0
  5097, 34264,20170909,  107,    0
  5097, 34264,20170910,  118,    0
  5097, 34264,20170911,  117,    0
  5097, 34264,20170912,  121,    0
  5097, 34264,20170913,  107,    0
  5097, 34264,20170914,  106,    0
  5097, 34264,20170915,   95,    0
  5097, 34264,20170916,   92,    0
  5097, 34264,20170917,  100,    0
  5097, 34264,20170918,  110,    0
  5097, 34264,20170919,  103,    0
  5097, 34264,20170920,   85,    0
  5097, 34264,20170921,   77,    0
  5097, 34264,20170922,  103,    0
  5097, 34264,20170923,  111,    0
  5097, 34264,20170924,  123,    0
  5097, 34264,20170925,  126,    0
  5097, 34264,20170926,  123,    0
  5097, 34264,20170927,  126,    0
  5097, 34264,20170928,  118,    0
  5097, 34264,20170929,  101,    0
  5097, 34264,20170930,  108,    0
  5097, 34264,20171001,  103,    0
  5097, 34264,20171002,  109,    0
  5097, 34264,20171003,  111,    0
  5097, 34264,20171004,   72,    0
  5097, 34264,20171005,   42,    0
  5097, 34264,20171006,   69,    0
  5097, 34264,20171007,   57,    0
  5097, 34264,20171008,   54,    0
  5097, 34264,20171009,   30,    0
  5097, 34264,20171010,   35,    0
  5097, 34264,20171011,-9999,    9
  5097, 34264,20171012,   72,    0
  5097, 34264,20171013,   62,    0
  5097, 34264,20171014,-9999,    9
  5097, 34264,20171015,-9999,    9
  5097, 34264,20171016,-9999,    9
  5097, 34264,20171017,   88,    0
  5097, 34264,20171018,   39,    0
  5097, 34264,20171019,   24,    0
  5097, 34264,20171020,   54,    0
  5097, 34264,20171021,   62,    0
  5097, 34264,20171022,   42,    0
  5097, 34264,20171023,   28,    0
  5097, 34264,20171024,   35,    0
  5097, 34264,20171025,   38,    0
  5097, 34264,20171026,   41,    0
  5097, 34264,20171027,   38,    0
  5097, 34264,20171028,   65,    0
  5097, 34264,20171029,   45,    0
  5097, 34264,20171030,  -13,    0
  5097, 34264,20171031,   20,    0
  5097, 34264,20171101,   37,    0
  5097, 34264,20171102,   29,    0
  5097, 34264,20171103,    9,    0
  5097, 34264,20171104,   10,    0
  5097, 34264,20171105,   57,    0
  5097, 34264,20171106,   15,    0
  5097, 34264,20171107,   24,    0
  5097, 34264,20171108,   52,    0
  5097, 34264,20171109,   56,    0
  5097, 34264,20171110,   11,    0
  5097, 34264,20171111,  -25,    0
  5097, 34264,20171112,  -31,    0
  5097, 34264,20171113,  -29,    0
  5097, 34264,20171114,  -16,    0
  5097, 34264,20171115,-9999,    9
  5097, 34264,20171116,-9999,    9
  5097, 34264,20171117,-9999,    9
  5097, 34264,20171118,-9999,    9
  5097, 34264,20171119,-9999,    9
  5097, 34264,20171120,-9999,    9
  5097, 34264,20171121,-9999,    9
  5097, 34264,20171122,  -53,    0
  5097, 34264,20171123,-9999,    9
  5097, 34264,20171124,   21,    0
  5097, 34264,20171125,    0,    0
  5097, 34264,20171126,   11,    0
  5097, 34264,20171127,   -6,    0
  5097, 34264,20171128,  -15,    0
  5097, 34264,20171129,   -6,    0
  5097, 34264,20171130,  -13,    0
  5097, 34264,20171201,  -51,    0
  5097, 34264,20171202,  -47,    0
  5097, 34264,20171203,  -58,    0
  5097, 34264,20171204,  -73,    0
  5097, 34264,20171205,  -24,    0
  5097, 34264,20171206,   -7,    0
  5097, 34264,20171207,   46,    0
  5097, 34264,20171208,   27,    0
  5097, 34264,20171209,  -22,    0
  5097, 34264,20171210,  -66,    0
  5097, 34264,20171211,  -32,    0
  5097, 34264,20171212,  -70,    0
  5097, 34264,20171213,  -67,    0
  5097, 34264,20171214,  -20,    0
  5097, 34264,20171215,  -31,    0
  5097, 34264,20171216,  -46,    0
  5097, 34264,20171217, -126,    0
  5097, 34264,20171218,  -50,    0
  5097, 34264,20171219,  -63,    0
  5097, 34264,20171220,-9999,    9
  5097, 34264,20171221,-9999,    9
  5097, 34264,20171222,  -73,    0
  5097, 34264,20171223,   -1,    0
  5097, 34264,20171224,  -46,    0
  5097, 34264,20171225,  -20,    0
  5097, 34264,20171226,    3,    0
  5097, 34264,20171227,    6,    0
  5097, 34264,20171228,    3,    0
  5097, 34264,20171229,   -6,    0
  5097, 34264,20171230,  -44,    0
  5097, 34264,20171231,  -30,    0
  5097, 34264,20180101,    6,    0
  5097, 34264,20180102,   -9,    0
  5097, 34264,20180103,  -21,    0
  5097, 34264,20180104,    0,    0
  5097, 34264,20180105,  -32,    0
  5097, 34264,20180106,  -75,    0
  5097, 34264,20180107, -108,    0
  5097, 34264,20180108,  -81,    0
  5097, 34264,20180109,  -76,    0
  5097, 34264,20180110,  -56,    0
  5097, 34264,20180111,  -34,    0
  5097, 34264,20180112,  -42,    0
  5097, 34264,20180113,  -36,    0
  5097, 34264,20180114,  -40,    0
  5097, 34264,20180115,  -25,    0
  5097, 34264,20180116,   -6,    0
  5097, 34264,20180117,   -8,    0
  5097, 34264,20180118,  -38,    0
  5097, 34264,20180119,  -36,    0
  5097, 34264,20180120,  -35,    0
  5097, 34264,20180121,  -57,    0
  5097, 34264,20180122,  -56,    0
  5097, 34264,20180123,  -17,    0
  5097, 34264,20180124,   24,    0
  5097, 34264,20180125,   26,    0
  5097, 34264,20180126,  -15,    0
  5097, 34264,20180127,  -81,    0
  5097, 34264,20180128,   -9,    0
  5097, 34264,20180129,  -31,    0
  5097, 34264,20180130,  -62,    0
  5097, 34264,20180131,    3,    0
  5097, 34264,20180201,   -3,    0
  5097, 34264,20180202,  -77,    0
  5097, 34264,20180203,  -86,    0
  5097, 34264,20180204, -110,    0
  5097, 34264,20180205, -104,    0
  5097, 34264,20180206,  -65,    0
  5097, 34264,20180207,  -67,    0
  5097, 34264,20180208,  -50,    0
  5097, 34264,20180209,   -9,    0
  5097, 34264,20180210,  -22,    0
  5097, 34264,20180211,  -28,    0
  5097, 34264,20180212,-9999,    9
  5097, 34264,20180213,  -69,    0
  5097, 34264,20180214,    1,    0
  5097, 34264,20180215,  -10,    0
  5097, 34264,20180216,  -28,    0
  5097, 34264,20180217,  -66,    0
  5097, 34264,20180218,  -19,    0
  5097, 34264,20180219,  -24,    0
  5097, 34264,20180220,  -45,    0
  5097, 34264,20180221,  -42,    0
  5097, 34264,20180222,  -61,    0
  5097, 34264,20180223,-9999,    9
  5097, 34264,20180224,-9999,    9
  5097, 34264,20180225,  -92,    0
  5097, 34264,20180226, -124,    0
  5097, 34264,20180227, -106,    0
  5097, 34264,20180228, -125,    0
  5097, 34264,20180301, -127,    0
  5097, 34264,20180302,  -86,    0
  5097, 34264,20180303,  -75,    0
  5097, 34264,20180304,  -57,    0
  5097, 34264,20180305,  -57,    0
  5097, 34264,20180306,  -47,    0
  5097, 34264,20180307,-9999,    9
  5097, 34264,20180308,  -27,    0
  5097, 34264,20180309,  -45,    0
  5097, 34264,20180310,  -45,    0
  5097, 34264,20180311,  -39,    0
  5097, 34264,20180312,-9999,    9
  5097, 34264,20180313,   -2,    0
  5097, 34264,20180314,  -50,    0
  5097, 34264,20180315,  -55,    0
  5097, 34264,20180316,  -90,    0
  5097, 34264,20180317, -106,    0
  5097, 34264,20180318, -103,    0
  5097, 34264,20180319,  -26,    0
  5097, 34264,20180320,  -13,    0
  5097, 34264,20180321,    4,    0
  5097, 34264,20180322,   12,    0
  5097, 34264,20180323,   -4,    0
  5097, 34264,20180324,   21,    0
  5097, 34264,20180325,   18,    0
  5097, 34264,20180326,  -27,    0
  5097, 34264,20180327,  -61,    0
  5097, 34264,20180328,-9999,    9
  5097, 34264,20180329,  -52,    0
  5097, 34264,20180330,-9999,    9
  5097, 34264,20180331,  -47,    0
  5097, 34264,20180401,  -24,    0
  5097, 34264,20180402,  -29,    0
  5097, 34264,20180403,-9999,    9
  5097, 34264,20180404,-9999,    9
  5097, 34264,20180405,   21,    0
  5097, 34264,20180406,   27,    0
  5097, 34264,20180407,   18,    0
  5097, 34264,20180408,   24,    0
  5097, 34264,20180409,   21,    0
  5097, 34264,20180410,   26,    0
  5097, 34264,20180411,   16,    0
  5097, 34264,20180412,   31,    0
  5097, 34264,20180413,   59,    0
  5097, 34264,20180414,   67,    0
  5097, 34264,20180415,   65,    0
  5097, 34264,20180416,-9999,    9
  5097, 34264,20180417,   65,    0
  5097, 34264,20180418,   86,    0
  5097, 34264,20180419,   92,    0
  5097, 34264,20180420,   66,    0
  5097, 34264,20180421,   77,    0
  5097, 34264,20180422,   79,    0
  5097, 34264,20180423,   61,    0
  5097, 34264,20180424,   68,    0
  5097, 34264,20180425,   53,    0
  5097, 34264,20180426,   68,    0
  5097, 34264,20180427,   59,    0
  5097, 34264,20180428,   55,    0
  5097, 34264,20180429,   61,    0
  5097, 34264,20180430,   77,    0
  5097, 34264,20180501,   36,    0
  5097, 34264,20180502,-9999,    9
  5097, 34264,20180503,-9999,    9
  5097, 34264,20180504,-9999,    9
  5097, 34264,20180505,-9999,    9
  5097, 34264,20180506,-9999,    9
  5097, 34264,20180507,-9999,    9
  5097, 34264,20180508,-9999,    9
  5097, 34264,20180509,-9999,    9
  5097, 34264,20180510,-9999,    9
  5097, 34264,20180511,-9999,    9
  5097, 34264,20180512,-9999,    9
  5097, 34264,20180513,-9999,    9
  5097, 34264,20180514,-9999,    9
  5097, 34264,20180515,-9999,    9
  5097, 34264,20180516,-9999,    9
  5097, 34264,20180517,-9999,    9
  5097, 34264,20180518,-9999,    9
  5097, 34264,20180519,-9999,    9
  5097, 34264,20180520,-9999,    9
  5097, 34264,20180521,-9999,    9
  5097, 34264,20180522,-9999,    9
  5097, 34264,20180523,-9999,    9
  5097, 34264,20180524,-9999,    9
  5097, 34264,20180525,-9999,    9
  5097, 34264,20180526,-9999,    9
  5097, 34264,20180527,-9999,    9
  5097, 34264,20180528,-9999,    9
  5097, 34264,20180529,-9999,    9
  5097, 34264,20180530,-9999,    9
  5097, 34264,20180531,-9999,    9
  5097, 34264,20180601,  206,    0
  5097, 34264,20180602,  198,    0
  5097, 34264,20180603,  208,    0
  5097, 34264,20180604,  169,    0
  5097, 34264,20180605,  120,    0
  5097, 34264,20180606,  137,    0
  5097, 34264,20180607,  180,    0
  5097, 34264,20180608,  184,    0
  5097, 34264,20180609,  190,    0
  5097, 34264,20180610,  192,    0
  5097, 34264,20180611,  154,    0
  5097, 34264,20180612,  154,    0
  5097, 34264,20180613,  150,    0
  5097, 34264,20180614,  135,    0
  5097, 34264,20180615,  144,    0
  5097, 34264,20180616,  143,    0
  5097, 34264,20180617,  119,    0
  5097, 34264,20180618,  131,    0
  5097, 34264,20180619,  153,    0
  5097, 34264,20180620,  108,    0
  5097, 34264,20180621,  103,    0
  5097, 34264,20180622,  106,    0
  5097, 34264,20180623,  144,    0
  5097, 34264,20180624,  156,    0
  5097, 34264,20180625,  201,    0
  5097, 34264,20180626,  216,    0
  5097, 34264,20180627,  204,    0
  5097, 34264,20180628,  199,    0
  5097, 34264,20180629,  154,    0
  5097, 34264,20180630,  145,    0
  5097, 34264,20180701,  162,    0
  5097, 34264,20180702,  180,    0
  5097, 34264,20180703,  204,    0
  5097, 34264,20180704,  211,    0
  5097, 34264,20180705,  179,    0
  5097, 34264,20180706,  197,    0
  5097, 34264,20180707,  180,    0
  5097, 34264,20180708,  192,    0
  5097, 34264,20180709,  162,    0
  5097, 34264,20180710,-9999,    9
  5097, 34264,20180711,  215,    0
  5097, 34264,20180712,  194,    0
  5097, 34264,20180713,  205,    0
  5097, 34264,20180714,  200,    0
  5097, 34264,20180715,  199,    0
  5097, 34264,20180716,  200,    0
  5097, 34264,20180717,  214,    0
  5097, 34264,20180718,  197,    0
  5097, 34264,20180719,  210,    0
  5097, 34264,20180720,  196,    0
  5097, 34264,20180721,  185,    0
  5097, 34264,20180722,  200,    0
  5097, 34264,20180723,  217,    0
  5097, 34264,20180724,  226,    0
  5097, 34264,20180725,  220,    0
  5097, 34264,20180726,  220,    0
  5097, 34264,20180727,  223,    0
  5097, 34264,20180728,  222,    0
  5097, 34264,20180729,  206,    0
  5097, 34264,20180730,  183,    0
  5097, 34264,20180731,  219,    0
  5097, 34264,20180801,  198,    0
  5097, 34264,20180802,  180,    0
  5097, 34264,20180803,  181,    0
  5097, 34264,20180804,  194,    0
  5097, 34264,20180805,  174,    0
  5097, 34264,20180806,  154,    0
  5097, 34264,20180807,  171,    0
  5097, 34264,20180808,  168,    0
  5097, 34264,20180809,  196,    0
  5097, 34264,20180810,  152,    0
  5097, 34264,20180811,  140,    0
  5097, 34264,20180812,-9999,    9
  5097, 34264,20180813,  126,    0
  5097, 34264,20180814,  128,    0
  5097, 34264,20180815,  142,    0
  5097, 34264,20180816,  171,    0
  5097, 34264,20180817,  148,    0
  5097, 34264,20180818,  133,    0
  5097, 34264,20180819,  135,    0
  5097, 34264,20180820,  109,    0
  5097, 34264,20180821,  111,    0
  5097, 34264,20180822,  144,    0
  5097, 34264,20180823,  145,    0
  5097, 34264,20180824,  133,    0
  5097, 34264,20180825,-9999,    9
  5097, 34264,20180826,-9999,    9
  5097, 34264,20180827,-9999,    9
  5097, 34264,20180828,-9999,    9
  5097, 34264,20180829,-9999,    9
  5097, 34264,20180830,-9999,    9
  5097, 34264,20180831,-9999,    9
  5097, 34264,20180901,  140,    0
  5097, 34264,20180902,-9999,    9
  5097, 34264,20180903,-9999,    9
  5097, 34264,20180904,-9999,    9
  5097, 34264,20180905,-9999,    9
  5097, 34264,20180906,-9999,    9
  5097, 34264,20180907,-9999,    9
  5097, 34264,20180908,-9999,    9
  5097, 34264,20180909,-9999,    9
  5097, 34264,20180910,-9999,    9
  5097, 34264,20180911,-9999,    9
  5097, 34264,20180912,  110,    0
  5097, 34264,20180913,  112,    0
  5097, 34264,20180914,  115,    0
  5097, 34264,20180915,   97,    0
  5097, 34264,20180916,   84,    0
  5097, 34264,20180917,  115,    0
  5097, 34264,20180918,  154,    0
  5097, 34264,20180919,  164,    0
  5097, 34264,20180920,  129,    0
  5097, 34264,20180921,  101,    0
  5097, 34264,20180922,  110,    0
  5097, 34264,20180923,   75,    0
  5097, 34264,20180924,   40,    0
  5097, 34264,20180925,   62,    0
  5097, 34264,20180926,  127,    0
  5097, 34264,20180927,   74,    0
  5097, 34264,20180928,   32,    0
  5097, 34264,20180929,   66,    0
  5097, 34264,20180930,   73,    0
  5097, 34264,20181001,   29,    0
  5097, 34264,20181002,   29,    0
  5097, 34264,20181003,   43,    0
  5097, 34264,20181004,   47,    0
  5097, 34264,20181005,   84,    0
  5097, 34264,20181006,   45,    0
  5097, 34264,20181007,   43,    0
  5097, 34264,20181008,   91,    0
  5097, 34264,20181009,  122,    0
  5097, 34264,20181010,  127,    0
  5097, 34264,20181011,  106,    0
  5097, 34264,20181012,  101,    0
  5097, 34264,20181013,  155,    0
  5097, 34264,20181014,  146,    0
  5097, 34264,20181015,  115,    0
  5097, 34264,20181016,   59,    0
  5097, 34264,20181017,  101,    0
  5097, 34264,20181018,   52,    0
  5097, 34264,20181019,   39,    0
  5097, 34264,20181020,   43,    0
  5097, 34264,20181021,   91,    0
  5097, 34264,20181022,   66,    0
  5097, 34264,20181023,   47,    0
  5097, 34264,20181024,   16,    0
  5097, 34264,20181025,-9999,    9
  5097, 34264,20181026,    8,    0
  5097, 34264,20181027,-9999,    9
  5097, 34264,20181028,  -16,    0
  5097, 34264,20181029,  -17,    0
  5097, 34264,20181030,    9,    0
  5097, 34264,20181031,   46,    0
  5097, 34264,20181101,   32,    0
  5097, 34264,20181102,   52,    0
  5097, 34264,20181103,-9999,    9
  5097, 34264,20181104,   75,    0
  5097, 34264,20181105,   57,    0
  5097, 34264,20181106,   62,    0
  5097, 34264,20181107,   53,    0
  5097, 34264,20181108,   68,    0
  5097, 34264,20181109,   69,    0
  5097, 34264,20181110,   69,    0
  5097, 34264,20181111,   81,    0
  5097, 34264,20181112,   78,    0
  5097, 34264,20181113,   69,    0
  5097, 34264,20181114,   45,    0
  5097, 34264,20181115,   93,    0
  5097, 34264,20181116,   73,    0
  5097, 34264,20181117,   47,    0
  5097, 34264,20181118,   25,    0
  5097, 34264,20181119,   -5,    0
  5097, 34264,20181120,  -20,    0
  5097, 34264,20181121,    9,    0
  5097, 34264,20181122,  -38,    0
  5097, 34264,20181123,-9999,    9
  5097, 34264,20181124,-9999,    9
  5097, 34264,20181125,  -27,    0
  5097, 34264,20181126,  -84,    0
  5097, 34264,20181127,  -97,    0
  5097, 34264,20181128,  -74,    0
  5097, 34264,20181129,    9,    0
  5097, 34264,20181130,   57,    0
  5097, 34264,20181201,   47,    0
  5097, 34264,20181202,   35,    0
  5097, 34264,20181203,   44,    0
  5097, 34264,20181204,   10,    0
  5097, 34264,20181205,  -35,    0
  5097, 34264,20181206,  -40,    0
  5097, 34264,20181207,  -10,    0
  5097, 34264,20181208,  -10,    0
  5097, 34264,20181209,  -49,    0
  5097, 34264,20181210,  -13,    0
  5097, 34264,20181211,    6,    0
  5097, 34264,20181212,  -74,    0
  5097, 34264,20181213,  -69,    0
  5097, 34264,20181214, -111,    0
  5097, 34264,20181215,  -82,    0
  5097, 34264,20181216,  -22,    0
  5097, 34264,20181217,  -27,    0
  5097, 34264,20181218,  -50,    0
  5097, 34264,20181219,  -15,    0
  5097, 34264,20181220,    3,    0
  5097, 34264,20181221,  -20,    0
  5097, 34264,20181222,  -41,    0
  5097, 34264,20181223,  -75,    0
  5097, 34264,20181224,  -99,    0
  5097, 34264,20181225,  -61,    0
  5097, 34264,20181226,-9999,    9
  5097, 34264,20181227,  -20,    0
  5097, 34264,20181228,  -82,    0
  5097, 34264,20181229,  -41,    0
  5097, 34264,20181230,  -52,    0
  5097, 34264,20181231,   12,    0
  5097, 34264,20190101,   36,    0
  5097, 34264,20190102,  -24,    0
  5097, 34264,20190103,  -16,    0
  5097, 34264,20190104,  -10,    0
  5097, 34264,20190105,  -30,    0
  5097, 34264,20190106,  -27,    0
  5097, 34264,20190107,-9999,    9
  5097, 34264,20190108,    2,    0
  5097, 34264,20190109,  -22,    0
  5097, 34264,20190110,  -34,    0
  5097, 34264,20190111,  -49,    0
  5097, 34264,20190112,  -88,    0
  5097, 34264,20190113,  -71,    0
  5097, 34264,20190114,  -35,    0
  5097, 34264,20190115,  -77,    0
  5097, 34264,20190116,  -81,    0
  5097, 34264,20190117, -121,    0
  5097, 34264,20190118, -105,    0
  5097, 34264,20190119,  -82,    0
  5097, 34264,20190120, -122,    0
  5097, 34264,20190121,  -73,    0
  5097, 34264,20190122,  -54,    0
  5097, 34264,20190123,  -31,    0
  5097, 34264,20190124,-9999,    9
  5097, 34264,20190125,  -39,    0
  5097, 34264,20190126,  -57,    0
  5097, 34264,20190127,  -69,    0
  5097, 34264,20190128,-9999,    9
  5097, 34264,20190129, -173,    0
  5097, 34264,20190130,-9999,    9
  5097, 34264,20190131,  -79,    0
  5097, 34264,20190201,  -35,    0
  5097, 34264,20190202,  -43,    0
  5097, 34264,20190203,  -76,    0
  5097, 34264,20190204, -113,    0
  5097, 34264,20190205,  -56,    0
  5097, 34264,20190206,  -96,    0
  5097, 34264,20190207,  -41,    0
  5097, 34264,20190208,  -15,    0
  5097, 34264,20190209,   18,    0
  5097, 34264,20190210,   13,    0
  5097, 34264,20190211,  -13,    0
  5097, 34264,20190212,  -41,    0
  5097, 34264,20190213,   19,    0
  5097, 34264,20190214,    0,    0
  5097, 34264,20190215,   20,    0
  5097, 34264,20190216,   16,    0
  5097, 34264,20190217,   10,    0
  5097, 34264,20190218,   30,    0
  5097, 34264,20190219,   17,    0
  5097, 34264,20190220,  -17,    0
  5097, 34264,20190221,   -8,    0
  5097, 34264,20190222,   -2,    0
  5097, 34264,20190223,   17,    0
  5097, 34264,20190224,   21,    0
  5097, 34264,20190225,   17,    0
  5097, 34264,20190226,   31,    0
  5097, 34264,20190227,    8,    0
  5097, 34264,20190228,-9999,    9
  5097, 34264,20190301,   -7,    0
  5097, 34264,20190302,  -19,    0
  5097, 34264,20190303,   16,    0
  5097, 34264,20190304,    7,    0
  5097, 34264,20190305,  -22,    0
  5097, 34264,20190306,  -25,    0
  5097, 34264,20190307,    3,    0
  5097, 34264,20190308,   -7,    0
  5097, 34264,20190309,  -29,    0
  5097, 34264,20190310,  -52,    0
  5097, 34264,20190311,  -63,    0
  5097, 34264,20190312,  -58,    0
  5097, 34264,20190313,    4,    0
  5097, 34264,20190314,-9999,    9
  5097, 34264,20190315,   -4,    0
  5097, 34264,20190316,-9999,    9
  5097, 34264,20190317,    7,    0
  5097, 34264,20190318,   10,    0
  5097, 34264,20190319,    1,    0
  5097, 34264,20190320,   48,    0
  5097, 34264,20190321,   56,    0
  5097, 34264,20190322,   17,    0
  5097, 34264,20190323,   59,    0
  5097, 34264,20190324,-9999,    9
  5097, 34264,20190325,   23,    0
  5097, 34264,20190326,   26,    0
  5097, 34264,20190327,   33,    0
  5097, 34264,20190328,   50,    0
  5097, 34264,20190329,   83,    0
  5097, 34264,20190330,   43,    0
  5097, 34264,20190331,-9999,    9
  5097, 34264,20190401,    4,    0
  5097, 34264,20190402,   33,    0
  5097, 34264,20190403,   26,    0
  5097, 34264,20190404,   60,    0
  5097, 34264,20190405,   44,    0
  5097, 34264,20190406,   49,    0
  5097, 34264,20190407,   50,    0
  5097, 34264,20190408,   34,    0
  5097, 34264,20190409,   15,    0
  5097, 34264,20190410,   11,    0
  5097, 34264,20190411,    5,    0
  5097, 34264,20190412,    8,    0
  5097, 34264,20190413,-9999,    9
  5097, 34264,20190414,-9999,    9
  5097, 34264,20190415,-9999,    9
  5097, 34264,20190416,   34,    0
  5097, 34264,20190417,   54,    0
  5097, 34264,20190418,   71,    0
  5097, 34264,20190419,   79,    0
  5097, 34264,20190420,   97,    0
  5097, 34264,20190421,  114,    0
  5097, 34264,20190422,  107,    0
  5097, 34264,20190423,  102,    0
  5097, 34264,20190424,  133,    0
  5097, 34264,20190425,  132,    0
  5097, 34264,20190426,  140,    0
  5097, 34264,20190427,  133,    0
  5097, 34264,20190428,  129,    0
  5097, 34264,20190429,  135,    0
  5097, 34264,20190430,  154,    0
