EUROPEAN CLIMATE ASSESSMENT & DATASET (ECA&D), file created on: 13-05-2019
THESE DATA CAN BE USED FOR NON-COMMERCIAL RESEARCH AND EDUCATION PROVIDED THAT THE FOLLOWING SOURCE IS ACKNOWLEDGED: 

Klein Tank, A.M.G. and Coauthors, 2002. Daily dataset of 20th-century surface
air temperature and precipitation series for the European Climate Assessment.
Int. J. of Climatol., 22, 1441-1453.
Data and metadata available at http://www.ecad.eu

FILE FORMAT (MISSING VALUE CODE = -9999):

01-06 STAID: Station identifier
08-13 SOUID: Source identifier
15-22 DATE : Date YYYYMMDD
24-28 TG   : Mean temperature in 0.1 &#176;C
30-34 Q_TG : quality code for TG (0='valid'; 1='suspect'; 9='missing')

This is the blended series of station RANHEIM, NORWAY (STAID: 11098)
Blended and updated with sources:56789 
See files sources.txt and stations.txt for more info.

STAID, SOUID,    DATE,   TG, Q_TG
 11098, 56789,20121001,-9999,    9
 11098, 56789,20121002,-9999,    9
 11098, 56789,20121003,-9999,    9
 11098, 56789,20121004,-9999,    9
 11098, 56789,20121005,-9999,    9
 11098, 56789,20121006,-9999,    9
 11098, 56789,20121007,-9999,    9
 11098, 56789,20121008,-9999,    9
 11098, 56789,20121009,-9999,    9
 11098, 56789,20121010,-9999,    9
 11098, 56789,20121011,-9999,    9
 11098, 56789,20121012,-9999,    9
 11098, 56789,20121013,-9999,    9
 11098, 56789,20121014,-9999,    9
 11098, 56789,20121015,   50,    0
 11098, 56789,20121016,   38,    0
 11098, 56789,20121017,   59,    0
 11098, 56789,20121018,   57,    0
 11098, 56789,20121019,   57,    0
 11098, 56789,20121020,   42,    0
 11098, 56789,20121021,   59,    0
 11098, 56789,20121022,   72,    0
 11098, 56789,20121023,   91,    0
 11098, 56789,20121024,   36,    0
 11098, 56789,20121025,   -1,    0
 11098, 56789,20121026,   17,    0
 11098, 56789,20121027,    9,    0
 11098, 56789,20121028,  -21,    0
 11098, 56789,20121029,-9999,    9
 11098, 56789,20121030,-9999,    9
 11098, 56789,20121031,  -10,    0
 11098, 56789,20121101,   58,    0
 11098, 56789,20121102,   71,    0
 11098, 56789,20121103,   36,    0
 11098, 56789,20121104,    4,    0
 11098, 56789,20121105,   -1,    0
 11098, 56789,20121106,   26,    0
 11098, 56789,20121107,   30,    0
 11098, 56789,20121108,   -5,    0
 11098, 56789,20121109,    4,    0
 11098, 56789,20121110,   63,    0
 11098, 56789,20121111,   56,    0
 11098, 56789,20121112,   40,    0
 11098, 56789,20121113,   25,    0
 11098, 56789,20121114,   61,    0
 11098, 56789,20121115,   53,    0
 11098, 56789,20121116,   58,    0
 11098, 56789,20121117,   56,    0
 11098, 56789,20121118,   39,    0
 11098, 56789,20121119,   26,    0
 11098, 56789,20121120,   53,    0
 11098, 56789,20121121,   90,    0
 11098, 56789,20121122,   70,    0
 11098, 56789,20121123,-9999,    9
 11098, 56789,20121124,   24,    0
 11098, 56789,20121125,  -13,    0
 11098, 56789,20121126,  -13,    0
 11098, 56789,20121127,    1,    0
 11098, 56789,20121128,   20,    0
 11098, 56789,20121129,  -25,    0
 11098, 56789,20121130,  -45,    0
 11098, 56789,20121201,  -64,    0
 11098, 56789,20121202, -108,    0
 11098, 56789,20121203, -106,    0
 11098, 56789,20121204, -137,    0
 11098, 56789,20121205, -118,    0
 11098, 56789,20121206, -140,    0
 11098, 56789,20121207, -103,    0
 11098, 56789,20121208, -117,    0
 11098, 56789,20121209,-9999,    9
 11098, 56789,20121210,-9999,    9
 11098, 56789,20121211,  -33,    0
 11098, 56789,20121212,  -61,    0
 11098, 56789,20121213, -114,    0
 11098, 56789,20121214, -128,    0
 11098, 56789,20121215,  -24,    0
 11098, 56789,20121216,   25,    0
 11098, 56789,20121217,   19,    0
 11098, 56789,20121218,  -16,    0
 11098, 56789,20121219,   19,    0
 11098, 56789,20121220,  -12,    0
 11098, 56789,20121221,  -44,    0
 11098, 56789,20121222,  -62,    0
 11098, 56789,20121223,  -52,    0
 11098, 56789,20121224,  -41,    0
 11098, 56789,20121225,  -53,    0
 11098, 56789,20121226,  -74,    0
 11098, 56789,20121227,  -17,    0
 11098, 56789,20121228,  -20,    0
 11098, 56789,20121229,   13,    0
 11098, 56789,20121230,   37,    0
 11098, 56789,20121231,-9999,    9
 11098, 56789,20130101,   14,    0
 11098, 56789,20130102,   24,    0
 11098, 56789,20130103,   44,    0
 11098, 56789,20130104,   37,    0
 11098, 56789,20130105,   46,    0
 11098, 56789,20130106,   45,    0
 11098, 56789,20130107,   20,    0
 11098, 56789,20130108,   39,    0
 11098, 56789,20130109,   -6,    0
 11098, 56789,20130110,  -28,    0
 11098, 56789,20130111,  -66,    0
 11098, 56789,20130112,  -77,    0
 11098, 56789,20130113,  -93,    0
 11098, 56789,20130114, -109,    0
 11098, 56789,20130115, -107,    0
 11098, 56789,20130116,  -82,    0
 11098, 56789,20130117,  -86,    0
 11098, 56789,20130118,  -81,    0
 11098, 56789,20130119,  -54,    0
 11098, 56789,20130120,  -46,    0
 11098, 56789,20130121,  -85,    0
 11098, 56789,20130122, -118,    0
 11098, 56789,20130123,  -58,    0
 11098, 56789,20130124,  -47,    0
 11098, 56789,20130125,  -56,    0
 11098, 56789,20130126,  -15,    0
 11098, 56789,20130127,  -19,    0
 11098, 56789,20130128,    4,    0
 11098, 56789,20130129,  -22,    0
 11098, 56789,20130130,    9,    0
 11098, 56789,20130131,    7,    0
 11098, 56789,20130201,   -4,    0
 11098, 56789,20130202,   18,    0
 11098, 56789,20130203,  -32,    0
 11098, 56789,20130204,  -42,    0
 11098, 56789,20130205,  -26,    0
 11098, 56789,20130206,  -23,    0
 11098, 56789,20130207,  -66,    0
 11098, 56789,20130208, -135,    0
 11098, 56789,20130209, -162,    0
 11098, 56789,20130210,  -96,    0
 11098, 56789,20130211,  -45,    0
 11098, 56789,20130212,  -42,    0
 11098, 56789,20130213,  -38,    0
 11098, 56789,20130214,  -18,    0
 11098, 56789,20130215,  -12,    0
 11098, 56789,20130216,  -15,    0
 11098, 56789,20130217,   13,    0
 11098, 56789,20130218,    7,    0
 11098, 56789,20130219,  -51,    0
 11098, 56789,20130220,  -48,    0
 11098, 56789,20130221,    6,    0
 11098, 56789,20130222,   25,    0
 11098, 56789,20130223,   28,    0
 11098, 56789,20130224,   32,    0
 11098, 56789,20130225,   15,    0
 11098, 56789,20130226,   42,    0
 11098, 56789,20130227,   57,    0
 11098, 56789,20130228,   38,    0
 11098, 56789,20130301,   27,    0
 11098, 56789,20130302,   26,    0
 11098, 56789,20130303,   10,    0
 11098, 56789,20130304,   39,    0
 11098, 56789,20130305,   41,    0
 11098, 56789,20130306,   10,    0
 11098, 56789,20130307,  -13,    0
 11098, 56789,20130308,  -43,    0
 11098, 56789,20130309,  -74,    0
 11098, 56789,20130310,  -68,    0
 11098, 56789,20130311,  -11,    0
 11098, 56789,20130312,  -30,    0
 11098, 56789,20130313,  -73,    0
 11098, 56789,20130314,  -72,    0
 11098, 56789,20130315,  -41,    0
 11098, 56789,20130316,  -38,    0
 11098, 56789,20130317,   11,    0
 11098, 56789,20130318,   -9,    0
 11098, 56789,20130319,  -58,    0
 11098, 56789,20130320,  -41,    0
 11098, 56789,20130321,  -45,    0
 11098, 56789,20130322,  -51,    0
 11098, 56789,20130323,  -55,    0
 11098, 56789,20130324,   -3,    0
 11098, 56789,20130325,   10,    0
 11098, 56789,20130326,   19,    0
 11098, 56789,20130327,    7,    0
 11098, 56789,20130328,   -6,    0
 11098, 56789,20130329,  -24,    0
 11098, 56789,20130330,  -19,    0
 11098, 56789,20130331,    4,    0
 11098, 56789,20130401,   20,    0
 11098, 56789,20130402,   23,    0
 11098, 56789,20130403,   39,    0
 11098, 56789,20130404,    9,    0
 11098, 56789,20130405,   -4,    0
 11098, 56789,20130406,   -1,    0
 11098, 56789,20130407,    6,    0
 11098, 56789,20130408,    2,    0
 11098, 56789,20130409,    5,    0
 11098, 56789,20130410,    3,    0
 11098, 56789,20130411,   14,    0
 11098, 56789,20130412,   39,    0
 11098, 56789,20130413,   37,    0
 11098, 56789,20130414,   61,    0
 11098, 56789,20130415,  111,    0
 11098, 56789,20130416,   95,    0
 11098, 56789,20130417,   81,    0
 11098, 56789,20130418,   80,    0
 11098, 56789,20130419,   45,    0
 11098, 56789,20130420,   49,    0
 11098, 56789,20130421,   81,    0
 11098, 56789,20130422,   86,    0
 11098, 56789,20130423,   80,    0
 11098, 56789,20130424,   61,    0
 11098, 56789,20130425,   53,    0
 11098, 56789,20130426,   49,    0
 11098, 56789,20130427,   39,    0
 11098, 56789,20130428,   57,    0
 11098, 56789,20130429,   70,    0
 11098, 56789,20130430,   40,    0
 11098, 56789,20130501,   60,    0
 11098, 56789,20130502,   41,    0
 11098, 56789,20130503,   35,    0
 11098, 56789,20130504,   60,    0
 11098, 56789,20130505,   81,    0
 11098, 56789,20130506,   97,    0
 11098, 56789,20130507,   85,    0
 11098, 56789,20130508,  107,    0
 11098, 56789,20130509,  110,    0
 11098, 56789,20130510,   96,    0
 11098, 56789,20130511,  115,    0
 11098, 56789,20130512,  110,    0
 11098, 56789,20130513,  110,    0
 11098, 56789,20130514,   78,    0
 11098, 56789,20130515,  110,    0
 11098, 56789,20130516,  139,    0
 11098, 56789,20130517,  180,    0
 11098, 56789,20130518,  194,    0
 11098, 56789,20130519,  193,    0
 11098, 56789,20130520,  199,    0
 11098, 56789,20130521,  154,    0
 11098, 56789,20130522,   78,    0
 11098, 56789,20130523,  123,    0
 11098, 56789,20130524,  107,    0
 11098, 56789,20130525,   88,    0
 11098, 56789,20130526,  118,    0
 11098, 56789,20130527,  163,    0
 11098, 56789,20130528,  176,    0
 11098, 56789,20130529,  210,    0
 11098, 56789,20130530,  192,    0
 11098, 56789,20130531,  189,    0
 11098, 56789,20130601,  164,    0
 11098, 56789,20130602,  118,    0
 11098, 56789,20130603,   98,    0
 11098, 56789,20130604,  100,    0
 11098, 56789,20130605,  126,    0
 11098, 56789,20130606,  139,    0
 11098, 56789,20130607,  115,    0
 11098, 56789,20130608,  105,    0
 11098, 56789,20130609,  108,    0
 11098, 56789,20130610,  106,    0
 11098, 56789,20130611,  105,    0
 11098, 56789,20130612,  137,    0
 11098, 56789,20130613,  165,    0
 11098, 56789,20130614,  124,    0
 11098, 56789,20130615,  130,    0
 11098, 56789,20130616,  138,    0
 11098, 56789,20130617,  118,    0
 11098, 56789,20130618,  119,    0
 11098, 56789,20130619,  144,    0
 11098, 56789,20130620,  136,    0
 11098, 56789,20130621,  153,    0
 11098, 56789,20130622,  141,    0
 11098, 56789,20130623,  168,    0
 11098, 56789,20130624,  159,    0
 11098, 56789,20130625,  132,    0
 11098, 56789,20130626,  136,    0
 11098, 56789,20130627,  148,    0
 11098, 56789,20130628,  168,    0
 11098, 56789,20130629,  148,    0
 11098, 56789,20130630,  143,    0
 11098, 56789,20130701,  179,    0
 11098, 56789,20130702,  130,    0
 11098, 56789,20130703,  162,    0
 11098, 56789,20130704,  193,    0
 11098, 56789,20130705,  138,    0
 11098, 56789,20130706,  157,    0
 11098, 56789,20130707,  140,    0
 11098, 56789,20130708,  135,    0
 11098, 56789,20130709,  138,    0
 11098, 56789,20130710,  110,    0
 11098, 56789,20130711,  118,    0
 11098, 56789,20130712,  151,    0
 11098, 56789,20130713,  129,    0
 11098, 56789,20130714,  111,    0
 11098, 56789,20130715,  112,    0
 11098, 56789,20130716,  118,    0
 11098, 56789,20130717,  130,    0
 11098, 56789,20130718,  114,    0
 11098, 56789,20130719,  113,    0
 11098, 56789,20130720,  136,    0
 11098, 56789,20130721,  119,    0
 11098, 56789,20130722,  127,    0
 11098, 56789,20130723,  169,    0
 11098, 56789,20130724,  182,    0
 11098, 56789,20130725,  186,    0
 11098, 56789,20130726,  163,    0
 11098, 56789,20130727,  164,    0
 11098, 56789,20130728,  199,    0
 11098, 56789,20130729,  210,    0
 11098, 56789,20130730,  186,    0
 11098, 56789,20130731,  146,    0
 11098, 56789,20130801,  146,    0
 11098, 56789,20130802,  175,    0
 11098, 56789,20130803,  203,    0
 11098, 56789,20130804,  174,    0
 11098, 56789,20130805,  182,    0
 11098, 56789,20130806,  193,    0
 11098, 56789,20130807,  137,    0
 11098, 56789,20130808,  149,    0
 11098, 56789,20130809,  138,    0
 11098, 56789,20130810,  141,    0
 11098, 56789,20130811,  140,    0
 11098, 56789,20130812,  142,    0
 11098, 56789,20130813,  131,    0
 11098, 56789,20130814,  111,    0
 11098, 56789,20130815,  114,    0
 11098, 56789,20130816,  160,    0
 11098, 56789,20130817,  150,    0
 11098, 56789,20130818,  165,    0
 11098, 56789,20130819,  132,    0
 11098, 56789,20130820,  127,    0
 11098, 56789,20130821,  118,    0
 11098, 56789,20130822,  113,    0
 11098, 56789,20130823,  124,    0
 11098, 56789,20130824,  153,    0
 11098, 56789,20130825,  157,    0
 11098, 56789,20130826,  145,    0
 11098, 56789,20130827,  148,    0
 11098, 56789,20130828,  120,    0
 11098, 56789,20130829,  114,    0
 11098, 56789,20130830,  136,    0
 11098, 56789,20130831,  128,    0
 11098, 56789,20130901,  107,    0
 11098, 56789,20130902,  118,    0
 11098, 56789,20130903,  122,    0
 11098, 56789,20130904,  140,    0
 11098, 56789,20130905,  144,    0
 11098, 56789,20130906,  160,    0
 11098, 56789,20130907,  141,    0
 11098, 56789,20130908,  167,    0
 11098, 56789,20130909,  183,    0
 11098, 56789,20130910,  149,    0
 11098, 56789,20130911,  128,    0
 11098, 56789,20130912,  119,    0
 11098, 56789,20130913,  133,    0
 11098, 56789,20130914,  124,    0
 11098, 56789,20130915,  157,    0
 11098, 56789,20130916,  147,    0
 11098, 56789,20130917,  130,    0
 11098, 56789,20130918,  132,    0
 11098, 56789,20130919,  104,    0
 11098, 56789,20130920,  109,    0
 11098, 56789,20130921,   96,    0
 11098, 56789,20130922,   91,    0
 11098, 56789,20130923,   85,    0
 11098, 56789,20130924,   79,    0
 11098, 56789,20130925,   62,    0
 11098, 56789,20130926,   54,    0
 11098, 56789,20130927,   82,    0
 11098, 56789,20130928,   81,    0
 11098, 56789,20130929,   69,    0
 11098, 56789,20130930,   83,    0
 11098, 56789,20131001,   71,    0
 11098, 56789,20131002,   61,    0
 11098, 56789,20131003,   50,    0
 11098, 56789,20131004,  101,    0
 11098, 56789,20131005,  107,    0
 11098, 56789,20131006,  109,    0
 11098, 56789,20131007,  118,    0
 11098, 56789,20131008,  107,    0
 11098, 56789,20131009,   90,    0
 11098, 56789,20131010,   72,    0
 11098, 56789,20131011,   76,    0
 11098, 56789,20131012,   76,    0
 11098, 56789,20131013,   73,    0
 11098, 56789,20131014,   66,    0
 11098, 56789,20131015,   57,    0
 11098, 56789,20131016,   31,    0
 11098, 56789,20131017,   38,    0
 11098, 56789,20131018,   27,    0
 11098, 56789,20131019,   21,    0
 11098, 56789,20131020,   -3,    0
 11098, 56789,20131021,   37,    0
 11098, 56789,20131022,   59,    0
 11098, 56789,20131023,   80,    0
 11098, 56789,20131024,   90,    0
 11098, 56789,20131025,   67,    0
 11098, 56789,20131026,   83,    0
 11098, 56789,20131027,   60,    0
 11098, 56789,20131028,   64,    0
 11098, 56789,20131029,   66,    0
 11098, 56789,20131030,   45,    0
 11098, 56789,20131031,   43,    0
 11098, 56789,20131101,   58,    0
 11098, 56789,20131102,   58,    0
 11098, 56789,20131103,   60,    0
 11098, 56789,20131104,   48,    0
 11098, 56789,20131105,   46,    0
 11098, 56789,20131106,   37,    0
 11098, 56789,20131107,   -4,    0
 11098, 56789,20131108,   13,    0
 11098, 56789,20131109,   31,    0
 11098, 56789,20131110,   27,    0
 11098, 56789,20131111,   30,    0
 11098, 56789,20131112,   59,    0
 11098, 56789,20131113,   45,    0
 11098, 56789,20131114,   39,    0
 11098, 56789,20131115,   66,    0
 11098, 56789,20131116,  104,    0
 11098, 56789,20131117,   41,    0
 11098, 56789,20131118,   49,    0
 11098, 56789,20131119,   12,    0
 11098, 56789,20131120,  -39,    0
 11098, 56789,20131121,  -51,    0
 11098, 56789,20131122,   18,    0
 11098, 56789,20131123,   20,    0
 11098, 56789,20131124,   10,    0
 11098, 56789,20131125,   21,    0
 11098, 56789,20131126,   70,    0
 11098, 56789,20131127,   77,    0
 11098, 56789,20131128,   41,    0
 11098, 56789,20131129,   19,    0
 11098, 56789,20131130,   38,    0
 11098, 56789,20131201,   32,    0
 11098, 56789,20131202,   62,    0
 11098, 56789,20131203,   45,    0
 11098, 56789,20131204,   14,    0
 11098, 56789,20131205,  -28,    0
 11098, 56789,20131206,  -15,    0
 11098, 56789,20131207,  -24,    0
 11098, 56789,20131208,  -55,    0
 11098, 56789,20131209,  -26,    0
 11098, 56789,20131210,   33,    0
 11098, 56789,20131211,   63,    0
 11098, 56789,20131212,   60,    0
 11098, 56789,20131213,   18,    0
 11098, 56789,20131214,   30,    0
 11098, 56789,20131215,   52,    0
 11098, 56789,20131216,   63,    0
 11098, 56789,20131217,   41,    0
 11098, 56789,20131218,   32,    0
 11098, 56789,20131219,   68,    0
 11098, 56789,20131220,   13,    0
 11098, 56789,20131221,   33,    0
 11098, 56789,20131222,   32,    0
 11098, 56789,20131223,   15,    0
 11098, 56789,20131224,   69,    0
 11098, 56789,20131225,   69,    0
 11098, 56789,20131226,   77,    0
 11098, 56789,20131227,   48,    0
 11098, 56789,20131228,   85,    0
 11098, 56789,20131229,   58,    0
 11098, 56789,20131230,   33,    0
 11098, 56789,20131231,   59,    0
 11098, 56789,20140101,   51,    0
 11098, 56789,20140102,   60,    0
 11098, 56789,20140103,   65,    0
 11098, 56789,20140104,   62,    0
 11098, 56789,20140105,   61,    0
 11098, 56789,20140106,   62,    0
 11098, 56789,20140107,   69,    0
 11098, 56789,20140108,   19,    0
 11098, 56789,20140109,    5,    0
 11098, 56789,20140110,  -45,    0
 11098, 56789,20140111, -101,    0
 11098, 56789,20140112, -115,    0
 11098, 56789,20140113,  -96,    0
 11098, 56789,20140114,  -45,    0
 11098, 56789,20140115,  -49,    0
 11098, 56789,20140116,  -38,    0
 11098, 56789,20140117,  -46,    0
 11098, 56789,20140118,  -43,    0
 11098, 56789,20140119,  -30,    0
 11098, 56789,20140120,  -39,    0
 11098, 56789,20140121,  -70,    0
 11098, 56789,20140122,  -53,    0
 11098, 56789,20140123,  -31,    0
 11098, 56789,20140124,  -30,    0
 11098, 56789,20140125,   -9,    0
 11098, 56789,20140126,  -22,    0
 11098, 56789,20140127,  -22,    0
 11098, 56789,20140128,    2,    0
 11098, 56789,20140129,  -17,    0
 11098, 56789,20140130,  -35,    0
 11098, 56789,20140131,  -18,    0
 11098, 56789,20140201,  -12,    0
 11098, 56789,20140202,   58,    0
 11098, 56789,20140203,   66,    0
 11098, 56789,20140204,   30,    0
 11098, 56789,20140205,   19,    0
 11098, 56789,20140206,   15,    0
 11098, 56789,20140207,   32,    0
 11098, 56789,20140208,   41,    0
 11098, 56789,20140209,   64,    0
 11098, 56789,20140210,   73,    0
 11098, 56789,20140211,   36,    0
 11098, 56789,20140212,   38,    0
 11098, 56789,20140213,   39,    0
 11098, 56789,20140214,   58,    0
 11098, 56789,20140215,   54,    0
 11098, 56789,20140216,   55,    0
 11098, 56789,20140217,   35,    0
 11098, 56789,20140218,   22,    0
 11098, 56789,20140219,    5,    0
 11098, 56789,20140220,   -9,    0
 11098, 56789,20140221,   25,    0
 11098, 56789,20140222,   47,    0
 11098, 56789,20140223,   84,    0
 11098, 56789,20140224,   94,    0
 11098, 56789,20140225,   68,    0
 11098, 56789,20140226,   70,    0
 11098, 56789,20140227,   68,    0
 11098, 56789,20140228,   64,    0
 11098, 56789,20140301,   59,    0
 11098, 56789,20140302,   36,    0
 11098, 56789,20140303,   52,    0
 11098, 56789,20140304,   53,    0
 11098, 56789,20140305,   74,    0
 11098, 56789,20140306,   82,    0
 11098, 56789,20140307,   59,    0
 11098, 56789,20140308,   46,    0
 11098, 56789,20140309,   79,    0
 11098, 56789,20140310,   50,    0
 11098, 56789,20140311,   67,    0
 11098, 56789,20140312,   82,    0
 11098, 56789,20140313,   73,    0
 11098, 56789,20140314,   35,    0
 11098, 56789,20140315,    0,    0
 11098, 56789,20140316,    6,    0
 11098, 56789,20140317,    9,    0
 11098, 56789,20140318,  -16,    0
 11098, 56789,20140319,  -40,    0
 11098, 56789,20140320,   16,    0
 11098, 56789,20140321,   48,    0
 11098, 56789,20140322,   61,    0
 11098, 56789,20140323,   44,    0
 11098, 56789,20140324,   26,    0
 11098, 56789,20140325,   32,    0
 11098, 56789,20140326,   39,    0
 11098, 56789,20140327,   28,    0
 11098, 56789,20140328,   38,    0
 11098, 56789,20140329,   41,    0
 11098, 56789,20140330,   35,    0
 11098, 56789,20140331,   37,    0
 11098, 56789,20140401,   29,    0
 11098, 56789,20140402,   21,    0
 11098, 56789,20140403,   29,    0
 11098, 56789,20140404,   27,    0
 11098, 56789,20140405,   33,    0
 11098, 56789,20140406,   56,    0
 11098, 56789,20140407,   68,    0
 11098, 56789,20140408,   68,    0
 11098, 56789,20140409,   66,    0
 11098, 56789,20140410,   64,    0
 11098, 56789,20140411,   62,    0
 11098, 56789,20140412,   64,    0
 11098, 56789,20140413,   55,    0
 11098, 56789,20140414,   42,    0
 11098, 56789,20140415,   32,    0
 11098, 56789,20140416,   70,    0
 11098, 56789,20140417,   63,    0
 11098, 56789,20140418,   60,    0
 11098, 56789,20140419,   69,    0
 11098, 56789,20140420,  101,    0
 11098, 56789,20140421,   79,    0
 11098, 56789,20140422,   67,    0
 11098, 56789,20140423,   94,    0
 11098, 56789,20140424,  105,    0
 11098, 56789,20140425,   93,    0
 11098, 56789,20140426,   88,    0
 11098, 56789,20140427,   90,    0
 11098, 56789,20140428,   71,    0
 11098, 56789,20140429,   40,    0
 11098, 56789,20140430,   30,    0
 11098, 56789,20140501,   28,    0
 11098, 56789,20140502,   34,    0
 11098, 56789,20140503,   34,    0
 11098, 56789,20140504,   44,    0
 11098, 56789,20140505,   70,    0
 11098, 56789,20140506,   91,    0
 11098, 56789,20140507,   74,    0
 11098, 56789,20140508,   75,    0
 11098, 56789,20140509,   94,    0
 11098, 56789,20140510,   78,    0
 11098, 56789,20140511,   99,    0
 11098, 56789,20140512,   96,    0
 11098, 56789,20140513,   70,    0
 11098, 56789,20140514,   59,    0
 11098, 56789,20140515,   87,    0
 11098, 56789,20140516,  111,    0
 11098, 56789,20140517,  110,    0
 11098, 56789,20140518,  141,    0
 11098, 56789,20140519,  177,    0
 11098, 56789,20140520,  164,    0
 11098, 56789,20140521,  173,    0
 11098, 56789,20140522,  181,    0
 11098, 56789,20140523,  147,    0
 11098, 56789,20140524,  104,    0
 11098, 56789,20140525,  105,    0
 11098, 56789,20140526,  111,    0
 11098, 56789,20140527,  121,    0
 11098, 56789,20140528,  156,    0
 11098, 56789,20140529,  157,    0
 11098, 56789,20140530,  115,    0
 11098, 56789,20140531,   99,    0
 11098, 56789,20140601,  116,    0
 11098, 56789,20140602,  159,    0
 11098, 56789,20140603,  190,    0
 11098, 56789,20140604,  180,    0
 11098, 56789,20140605,  192,    0
 11098, 56789,20140606,  188,    0
 11098, 56789,20140607,  155,    0
 11098, 56789,20140608,  159,    0
 11098, 56789,20140609,  141,    0
 11098, 56789,20140610,  168,    0
 11098, 56789,20140611,  171,    0
 11098, 56789,20140612,  132,    0
 11098, 56789,20140613,  101,    0
 11098, 56789,20140614,  111,    0
 11098, 56789,20140615,  106,    0
 11098, 56789,20140616,   96,    0
 11098, 56789,20140617,  109,    0
 11098, 56789,20140618,  108,    0
 11098, 56789,20140619,  100,    0
 11098, 56789,20140620,   79,    0
 11098, 56789,20140621,   76,    1
 11098, 56789,20140622,  100,    0
 11098, 56789,20140623,   99,    0
 11098, 56789,20140624,  103,    0
 11098, 56789,20140625,   98,    0
 11098, 56789,20140626,  101,    0
 11098, 56789,20140627,  127,    0
 11098, 56789,20140628,  137,    0
 11098, 56789,20140629,  113,    0
 11098, 56789,20140630,  144,    0
 11098, 56789,20140701,  135,    0
 11098, 56789,20140702,  152,    0
 11098, 56789,20140703,  134,    0
 11098, 56789,20140704,  186,    0
 11098, 56789,20140705,  234,    0
 11098, 56789,20140706,  232,    0
 11098, 56789,20140707,  218,    0
 11098, 56789,20140708,  155,    0
 11098, 56789,20140709,  242,    0
 11098, 56789,20140710,  226,    0
 11098, 56789,20140711,  223,    0
 11098, 56789,20140712,  221,    0
 11098, 56789,20140713,  228,    0
 11098, 56789,20140714,  217,    0
 11098, 56789,20140715,  164,    0
 11098, 56789,20140716,  159,    0
 11098, 56789,20140717,  166,    0
 11098, 56789,20140718,  159,    0
 11098, 56789,20140719,  189,    0
 11098, 56789,20140720,  243,    0
 11098, 56789,20140721,  238,    0
 11098, 56789,20140722,  235,    0
 11098, 56789,20140723,  224,    0
 11098, 56789,20140724,  203,    0
 11098, 56789,20140725,  190,    0
 11098, 56789,20140726,  184,    0
 11098, 56789,20140727,  214,    0
 11098, 56789,20140728,  194,    0
 11098, 56789,20140729,  187,    0
 11098, 56789,20140730,  162,    0
 11098, 56789,20140731,  160,    0
 11098, 56789,20140801,  141,    0
 11098, 56789,20140802,  198,    0
 11098, 56789,20140803,  231,    0
 11098, 56789,20140804,  212,    0
 11098, 56789,20140805,  171,    0
 11098, 56789,20140806,  156,    0
 11098, 56789,20140807,  182,    0
 11098, 56789,20140808,  176,    0
 11098, 56789,20140809,  202,    0
 11098, 56789,20140810,  201,    0
 11098, 56789,20140811,  172,    0
 11098, 56789,20140812,  186,    0
 11098, 56789,20140813,  156,    0
 11098, 56789,20140814,  143,    0
 11098, 56789,20140815,  137,    0
 11098, 56789,20140816,  131,    0
 11098, 56789,20140817,  130,    0
 11098, 56789,20140818,  123,    0
 11098, 56789,20140819,  135,    0
 11098, 56789,20140820,  142,    0
 11098, 56789,20140821,  130,    0
 11098, 56789,20140822,  124,    0
 11098, 56789,20140823,  132,    0
 11098, 56789,20140824,  144,    0
 11098, 56789,20140825,  139,    0
 11098, 56789,20140826,  141,    0
 11098, 56789,20140827,  119,    0
 11098, 56789,20140828,  122,    0
 11098, 56789,20140829,  161,    0
 11098, 56789,20140830,  167,    0
 11098, 56789,20140831,  165,    0
 11098, 56789,20140901,  143,    0
 11098, 56789,20140902,  141,    0
 11098, 56789,20140903,  151,    0
 11098, 56789,20140904,  148,    0
 11098, 56789,20140905,  142,    0
 11098, 56789,20140906,  158,    0
 11098, 56789,20140907,  180,    0
 11098, 56789,20140908,  176,    0
 11098, 56789,20140909,  136,    0
 11098, 56789,20140910,  133,    0
 11098, 56789,20140911,  123,    0
 11098, 56789,20140912,  128,    0
 11098, 56789,20140913,  125,    0
 11098, 56789,20140914,  137,    0
 11098, 56789,20140915,  110,    0
 11098, 56789,20140916,  111,    0
 11098, 56789,20140917,  105,    0
 11098, 56789,20140918,  101,    0
 11098, 56789,20140919,  118,    0
 11098, 56789,20140920,  112,    0
 11098, 56789,20140921,  103,    0
 11098, 56789,20140922,   82,    0
 11098, 56789,20140923,   73,    0
 11098, 56789,20140924,   65,    1
 11098, 56789,20140925,   99,    0
 11098, 56789,20140926,  115,    0
 11098, 56789,20140927,  102,    0
 11098, 56789,20140928,  119,    1
 11098, 56789,20140929,   95,    0
 11098, 56789,20140930,   88,    0
 11098, 56789,20141001,  118,    0
 11098, 56789,20141002,   97,    0
 11098, 56789,20141003,  135,    0
 11098, 56789,20141004,  152,    0
 11098, 56789,20141005,  158,    0
 11098, 56789,20141006,  122,    0
 11098, 56789,20141007,   89,    0
 11098, 56789,20141008,   93,    0
 11098, 56789,20141009,   73,    0
 11098, 56789,20141010,   81,    0
 11098, 56789,20141011,   79,    0
 11098, 56789,20141012,   68,    0
 11098, 56789,20141013,   81,    0
 11098, 56789,20141014,   66,    0
 11098, 56789,20141015,   50,    0
 11098, 56789,20141016,   45,    0
 11098, 56789,20141017,   25,    0
 11098, 56789,20141018,   37,    0
 11098, 56789,20141019,   72,    0
 11098, 56789,20141020,   61,    0
 11098, 56789,20141021,   81,    0
 11098, 56789,20141022,   68,    0
 11098, 56789,20141023,   81,    0
 11098, 56789,20141024,  102,    0
 11098, 56789,20141025,   88,    0
 11098, 56789,20141026,   88,    0
 11098, 56789,20141027,   81,    0
 11098, 56789,20141028,   74,    0
 11098, 56789,20141029,   52,    0
 11098, 56789,20141030,   48,    0
 11098, 56789,20141031,   42,    0
 11098, 56789,20141101,   94,    0
 11098, 56789,20141102,   88,    0
 11098, 56789,20141103,   75,    0
 11098, 56789,20141104,   40,    0
 11098, 56789,20141105,    3,    0
 11098, 56789,20141106,   17,    0
 11098, 56789,20141107,   26,    0
 11098, 56789,20141108,   73,    0
 11098, 56789,20141109,   82,    0
 11098, 56789,20141110,  102,    0
 11098, 56789,20141111,   68,    0
 11098, 56789,20141112,   43,    0
 11098, 56789,20141113,   71,    0
 11098, 56789,20141114,   79,    0
 11098, 56789,20141115,   77,    0
 11098, 56789,20141116,   58,    0
 11098, 56789,20141117,   35,    0
 11098, 56789,20141118,    5,    0
 11098, 56789,20141119,  -17,    0
 11098, 56789,20141120,   14,    0
 11098, 56789,20141121,  -18,    0
 11098, 56789,20141122,  -33,    0
 11098, 56789,20141123,   56,    0
 11098, 56789,20141124,   58,    0
 11098, 56789,20141125,   65,    0
 11098, 56789,20141126,   22,    0
 11098, 56789,20141127,   20,    0
 11098, 56789,20141128,   -4,    0
 11098, 56789,20141129,   14,    0
 11098, 56789,20141130,    3,    0
 11098, 56789,20141201,   18,    0
 11098, 56789,20141202,   41,    0
 11098, 56789,20141203,   79,    0
 11098, 56789,20141204,   67,    0
 11098, 56789,20141205,   33,    0
 11098, 56789,20141206,   26,    0
 11098, 56789,20141207,   24,    0
 11098, 56789,20141208,   21,    0
 11098, 56789,20141209,   24,    0
 11098, 56789,20141210,   39,    0
 11098, 56789,20141211,   44,    0
 11098, 56789,20141212,   11,    0
 11098, 56789,20141213,   -7,    0
 11098, 56789,20141214,   15,    0
 11098, 56789,20141215,   27,    0
 11098, 56789,20141216,  -39,    0
 11098, 56789,20141217,  -73,    0
 11098, 56789,20141218,  -14,    0
 11098, 56789,20141219,  -25,    0
 11098, 56789,20141220,   17,    0
 11098, 56789,20141221,    4,    0
 11098, 56789,20141222,    8,    0
 11098, 56789,20141223,   12,    0
 11098, 56789,20141224,  -77,    0
 11098, 56789,20141225,  -76,    0
 11098, 56789,20141226,  -14,    0
 11098, 56789,20141227,  -46,    0
 11098, 56789,20141228,  -42,    0
 11098, 56789,20141229,   30,    0
 11098, 56789,20141230,   69,    0
 11098, 56789,20141231,   74,    0
 11098, 56789,20150101,   38,    0
 11098, 56789,20150102,   26,    0
 11098, 56789,20150103,   12,    0
 11098, 56789,20150104,    8,    0
 11098, 56789,20150105,    8,    0
 11098, 56789,20150106,   29,    0
 11098, 56789,20150107,   34,    0
 11098, 56789,20150108,   42,    0
 11098, 56789,20150109,   -6,    0
 11098, 56789,20150110,  -20,    0
 11098, 56789,20150111,  -70,    0
 11098, 56789,20150112,  -40,    0
 11098, 56789,20150113,   22,    0
 11098, 56789,20150114,   18,    0
 11098, 56789,20150115,   33,    0
 11098, 56789,20150116,   36,    0
 11098, 56789,20150117,   34,    0
 11098, 56789,20150118,   18,    0
 11098, 56789,20150119,   -7,    0
 11098, 56789,20150120,   -9,    0
 11098, 56789,20150121,    3,    0
 11098, 56789,20150122,  -35,    0
 11098, 56789,20150123,  -71,    0
 11098, 56789,20150124,    2,    0
 11098, 56789,20150125,   12,    0
 11098, 56789,20150126,   39,    0
 11098, 56789,20150127,   36,    0
 11098, 56789,20150128,   41,    0
 11098, 56789,20150129,   38,    0
 11098, 56789,20150130,   25,    0
 11098, 56789,20150131,   -2,    0
 11098, 56789,20150201,  -30,    0
 11098, 56789,20150202,  -38,    0
 11098, 56789,20150203,  -33,    0
 11098, 56789,20150204,  -26,    0
 11098, 56789,20150205,    5,    0
 11098, 56789,20150206,   62,    0
 11098, 56789,20150207,   13,    0
 11098, 56789,20150208,   27,    0
 11098, 56789,20150209,   65,    0
 11098, 56789,20150210,   73,    0
 11098, 56789,20150211,   77,    0
 11098, 56789,20150212,   17,    0
 11098, 56789,20150213,   -8,    0
 11098, 56789,20150214,   -7,    0
 11098, 56789,20150215,   29,    0
 11098, 56789,20150216,   22,    0
 11098, 56789,20150217,   34,    0
 11098, 56789,20150218,   28,    0
 11098, 56789,20150219,   74,    0
 11098, 56789,20150220,   37,    0
 11098, 56789,20150221,   33,    0
 11098, 56789,20150222,   11,    0
 11098, 56789,20150223,   34,    0
 11098, 56789,20150224,   47,    0
 11098, 56789,20150225,   40,    0
 11098, 56789,20150226,   41,    0
 11098, 56789,20150227,   65,    0
 11098, 56789,20150228,   56,    0
 11098, 56789,20150301,   62,    0
 11098, 56789,20150302,   49,    0
 11098, 56789,20150303,    6,    0
 11098, 56789,20150304,   22,    0
 11098, 56789,20150305,   34,    0
 11098, 56789,20150306,   57,    0
 11098, 56789,20150307,   79,    0
 11098, 56789,20150308,   41,    0
 11098, 56789,20150309,   33,    0
 11098, 56789,20150310,   54,    0
 11098, 56789,20150311,   49,    0
 11098, 56789,20150312,   69,    0
 11098, 56789,20150313,   76,    0
 11098, 56789,20150314,   45,    0
 11098, 56789,20150315,   33,    0
 11098, 56789,20150316,   69,    0
 11098, 56789,20150317,   71,    0
 11098, 56789,20150318,   48,    0
 11098, 56789,20150319,   47,    0
 11098, 56789,20150320,   13,    0
 11098, 56789,20150321,   -2,    0
 11098, 56789,20150322,   40,    0
 11098, 56789,20150323,   62,    0
 11098, 56789,20150324,   28,    0
 11098, 56789,20150325,   18,    0
 11098, 56789,20150326,   17,    0
 11098, 56789,20150327,   35,    0
 11098, 56789,20150328,   55,    0
 11098, 56789,20150329,   60,    0
 11098, 56789,20150330,   33,    0
 11098, 56789,20150331,   16,    0
 11098, 56789,20150401,   24,    0
 11098, 56789,20150402,   35,    0
 11098, 56789,20150403,   26,    0
 11098, 56789,20150404,   22,    0
 11098, 56789,20150405,   14,    0
 11098, 56789,20150406,   71,    0
 11098, 56789,20150407,   70,    0
 11098, 56789,20150408,-9999,    9
 11098, 56789,20150409,-9999,    9
 11098, 56789,20150410,   65,    0
 11098, 56789,20150411,   73,    0
 11098, 56789,20150412,   54,    0
 11098, 56789,20150413,   32,    0
 11098, 56789,20150414,   30,    0
 11098, 56789,20150415,-9999,    9
 11098, 56789,20150416,-9999,    9
 11098, 56789,20150417,-9999,    9
 11098, 56789,20150418,-9999,    9
 11098, 56789,20150419,-9999,    9
 11098, 56789,20150420,-9999,    9
 11098, 56789,20150421,-9999,    9
 11098, 56789,20150422,-9999,    9
 11098, 56789,20150423,-9999,    9
 11098, 56789,20150424,-9999,    9
 11098, 56789,20150425,-9999,    9
 11098, 56789,20150426,-9999,    9
 11098, 56789,20150427,-9999,    9
 11098, 56789,20150428,-9999,    9
 11098, 56789,20150429,-9999,    9
 11098, 56789,20150430,-9999,    9
 11098, 56789,20150501,-9999,    9
 11098, 56789,20150502,-9999,    9
 11098, 56789,20150503,-9999,    9
 11098, 56789,20150504,-9999,    9
 11098, 56789,20150505,-9999,    9
 11098, 56789,20150506,-9999,    9
 11098, 56789,20150507,-9999,    9
 11098, 56789,20150508,-9999,    9
 11098, 56789,20150509,-9999,    9
 11098, 56789,20150510,-9999,    9
 11098, 56789,20150511,-9999,    9
 11098, 56789,20150512,-9999,    9
 11098, 56789,20150513,-9999,    9
 11098, 56789,20150514,-9999,    9
 11098, 56789,20150515,-9999,    9
 11098, 56789,20150516,-9999,    9
 11098, 56789,20150517,-9999,    9
 11098, 56789,20150518,-9999,    9
 11098, 56789,20150519,-9999,    9
 11098, 56789,20150520,-9999,    9
 11098, 56789,20150521,-9999,    9
 11098, 56789,20150522,-9999,    9
 11098, 56789,20150523,-9999,    9
 11098, 56789,20150524,-9999,    9
 11098, 56789,20150525,-9999,    9
 11098, 56789,20150526,-9999,    9
 11098, 56789,20150527,-9999,    9
 11098, 56789,20150528,-9999,    9
 11098, 56789,20150529,-9999,    9
 11098, 56789,20150530,-9999,    9
 11098, 56789,20150531,-9999,    9
 11098, 56789,20150601,-9999,    9
 11098, 56789,20150602,-9999,    9
 11098, 56789,20150603,-9999,    9
 11098, 56789,20150604,-9999,    9
 11098, 56789,20150605,-9999,    9
 11098, 56789,20150606,-9999,    9
 11098, 56789,20150607,-9999,    9
 11098, 56789,20150608,-9999,    9
 11098, 56789,20150609,-9999,    9
 11098, 56789,20150610,-9999,    9
 11098, 56789,20150611,-9999,    9
 11098, 56789,20150612,-9999,    9
 11098, 56789,20150613,-9999,    9
 11098, 56789,20150614,-9999,    9
 11098, 56789,20150615,-9999,    9
 11098, 56789,20150616,-9999,    9
 11098, 56789,20150617,-9999,    9
 11098, 56789,20150618,-9999,    9
 11098, 56789,20150619,-9999,    9
 11098, 56789,20150620,-9999,    9
 11098, 56789,20150621,-9999,    9
 11098, 56789,20150622,-9999,    9
 11098, 56789,20150623,-9999,    9
 11098, 56789,20150624,-9999,    9
 11098, 56789,20150625,-9999,    9
 11098, 56789,20150626,-9999,    9
 11098, 56789,20150627,-9999,    9
 11098, 56789,20150628,-9999,    9
 11098, 56789,20150629,-9999,    9
 11098, 56789,20150630,-9999,    9
 11098, 56789,20150701,-9999,    9
 11098, 56789,20150702,-9999,    9
 11098, 56789,20150703,-9999,    9
 11098, 56789,20150704,-9999,    9
 11098, 56789,20150705,-9999,    9
 11098, 56789,20150706,-9999,    9
 11098, 56789,20150707,-9999,    9
 11098, 56789,20150708,-9999,    9
 11098, 56789,20150709,-9999,    9
 11098, 56789,20150710,-9999,    9
 11098, 56789,20150711,-9999,    9
 11098, 56789,20150712,-9999,    9
 11098, 56789,20150713,-9999,    9
 11098, 56789,20150714,-9999,    9
 11098, 56789,20150715,-9999,    9
 11098, 56789,20150716,-9999,    9
 11098, 56789,20150717,-9999,    9
 11098, 56789,20150718,-9999,    9
 11098, 56789,20150719,-9999,    9
 11098, 56789,20150720,-9999,    9
 11098, 56789,20150721,-9999,    9
 11098, 56789,20150722,-9999,    9
 11098, 56789,20150723,-9999,    9
 11098, 56789,20150724,-9999,    9
 11098, 56789,20150725,-9999,    9
 11098, 56789,20150726,-9999,    9
 11098, 56789,20150727,-9999,    9
 11098, 56789,20150728,-9999,    9
 11098, 56789,20150729,-9999,    9
 11098, 56789,20150730,-9999,    9
 11098, 56789,20150731,-9999,    9
 11098, 56789,20150801,-9999,    9
 11098, 56789,20150802,-9999,    9
 11098, 56789,20150803,-9999,    9
 11098, 56789,20150804,-9999,    9
 11098, 56789,20150805,-9999,    9
 11098, 56789,20150806,-9999,    9
 11098, 56789,20150807,-9999,    9
 11098, 56789,20150808,-9999,    9
 11098, 56789,20150809,-9999,    9
 11098, 56789,20150810,-9999,    9
 11098, 56789,20150811,-9999,    9
 11098, 56789,20150812,-9999,    9
 11098, 56789,20150813,-9999,    9
 11098, 56789,20150814,-9999,    9
 11098, 56789,20150815,-9999,    9
 11098, 56789,20150816,-9999,    9
 11098, 56789,20150817,-9999,    9
 11098, 56789,20150818,-9999,    9
 11098, 56789,20150819,-9999,    9
 11098, 56789,20150820,-9999,    9
 11098, 56789,20150821,-9999,    9
 11098, 56789,20150822,-9999,    9
 11098, 56789,20150823,-9999,    9
 11098, 56789,20150824,-9999,    9
 11098, 56789,20150825,-9999,    9
 11098, 56789,20150826,-9999,    9
 11098, 56789,20150827,-9999,    9
 11098, 56789,20150828,-9999,    9
 11098, 56789,20150829,-9999,    9
 11098, 56789,20150830,-9999,    9
 11098, 56789,20150831,-9999,    9
 11098, 56789,20150901,-9999,    9
 11098, 56789,20150902,-9999,    9
 11098, 56789,20150903,-9999,    9
 11098, 56789,20150904,-9999,    9
 11098, 56789,20150905,-9999,    9
 11098, 56789,20150906,-9999,    9
 11098, 56789,20150907,-9999,    9
 11098, 56789,20150908,-9999,    9
 11098, 56789,20150909,-9999,    9
 11098, 56789,20150910,-9999,    9
 11098, 56789,20150911,-9999,    9
 11098, 56789,20150912,-9999,    9
 11098, 56789,20150913,-9999,    9
 11098, 56789,20150914,-9999,    9
 11098, 56789,20150915,-9999,    9
 11098, 56789,20150916,-9999,    9
 11098, 56789,20150917,-9999,    9
 11098, 56789,20150918,-9999,    9
 11098, 56789,20150919,-9999,    9
 11098, 56789,20150920,-9999,    9
 11098, 56789,20150921,-9999,    9
 11098, 56789,20150922,-9999,    9
 11098, 56789,20150923,-9999,    9
 11098, 56789,20150924,-9999,    9
 11098, 56789,20150925,-9999,    9
 11098, 56789,20150926,-9999,    9
 11098, 56789,20150927,-9999,    9
 11098, 56789,20150928,-9999,    9
 11098, 56789,20150929,-9999,    9
 11098, 56789,20150930,-9999,    9
 11098, 56789,20151001,-9999,    9
 11098, 56789,20151002,-9999,    9
 11098, 56789,20151003,-9999,    9
 11098, 56789,20151004,-9999,    9
 11098, 56789,20151005,-9999,    9
 11098, 56789,20151006,-9999,    9
 11098, 56789,20151007,-9999,    9
 11098, 56789,20151008,-9999,    9
 11098, 56789,20151009,-9999,    9
 11098, 56789,20151010,-9999,    9
 11098, 56789,20151011,-9999,    9
 11098, 56789,20151012,-9999,    9
 11098, 56789,20151013,-9999,    9
 11098, 56789,20151014,-9999,    9
 11098, 56789,20151015,-9999,    9
 11098, 56789,20151016,-9999,    9
 11098, 56789,20151017,-9999,    9
 11098, 56789,20151018,-9999,    9
 11098, 56789,20151019,-9999,    9
 11098, 56789,20151020,-9999,    9
 11098, 56789,20151021,-9999,    9
 11098, 56789,20151022,-9999,    9
 11098, 56789,20151023,-9999,    9
 11098, 56789,20151024,-9999,    9
 11098, 56789,20151025,-9999,    9
 11098, 56789,20151026,-9999,    9
 11098, 56789,20151027,-9999,    9
 11098, 56789,20151028,-9999,    9
 11098, 56789,20151029,-9999,    9
 11098, 56789,20151030,-9999,    9
 11098, 56789,20151031,-9999,    9
 11098, 56789,20151101,-9999,    9
 11098, 56789,20151102,-9999,    9
 11098, 56789,20151103,-9999,    9
 11098, 56789,20151104,-9999,    9
 11098, 56789,20151105,-9999,    9
 11098, 56789,20151106,-9999,    9
 11098, 56789,20151107,-9999,    9
 11098, 56789,20151108,-9999,    9
 11098, 56789,20151109,-9999,    9
 11098, 56789,20151110,-9999,    9
 11098, 56789,20151111,-9999,    9
 11098, 56789,20151112,-9999,    9
 11098, 56789,20151113,-9999,    9
 11098, 56789,20151114,-9999,    9
 11098, 56789,20151115,-9999,    9
 11098, 56789,20151116,-9999,    9
 11098, 56789,20151117,-9999,    9
 11098, 56789,20151118,-9999,    9
 11098, 56789,20151119,-9999,    9
 11098, 56789,20151120,-9999,    9
 11098, 56789,20151121,-9999,    9
 11098, 56789,20151122,-9999,    9
 11098, 56789,20151123,-9999,    9
 11098, 56789,20151124,-9999,    9
 11098, 56789,20151125,-9999,    9
 11098, 56789,20151126,-9999,    9
 11098, 56789,20151127,-9999,    9
 11098, 56789,20151128,-9999,    9
 11098, 56789,20151129,-9999,    9
 11098, 56789,20151130,-9999,    9
 11098, 56789,20151201,-9999,    9
 11098, 56789,20151202,-9999,    9
 11098, 56789,20151203,-9999,    9
 11098, 56789,20151204,-9999,    9
 11098, 56789,20151205,-9999,    9
 11098, 56789,20151206,-9999,    9
 11098, 56789,20151207,-9999,    9
 11098, 56789,20151208,-9999,    9
 11098, 56789,20151209,-9999,    9
 11098, 56789,20151210,-9999,    9
 11098, 56789,20151211,-9999,    9
 11098, 56789,20151212,-9999,    9
 11098, 56789,20151213,-9999,    9
 11098, 56789,20151214,-9999,    9
 11098, 56789,20151215,-9999,    9
 11098, 56789,20151216,-9999,    9
 11098, 56789,20151217,-9999,    9
 11098, 56789,20151218,-9999,    9
 11098, 56789,20151219,-9999,    9
 11098, 56789,20151220,-9999,    9
 11098, 56789,20151221,-9999,    9
 11098, 56789,20151222,-9999,    9
 11098, 56789,20151223,-9999,    9
 11098, 56789,20151224,-9999,    9
 11098, 56789,20151225,-9999,    9
 11098, 56789,20151226,-9999,    9
 11098, 56789,20151227,-9999,    9
 11098, 56789,20151228,-9999,    9
 11098, 56789,20151229,-9999,    9
 11098, 56789,20151230,-9999,    9
 11098, 56789,20151231,-9999,    9
 11098, 56789,20160101,-9999,    9
 11098, 56789,20160102,-9999,    9
 11098, 56789,20160103,-9999,    9
 11098, 56789,20160104,-9999,    9
 11098, 56789,20160105,-9999,    9
 11098, 56789,20160106,-9999,    9
 11098, 56789,20160107,-9999,    9
 11098, 56789,20160108,-9999,    9
 11098, 56789,20160109,-9999,    9
 11098, 56789,20160110,-9999,    9
 11098, 56789,20160111,-9999,    9
 11098, 56789,20160112,-9999,    9
 11098, 56789,20160113,-9999,    9
 11098, 56789,20160114,-9999,    9
 11098, 56789,20160115,-9999,    9
 11098, 56789,20160116,-9999,    9
 11098, 56789,20160117,-9999,    9
 11098, 56789,20160118,-9999,    9
 11098, 56789,20160119,-9999,    9
 11098, 56789,20160120,-9999,    9
 11098, 56789,20160121,-9999,    9
 11098, 56789,20160122,-9999,    9
 11098, 56789,20160123,-9999,    9
 11098, 56789,20160124,-9999,    9
 11098, 56789,20160125,-9999,    9
 11098, 56789,20160126,-9999,    9
 11098, 56789,20160127,-9999,    9
 11098, 56789,20160128,-9999,    9
 11098, 56789,20160129,-9999,    9
 11098, 56789,20160130,-9999,    9
 11098, 56789,20160131,-9999,    9
 11098, 56789,20160201,-9999,    9
 11098, 56789,20160202,-9999,    9
 11098, 56789,20160203,-9999,    9
 11098, 56789,20160204,-9999,    9
 11098, 56789,20160205,-9999,    9
 11098, 56789,20160206,-9999,    9
 11098, 56789,20160207,-9999,    9
 11098, 56789,20160208,-9999,    9
 11098, 56789,20160209,-9999,    9
 11098, 56789,20160210,-9999,    9
 11098, 56789,20160211,-9999,    9
 11098, 56789,20160212,-9999,    9
 11098, 56789,20160213,-9999,    9
 11098, 56789,20160214,-9999,    9
 11098, 56789,20160215,-9999,    9
 11098, 56789,20160216,-9999,    9
 11098, 56789,20160217,-9999,    9
 11098, 56789,20160218,-9999,    9
 11098, 56789,20160219,-9999,    9
 11098, 56789,20160220,-9999,    9
 11098, 56789,20160221,-9999,    9
 11098, 56789,20160222,-9999,    9
 11098, 56789,20160223,-9999,    9
 11098, 56789,20160224,-9999,    9
 11098, 56789,20160225,-9999,    9
 11098, 56789,20160226,-9999,    9
 11098, 56789,20160227,-9999,    9
 11098, 56789,20160228,-9999,    9
 11098, 56789,20160229,-9999,    9
 11098, 56789,20160301,-9999,    9
 11098, 56789,20160302,-9999,    9
 11098, 56789,20160303,-9999,    9
 11098, 56789,20160304,-9999,    9
 11098, 56789,20160305,-9999,    9
 11098, 56789,20160306,-9999,    9
 11098, 56789,20160307,-9999,    9
 11098, 56789,20160308,-9999,    9
 11098, 56789,20160309,-9999,    9
 11098, 56789,20160310,-9999,    9
 11098, 56789,20160311,-9999,    9
 11098, 56789,20160312,-9999,    9
 11098, 56789,20160313,-9999,    9
 11098, 56789,20160314,-9999,    9
 11098, 56789,20160315,-9999,    9
 11098, 56789,20160316,-9999,    9
 11098, 56789,20160317,-9999,    9
 11098, 56789,20160318,-9999,    9
 11098, 56789,20160319,-9999,    9
 11098, 56789,20160320,-9999,    9
 11098, 56789,20160321,-9999,    9
 11098, 56789,20160322,-9999,    9
 11098, 56789,20160323,-9999,    9
 11098, 56789,20160324,-9999,    9
 11098, 56789,20160325,-9999,    9
 11098, 56789,20160326,-9999,    9
 11098, 56789,20160327,-9999,    9
 11098, 56789,20160328,-9999,    9
 11098, 56789,20160329,-9999,    9
 11098, 56789,20160330,-9999,    9
 11098, 56789,20160331,-9999,    9
 11098, 56789,20160401,-9999,    9
 11098, 56789,20160402,-9999,    9
 11098, 56789,20160403,-9999,    9
 11098, 56789,20160404,-9999,    9
 11098, 56789,20160405,-9999,    9
 11098, 56789,20160406,-9999,    9
 11098, 56789,20160407,-9999,    9
 11098, 56789,20160408,-9999,    9
 11098, 56789,20160409,-9999,    9
 11098, 56789,20160410,-9999,    9
 11098, 56789,20160411,-9999,    9
 11098, 56789,20160412,-9999,    9
 11098, 56789,20160413,-9999,    9
 11098, 56789,20160414,-9999,    9
 11098, 56789,20160415,-9999,    9
 11098, 56789,20160416,-9999,    9
 11098, 56789,20160417,-9999,    9
 11098, 56789,20160418,-9999,    9
 11098, 56789,20160419,-9999,    9
 11098, 56789,20160420,-9999,    9
 11098, 56789,20160421,-9999,    9
 11098, 56789,20160422,-9999,    9
 11098, 56789,20160423,-9999,    9
 11098, 56789,20160424,-9999,    9
 11098, 56789,20160425,-9999,    9
 11098, 56789,20160426,-9999,    9
 11098, 56789,20160427,-9999,    9
 11098, 56789,20160428,-9999,    9
 11098, 56789,20160429,-9999,    9
 11098, 56789,20160430,-9999,    9
 11098, 56789,20160501,-9999,    9
 11098, 56789,20160502,-9999,    9
 11098, 56789,20160503,-9999,    9
 11098, 56789,20160504,-9999,    9
 11098, 56789,20160505,-9999,    9
 11098, 56789,20160506,-9999,    9
 11098, 56789,20160507,-9999,    9
 11098, 56789,20160508,-9999,    9
 11098, 56789,20160509,-9999,    9
 11098, 56789,20160510,-9999,    9
 11098, 56789,20160511,-9999,    9
 11098, 56789,20160512,-9999,    9
 11098, 56789,20160513,-9999,    9
 11098, 56789,20160514,-9999,    9
 11098, 56789,20160515,-9999,    9
 11098, 56789,20160516,-9999,    9
 11098, 56789,20160517,-9999,    9
 11098, 56789,20160518,-9999,    9
 11098, 56789,20160519,-9999,    9
 11098, 56789,20160520,-9999,    9
 11098, 56789,20160521,-9999,    9
 11098, 56789,20160522,-9999,    9
 11098, 56789,20160523,-9999,    9
 11098, 56789,20160524,-9999,    9
 11098, 56789,20160525,-9999,    9
 11098, 56789,20160526,-9999,    9
 11098, 56789,20160527,-9999,    9
 11098, 56789,20160528,-9999,    9
 11098, 56789,20160529,-9999,    9
 11098, 56789,20160530,-9999,    9
 11098, 56789,20160531,-9999,    9
 11098, 56789,20160601,-9999,    9
 11098, 56789,20160602,-9999,    9
 11098, 56789,20160603,-9999,    9
 11098, 56789,20160604,-9999,    9
 11098, 56789,20160605,-9999,    9
 11098, 56789,20160606,-9999,    9
 11098, 56789,20160607,-9999,    9
 11098, 56789,20160608,-9999,    9
 11098, 56789,20160609,-9999,    9
 11098, 56789,20160610,-9999,    9
 11098, 56789,20160611,-9999,    9
 11098, 56789,20160612,-9999,    9
 11098, 56789,20160613,-9999,    9
 11098, 56789,20160614,-9999,    9
 11098, 56789,20160615,-9999,    9
 11098, 56789,20160616,-9999,    9
 11098, 56789,20160617,-9999,    9
 11098, 56789,20160618,-9999,    9
 11098, 56789,20160619,-9999,    9
 11098, 56789,20160620,-9999,    9
 11098, 56789,20160621,-9999,    9
 11098, 56789,20160622,-9999,    9
 11098, 56789,20160623,-9999,    9
 11098, 56789,20160624,-9999,    9
 11098, 56789,20160625,-9999,    9
 11098, 56789,20160626,-9999,    9
 11098, 56789,20160627,-9999,    9
 11098, 56789,20160628,-9999,    9
 11098, 56789,20160629,-9999,    9
 11098, 56789,20160630,-9999,    9
 11098, 56789,20160701,-9999,    9
 11098, 56789,20160702,-9999,    9
 11098, 56789,20160703,-9999,    9
 11098, 56789,20160704,-9999,    9
 11098, 56789,20160705,-9999,    9
 11098, 56789,20160706,-9999,    9
 11098, 56789,20160707,-9999,    9
 11098, 56789,20160708,-9999,    9
 11098, 56789,20160709,-9999,    9
 11098, 56789,20160710,-9999,    9
 11098, 56789,20160711,-9999,    9
 11098, 56789,20160712,-9999,    9
 11098, 56789,20160713,-9999,    9
 11098, 56789,20160714,-9999,    9
 11098, 56789,20160715,-9999,    9
 11098, 56789,20160716,-9999,    9
 11098, 56789,20160717,-9999,    9
 11098, 56789,20160718,-9999,    9
 11098, 56789,20160719,-9999,    9
 11098, 56789,20160720,-9999,    9
 11098, 56789,20160721,-9999,    9
 11098, 56789,20160722,-9999,    9
 11098, 56789,20160723,-9999,    9
 11098, 56789,20160724,-9999,    9
 11098, 56789,20160725,-9999,    9
 11098, 56789,20160726,-9999,    9
 11098, 56789,20160727,-9999,    9
 11098, 56789,20160728,-9999,    9
 11098, 56789,20160729,-9999,    9
 11098, 56789,20160730,-9999,    9
 11098, 56789,20160731,-9999,    9
 11098, 56789,20160801,-9999,    9
 11098, 56789,20160802,-9999,    9
 11098, 56789,20160803,-9999,    9
 11098, 56789,20160804,-9999,    9
 11098, 56789,20160805,-9999,    9
 11098, 56789,20160806,-9999,    9
 11098, 56789,20160807,-9999,    9
 11098, 56789,20160808,-9999,    9
 11098, 56789,20160809,-9999,    9
 11098, 56789,20160810,-9999,    9
 11098, 56789,20160811,-9999,    9
 11098, 56789,20160812,-9999,    9
 11098, 56789,20160813,-9999,    9
 11098, 56789,20160814,-9999,    9
 11098, 56789,20160815,-9999,    9
 11098, 56789,20160816,-9999,    9
 11098, 56789,20160817,-9999,    9
 11098, 56789,20160818,-9999,    9
 11098, 56789,20160819,-9999,    9
 11098, 56789,20160820,-9999,    9
 11098, 56789,20160821,-9999,    9
 11098, 56789,20160822,-9999,    9
 11098, 56789,20160823,-9999,    9
 11098, 56789,20160824,-9999,    9
 11098, 56789,20160825,-9999,    9
 11098, 56789,20160826,-9999,    9
 11098, 56789,20160827,-9999,    9
 11098, 56789,20160828,-9999,    9
 11098, 56789,20160829,-9999,    9
 11098, 56789,20160830,-9999,    9
 11098, 56789,20160831,-9999,    9
 11098, 56789,20160901,-9999,    9
 11098, 56789,20160902,-9999,    9
 11098, 56789,20160903,-9999,    9
 11098, 56789,20160904,-9999,    9
 11098, 56789,20160905,-9999,    9
 11098, 56789,20160906,-9999,    9
 11098, 56789,20160907,-9999,    9
 11098, 56789,20160908,-9999,    9
 11098, 56789,20160909,-9999,    9
 11098, 56789,20160910,-9999,    9
 11098, 56789,20160911,-9999,    9
 11098, 56789,20160912,-9999,    9
 11098, 56789,20160913,-9999,    9
 11098, 56789,20160914,-9999,    9
 11098, 56789,20160915,-9999,    9
 11098, 56789,20160916,-9999,    9
 11098, 56789,20160917,-9999,    9
 11098, 56789,20160918,-9999,    9
 11098, 56789,20160919,-9999,    9
 11098, 56789,20160920,-9999,    9
 11098, 56789,20160921,-9999,    9
 11098, 56789,20160922,-9999,    9
 11098, 56789,20160923,-9999,    9
 11098, 56789,20160924,-9999,    9
 11098, 56789,20160925,-9999,    9
 11098, 56789,20160926,-9999,    9
 11098, 56789,20160927,-9999,    9
 11098, 56789,20160928,-9999,    9
 11098, 56789,20160929,-9999,    9
 11098, 56789,20160930,-9999,    9
 11098, 56789,20161001,-9999,    9
 11098, 56789,20161002,-9999,    9
 11098, 56789,20161003,-9999,    9
 11098, 56789,20161004,-9999,    9
 11098, 56789,20161005,-9999,    9
 11098, 56789,20161006,-9999,    9
 11098, 56789,20161007,-9999,    9
 11098, 56789,20161008,-9999,    9
 11098, 56789,20161009,-9999,    9
 11098, 56789,20161010,-9999,    9
 11098, 56789,20161011,-9999,    9
 11098, 56789,20161012,-9999,    9
 11098, 56789,20161013,-9999,    9
 11098, 56789,20161014,-9999,    9
 11098, 56789,20161015,-9999,    9
 11098, 56789,20161016,-9999,    9
 11098, 56789,20161017,-9999,    9
 11098, 56789,20161018,-9999,    9
 11098, 56789,20161019,-9999,    9
 11098, 56789,20161020,-9999,    9
 11098, 56789,20161021,-9999,    9
 11098, 56789,20161022,-9999,    9
 11098, 56789,20161023,-9999,    9
 11098, 56789,20161024,-9999,    9
 11098, 56789,20161025,-9999,    9
 11098, 56789,20161026,-9999,    9
 11098, 56789,20161027,-9999,    9
 11098, 56789,20161028,-9999,    9
 11098, 56789,20161029,-9999,    9
 11098, 56789,20161030,-9999,    9
 11098, 56789,20161031,-9999,    9
 11098, 56789,20161101,-9999,    9
 11098, 56789,20161102,-9999,    9
 11098, 56789,20161103,-9999,    9
 11098, 56789,20161104,-9999,    9
 11098, 56789,20161105,-9999,    9
 11098, 56789,20161106,-9999,    9
 11098, 56789,20161107,-9999,    9
 11098, 56789,20161108,-9999,    9
 11098, 56789,20161109,-9999,    9
 11098, 56789,20161110,-9999,    9
 11098, 56789,20161111,-9999,    9
 11098, 56789,20161112,-9999,    9
 11098, 56789,20161113,-9999,    9
 11098, 56789,20161114,-9999,    9
 11098, 56789,20161115,-9999,    9
 11098, 56789,20161116,-9999,    9
 11098, 56789,20161117,-9999,    9
 11098, 56789,20161118,-9999,    9
 11098, 56789,20161119,-9999,    9
 11098, 56789,20161120,-9999,    9
 11098, 56789,20161121,-9999,    9
 11098, 56789,20161122,-9999,    9
 11098, 56789,20161123,-9999,    9
 11098, 56789,20161124,-9999,    9
 11098, 56789,20161125,-9999,    9
 11098, 56789,20161126,-9999,    9
 11098, 56789,20161127,-9999,    9
 11098, 56789,20161128,-9999,    9
 11098, 56789,20161129,-9999,    9
 11098, 56789,20161130,-9999,    9
 11098, 56789,20161201,-9999,    9
 11098, 56789,20161202,-9999,    9
 11098, 56789,20161203,-9999,    9
 11098, 56789,20161204,-9999,    9
 11098, 56789,20161205,-9999,    9
 11098, 56789,20161206,-9999,    9
 11098, 56789,20161207,-9999,    9
 11098, 56789,20161208,-9999,    9
 11098, 56789,20161209,-9999,    9
 11098, 56789,20161210,-9999,    9
 11098, 56789,20161211,-9999,    9
 11098, 56789,20161212,-9999,    9
 11098, 56789,20161213,-9999,    9
 11098, 56789,20161214,-9999,    9
 11098, 56789,20161215,-9999,    9
 11098, 56789,20161216,-9999,    9
 11098, 56789,20161217,-9999,    9
 11098, 56789,20161218,-9999,    9
 11098, 56789,20161219,-9999,    9
 11098, 56789,20161220,-9999,    9
 11098, 56789,20161221,-9999,    9
 11098, 56789,20161222,-9999,    9
 11098, 56789,20161223,-9999,    9
 11098, 56789,20161224,-9999,    9
 11098, 56789,20161225,-9999,    9
 11098, 56789,20161226,-9999,    9
 11098, 56789,20161227,-9999,    9
 11098, 56789,20161228,-9999,    9
 11098, 56789,20161229,-9999,    9
 11098, 56789,20161230,-9999,    9
 11098, 56789,20161231,-9999,    9
 11098, 56789,20170101,-9999,    9
 11098, 56789,20170102,-9999,    9
 11098, 56789,20170103,-9999,    9
 11098, 56789,20170104,-9999,    9
 11098, 56789,20170105,-9999,    9
 11098, 56789,20170106,-9999,    9
 11098, 56789,20170107,-9999,    9
 11098, 56789,20170108,-9999,    9
 11098, 56789,20170109,-9999,    9
 11098, 56789,20170110,-9999,    9
 11098, 56789,20170111,-9999,    9
 11098, 56789,20170112,-9999,    9
 11098, 56789,20170113,-9999,    9
 11098, 56789,20170114,-9999,    9
 11098, 56789,20170115,-9999,    9
 11098, 56789,20170116,-9999,    9
 11098, 56789,20170117,-9999,    9
 11098, 56789,20170118,-9999,    9
 11098, 56789,20170119,-9999,    9
 11098, 56789,20170120,-9999,    9
 11098, 56789,20170121,-9999,    9
 11098, 56789,20170122,-9999,    9
 11098, 56789,20170123,-9999,    9
 11098, 56789,20170124,-9999,    9
 11098, 56789,20170125,-9999,    9
 11098, 56789,20170126,-9999,    9
 11098, 56789,20170127,-9999,    9
 11098, 56789,20170128,-9999,    9
 11098, 56789,20170129,-9999,    9
 11098, 56789,20170130,-9999,    9
 11098, 56789,20170131,-9999,    9
 11098, 56789,20170201,-9999,    9
 11098, 56789,20170202,-9999,    9
 11098, 56789,20170203,-9999,    9
 11098, 56789,20170204,-9999,    9
 11098, 56789,20170205,-9999,    9
 11098, 56789,20170206,-9999,    9
 11098, 56789,20170207,-9999,    9
 11098, 56789,20170208,-9999,    9
 11098, 56789,20170209,-9999,    9
 11098, 56789,20170210,-9999,    9
 11098, 56789,20170211,-9999,    9
 11098, 56789,20170212,-9999,    9
 11098, 56789,20170213,-9999,    9
 11098, 56789,20170214,-9999,    9
 11098, 56789,20170215,-9999,    9
 11098, 56789,20170216,-9999,    9
 11098, 56789,20170217,-9999,    9
 11098, 56789,20170218,-9999,    9
 11098, 56789,20170219,-9999,    9
 11098, 56789,20170220,-9999,    9
 11098, 56789,20170221,-9999,    9
 11098, 56789,20170222,-9999,    9
 11098, 56789,20170223,-9999,    9
 11098, 56789,20170224,-9999,    9
 11098, 56789,20170225,-9999,    9
 11098, 56789,20170226,-9999,    9
 11098, 56789,20170227,-9999,    9
 11098, 56789,20170228,-9999,    9
 11098, 56789,20170301,-9999,    9
 11098, 56789,20170302,-9999,    9
 11098, 56789,20170303,-9999,    9
 11098, 56789,20170304,-9999,    9
 11098, 56789,20170305,-9999,    9
 11098, 56789,20170306,-9999,    9
 11098, 56789,20170307,-9999,    9
 11098, 56789,20170308,-9999,    9
 11098, 56789,20170309,-9999,    9
 11098, 56789,20170310,-9999,    9
 11098, 56789,20170311,-9999,    9
 11098, 56789,20170312,-9999,    9
 11098, 56789,20170313,-9999,    9
 11098, 56789,20170314,-9999,    9
 11098, 56789,20170315,-9999,    9
 11098, 56789,20170316,-9999,    9
 11098, 56789,20170317,-9999,    9
 11098, 56789,20170318,-9999,    9
 11098, 56789,20170319,-9999,    9
 11098, 56789,20170320,-9999,    9
 11098, 56789,20170321,-9999,    9
 11098, 56789,20170322,-9999,    9
 11098, 56789,20170323,-9999,    9
 11098, 56789,20170324,-9999,    9
 11098, 56789,20170325,-9999,    9
 11098, 56789,20170326,-9999,    9
 11098, 56789,20170327,-9999,    9
 11098, 56789,20170328,-9999,    9
 11098, 56789,20170329,-9999,    9
 11098, 56789,20170330,-9999,    9
 11098, 56789,20170331,-9999,    9
 11098, 56789,20170401,-9999,    9
 11098, 56789,20170402,-9999,    9
 11098, 56789,20170403,-9999,    9
 11098, 56789,20170404,-9999,    9
 11098, 56789,20170405,-9999,    9
 11098, 56789,20170406,-9999,    9
 11098, 56789,20170407,-9999,    9
 11098, 56789,20170408,-9999,    9
 11098, 56789,20170409,-9999,    9
 11098, 56789,20170410,-9999,    9
 11098, 56789,20170411,-9999,    9
 11098, 56789,20170412,-9999,    9
 11098, 56789,20170413,-9999,    9
 11098, 56789,20170414,-9999,    9
 11098, 56789,20170415,-9999,    9
 11098, 56789,20170416,-9999,    9
 11098, 56789,20170417,-9999,    9
 11098, 56789,20170418,-9999,    9
 11098, 56789,20170419,-9999,    9
 11098, 56789,20170420,-9999,    9
 11098, 56789,20170421,-9999,    9
 11098, 56789,20170422,-9999,    9
 11098, 56789,20170423,-9999,    9
 11098, 56789,20170424,-9999,    9
 11098, 56789,20170425,-9999,    9
 11098, 56789,20170426,-9999,    9
 11098, 56789,20170427,-9999,    9
 11098, 56789,20170428,-9999,    9
 11098, 56789,20170429,-9999,    9
 11098, 56789,20170430,-9999,    9
 11098, 56789,20170501,-9999,    9
 11098, 56789,20170502,-9999,    9
 11098, 56789,20170503,-9999,    9
 11098, 56789,20170504,-9999,    9
 11098, 56789,20170505,-9999,    9
 11098, 56789,20170506,-9999,    9
 11098, 56789,20170507,-9999,    9
 11098, 56789,20170508,-9999,    9
 11098, 56789,20170509,-9999,    9
 11098, 56789,20170510,-9999,    9
 11098, 56789,20170511,-9999,    9
 11098, 56789,20170512,-9999,    9
 11098, 56789,20170513,-9999,    9
 11098, 56789,20170514,-9999,    9
 11098, 56789,20170515,-9999,    9
 11098, 56789,20170516,-9999,    9
 11098, 56789,20170517,-9999,    9
 11098, 56789,20170518,-9999,    9
 11098, 56789,20170519,-9999,    9
 11098, 56789,20170520,-9999,    9
 11098, 56789,20170521,-9999,    9
 11098, 56789,20170522,-9999,    9
 11098, 56789,20170523,-9999,    9
 11098, 56789,20170524,-9999,    9
 11098, 56789,20170525,-9999,    9
 11098, 56789,20170526,-9999,    9
 11098, 56789,20170527,-9999,    9
 11098, 56789,20170528,-9999,    9
 11098, 56789,20170529,-9999,    9
 11098, 56789,20170530,-9999,    9
 11098, 56789,20170531,-9999,    9
 11098, 56789,20170601,-9999,    9
 11098, 56789,20170602,-9999,    9
 11098, 56789,20170603,-9999,    9
 11098, 56789,20170604,-9999,    9
 11098, 56789,20170605,-9999,    9
 11098, 56789,20170606,-9999,    9
 11098, 56789,20170607,-9999,    9
 11098, 56789,20170608,-9999,    9
 11098, 56789,20170609,-9999,    9
 11098, 56789,20170610,-9999,    9
 11098, 56789,20170611,-9999,    9
 11098, 56789,20170612,-9999,    9
 11098, 56789,20170613,-9999,    9
 11098, 56789,20170614,-9999,    9
 11098, 56789,20170615,-9999,    9
 11098, 56789,20170616,-9999,    9
 11098, 56789,20170617,-9999,    9
 11098, 56789,20170618,-9999,    9
 11098, 56789,20170619,-9999,    9
 11098, 56789,20170620,-9999,    9
 11098, 56789,20170621,-9999,    9
 11098, 56789,20170622,-9999,    9
 11098, 56789,20170623,-9999,    9
 11098, 56789,20170624,-9999,    9
 11098, 56789,20170625,-9999,    9
 11098, 56789,20170626,-9999,    9
 11098, 56789,20170627,-9999,    9
 11098, 56789,20170628,-9999,    9
 11098, 56789,20170629,-9999,    9
 11098, 56789,20170630,-9999,    9
 11098, 56789,20170701,-9999,    9
 11098, 56789,20170702,-9999,    9
 11098, 56789,20170703,-9999,    9
 11098, 56789,20170704,-9999,    9
 11098, 56789,20170705,-9999,    9
 11098, 56789,20170706,-9999,    9
 11098, 56789,20170707,-9999,    9
 11098, 56789,20170708,-9999,    9
 11098, 56789,20170709,-9999,    9
 11098, 56789,20170710,-9999,    9
 11098, 56789,20170711,-9999,    9
 11098, 56789,20170712,-9999,    9
 11098, 56789,20170713,-9999,    9
 11098, 56789,20170714,-9999,    9
 11098, 56789,20170715,-9999,    9
 11098, 56789,20170716,-9999,    9
 11098, 56789,20170717,-9999,    9
 11098, 56789,20170718,-9999,    9
 11098, 56789,20170719,-9999,    9
 11098, 56789,20170720,-9999,    9
 11098, 56789,20170721,-9999,    9
 11098, 56789,20170722,-9999,    9
 11098, 56789,20170723,-9999,    9
 11098, 56789,20170724,-9999,    9
 11098, 56789,20170725,-9999,    9
 11098, 56789,20170726,-9999,    9
 11098, 56789,20170727,-9999,    9
 11098, 56789,20170728,-9999,    9
 11098, 56789,20170729,-9999,    9
 11098, 56789,20170730,-9999,    9
 11098, 56789,20170731,-9999,    9
 11098, 56789,20170801,-9999,    9
 11098, 56789,20170802,-9999,    9
 11098, 56789,20170803,-9999,    9
 11098, 56789,20170804,-9999,    9
 11098, 56789,20170805,-9999,    9
 11098, 56789,20170806,-9999,    9
 11098, 56789,20170807,-9999,    9
 11098, 56789,20170808,-9999,    9
 11098, 56789,20170809,-9999,    9
 11098, 56789,20170810,-9999,    9
 11098, 56789,20170811,-9999,    9
 11098, 56789,20170812,-9999,    9
 11098, 56789,20170813,-9999,    9
 11098, 56789,20170814,-9999,    9
 11098, 56789,20170815,-9999,    9
 11098, 56789,20170816,-9999,    9
 11098, 56789,20170817,-9999,    9
 11098, 56789,20170818,-9999,    9
 11098, 56789,20170819,-9999,    9
 11098, 56789,20170820,-9999,    9
 11098, 56789,20170821,-9999,    9
 11098, 56789,20170822,-9999,    9
 11098, 56789,20170823,-9999,    9
 11098, 56789,20170824,-9999,    9
 11098, 56789,20170825,-9999,    9
 11098, 56789,20170826,-9999,    9
 11098, 56789,20170827,-9999,    9
 11098, 56789,20170828,-9999,    9
 11098, 56789,20170829,-9999,    9
 11098, 56789,20170830,-9999,    9
 11098, 56789,20170831,-9999,    9
 11098, 56789,20170901,-9999,    9
 11098, 56789,20170902,-9999,    9
 11098, 56789,20170903,-9999,    9
 11098, 56789,20170904,-9999,    9
 11098, 56789,20170905,-9999,    9
 11098, 56789,20170906,-9999,    9
 11098, 56789,20170907,-9999,    9
 11098, 56789,20170908,-9999,    9
 11098, 56789,20170909,-9999,    9
 11098, 56789,20170910,-9999,    9
 11098, 56789,20170911,-9999,    9
 11098, 56789,20170912,-9999,    9
 11098, 56789,20170913,-9999,    9
 11098, 56789,20170914,-9999,    9
 11098, 56789,20170915,-9999,    9
 11098, 56789,20170916,-9999,    9
 11098, 56789,20170917,-9999,    9
 11098, 56789,20170918,-9999,    9
 11098, 56789,20170919,-9999,    9
 11098, 56789,20170920,-9999,    9
 11098, 56789,20170921,-9999,    9
 11098, 56789,20170922,-9999,    9
 11098, 56789,20170923,-9999,    9
 11098, 56789,20170924,-9999,    9
 11098, 56789,20170925,-9999,    9
 11098, 56789,20170926,-9999,    9
 11098, 56789,20170927,-9999,    9
 11098, 56789,20170928,-9999,    9
 11098, 56789,20170929,-9999,    9
 11098, 56789,20170930,-9999,    9
 11098, 56789,20171001,-9999,    9
 11098, 56789,20171002,-9999,    9
 11098, 56789,20171003,-9999,    9
 11098, 56789,20171004,-9999,    9
 11098, 56789,20171005,-9999,    9
 11098, 56789,20171006,-9999,    9
 11098, 56789,20171007,-9999,    9
 11098, 56789,20171008,-9999,    9
 11098, 56789,20171009,-9999,    9
 11098, 56789,20171010,-9999,    9
 11098, 56789,20171011,-9999,    9
 11098, 56789,20171012,-9999,    9
 11098, 56789,20171013,-9999,    9
 11098, 56789,20171014,-9999,    9
 11098, 56789,20171015,-9999,    9
 11098, 56789,20171016,-9999,    9
 11098, 56789,20171017,-9999,    9
 11098, 56789,20171018,-9999,    9
 11098, 56789,20171019,-9999,    9
 11098, 56789,20171020,-9999,    9
 11098, 56789,20171021,-9999,    9
 11098, 56789,20171022,-9999,    9
 11098, 56789,20171023,-9999,    9
 11098, 56789,20171024,-9999,    9
 11098, 56789,20171025,-9999,    9
 11098, 56789,20171026,-9999,    9
 11098, 56789,20171027,-9999,    9
 11098, 56789,20171028,-9999,    9
 11098, 56789,20171029,-9999,    9
 11098, 56789,20171030,-9999,    9
 11098, 56789,20171031,-9999,    9
 11098, 56789,20171101,-9999,    9
 11098, 56789,20171102,-9999,    9
 11098, 56789,20171103,-9999,    9
 11098, 56789,20171104,-9999,    9
 11098, 56789,20171105,-9999,    9
 11098, 56789,20171106,-9999,    9
 11098, 56789,20171107,-9999,    9
 11098, 56789,20171108,-9999,    9
 11098, 56789,20171109,-9999,    9
 11098, 56789,20171110,-9999,    9
 11098, 56789,20171111,-9999,    9
 11098, 56789,20171112,-9999,    9
 11098, 56789,20171113,-9999,    9
 11098, 56789,20171114,-9999,    9
 11098, 56789,20171115,-9999,    9
 11098, 56789,20171116,-9999,    9
 11098, 56789,20171117,-9999,    9
 11098, 56789,20171118,-9999,    9
 11098, 56789,20171119,-9999,    9
 11098, 56789,20171120,-9999,    9
 11098, 56789,20171121,-9999,    9
 11098, 56789,20171122,-9999,    9
 11098, 56789,20171123,-9999,    9
 11098, 56789,20171124,-9999,    9
 11098, 56789,20171125,-9999,    9
 11098, 56789,20171126,-9999,    9
 11098, 56789,20171127,-9999,    9
 11098, 56789,20171128,-9999,    9
 11098, 56789,20171129,-9999,    9
 11098, 56789,20171130,-9999,    9
 11098, 56789,20171201,-9999,    9
 11098, 56789,20171202,-9999,    9
 11098, 56789,20171203,-9999,    9
 11098, 56789,20171204,-9999,    9
 11098, 56789,20171205,-9999,    9
 11098, 56789,20171206,-9999,    9
 11098, 56789,20171207,-9999,    9
 11098, 56789,20171208,-9999,    9
 11098, 56789,20171209,-9999,    9
 11098, 56789,20171210,-9999,    9
 11098, 56789,20171211,-9999,    9
 11098, 56789,20171212,-9999,    9
 11098, 56789,20171213,-9999,    9
 11098, 56789,20171214,-9999,    9
 11098, 56789,20171215,-9999,    9
 11098, 56789,20171216,-9999,    9
 11098, 56789,20171217,-9999,    9
 11098, 56789,20171218,-9999,    9
 11098, 56789,20171219,-9999,    9
 11098, 56789,20171220,-9999,    9
 11098, 56789,20171221,-9999,    9
 11098, 56789,20171222,-9999,    9
 11098, 56789,20171223,-9999,    9
 11098, 56789,20171224,-9999,    9
 11098, 56789,20171225,-9999,    9
 11098, 56789,20171226,-9999,    9
 11098, 56789,20171227,-9999,    9
 11098, 56789,20171228,-9999,    9
 11098, 56789,20171229,-9999,    9
 11098, 56789,20171230,-9999,    9
 11098, 56789,20171231,-9999,    9
 11098, 56789,20180101,-9999,    9
 11098, 56789,20180102,-9999,    9
 11098, 56789,20180103,-9999,    9
 11098, 56789,20180104,-9999,    9
 11098, 56789,20180105,-9999,    9
 11098, 56789,20180106,-9999,    9
 11098, 56789,20180107,-9999,    9
 11098, 56789,20180108,-9999,    9
 11098, 56789,20180109,-9999,    9
 11098, 56789,20180110,-9999,    9
 11098, 56789,20180111,-9999,    9
 11098, 56789,20180112,-9999,    9
 11098, 56789,20180113,-9999,    9
 11098, 56789,20180114,-9999,    9
 11098, 56789,20180115,-9999,    9
 11098, 56789,20180116,-9999,    9
 11098, 56789,20180117,-9999,    9
 11098, 56789,20180118,-9999,    9
 11098, 56789,20180119,-9999,    9
 11098, 56789,20180120,-9999,    9
 11098, 56789,20180121,-9999,    9
 11098, 56789,20180122,-9999,    9
 11098, 56789,20180123,-9999,    9
 11098, 56789,20180124,-9999,    9
 11098, 56789,20180125,-9999,    9
 11098, 56789,20180126,-9999,    9
 11098, 56789,20180127,-9999,    9
 11098, 56789,20180128,-9999,    9
 11098, 56789,20180129,-9999,    9
 11098, 56789,20180130,-9999,    9
 11098, 56789,20180131,-9999,    9
 11098, 56789,20180201,-9999,    9
 11098, 56789,20180202,-9999,    9
 11098, 56789,20180203,-9999,    9
 11098, 56789,20180204,-9999,    9
 11098, 56789,20180205,-9999,    9
 11098, 56789,20180206,-9999,    9
 11098, 56789,20180207,-9999,    9
 11098, 56789,20180208,-9999,    9
 11098, 56789,20180209,-9999,    9
 11098, 56789,20180210,-9999,    9
 11098, 56789,20180211,-9999,    9
 11098, 56789,20180212,-9999,    9
 11098, 56789,20180213,-9999,    9
 11098, 56789,20180214,-9999,    9
 11098, 56789,20180215,-9999,    9
 11098, 56789,20180216,-9999,    9
 11098, 56789,20180217,-9999,    9
 11098, 56789,20180218,-9999,    9
 11098, 56789,20180219,-9999,    9
 11098, 56789,20180220,-9999,    9
 11098, 56789,20180221,-9999,    9
 11098, 56789,20180222,-9999,    9
 11098, 56789,20180223,-9999,    9
 11098, 56789,20180224,-9999,    9
 11098, 56789,20180225,-9999,    9
 11098, 56789,20180226,-9999,    9
 11098, 56789,20180227,-9999,    9
 11098, 56789,20180228,-9999,    9
 11098, 56789,20180301,-9999,    9
 11098, 56789,20180302,-9999,    9
 11098, 56789,20180303,-9999,    9
 11098, 56789,20180304,-9999,    9
 11098, 56789,20180305,-9999,    9
 11098, 56789,20180306,-9999,    9
 11098, 56789,20180307,-9999,    9
 11098, 56789,20180308,-9999,    9
 11098, 56789,20180309,-9999,    9
 11098, 56789,20180310,-9999,    9
 11098, 56789,20180311,-9999,    9
 11098, 56789,20180312,-9999,    9
 11098, 56789,20180313,-9999,    9
 11098, 56789,20180314,-9999,    9
 11098, 56789,20180315,-9999,    9
 11098, 56789,20180316,-9999,    9
 11098, 56789,20180317,-9999,    9
 11098, 56789,20180318,-9999,    9
 11098, 56789,20180319,-9999,    9
 11098, 56789,20180320,-9999,    9
 11098, 56789,20180321,-9999,    9
 11098, 56789,20180322,-9999,    9
 11098, 56789,20180323,-9999,    9
 11098, 56789,20180324,-9999,    9
 11098, 56789,20180325,-9999,    9
 11098, 56789,20180326,-9999,    9
 11098, 56789,20180327,-9999,    9
 11098, 56789,20180328,-9999,    9
 11098, 56789,20180329,-9999,    9
 11098, 56789,20180330,-9999,    9
 11098, 56789,20180331,-9999,    9
 11098, 56789,20180401,-9999,    9
 11098, 56789,20180402,-9999,    9
 11098, 56789,20180403,-9999,    9
 11098, 56789,20180404,-9999,    9
 11098, 56789,20180405,-9999,    9
 11098, 56789,20180406,-9999,    9
 11098, 56789,20180407,-9999,    9
 11098, 56789,20180408,-9999,    9
 11098, 56789,20180409,-9999,    9
 11098, 56789,20180410,-9999,    9
 11098, 56789,20180411,-9999,    9
 11098, 56789,20180412,-9999,    9
 11098, 56789,20180413,-9999,    9
 11098, 56789,20180414,-9999,    9
 11098, 56789,20180415,-9999,    9
 11098, 56789,20180416,-9999,    9
 11098, 56789,20180417,-9999,    9
 11098, 56789,20180418,-9999,    9
 11098, 56789,20180419,-9999,    9
 11098, 56789,20180420,-9999,    9
 11098, 56789,20180421,-9999,    9
 11098, 56789,20180422,-9999,    9
 11098, 56789,20180423,-9999,    9
 11098, 56789,20180424,-9999,    9
 11098, 56789,20180425,-9999,    9
 11098, 56789,20180426,-9999,    9
 11098, 56789,20180427,-9999,    9
 11098, 56789,20180428,-9999,    9
 11098, 56789,20180429,-9999,    9
 11098, 56789,20180430,-9999,    9
 11098, 56789,20180501,-9999,    9
 11098, 56789,20180502,-9999,    9
 11098, 56789,20180503,-9999,    9
 11098, 56789,20180504,-9999,    9
 11098, 56789,20180505,-9999,    9
 11098, 56789,20180506,-9999,    9
 11098, 56789,20180507,-9999,    9
 11098, 56789,20180508,-9999,    9
 11098, 56789,20180509,-9999,    9
 11098, 56789,20180510,-9999,    9
 11098, 56789,20180511,-9999,    9
 11098, 56789,20180512,-9999,    9
 11098, 56789,20180513,-9999,    9
 11098, 56789,20180514,-9999,    9
 11098, 56789,20180515,-9999,    9
 11098, 56789,20180516,-9999,    9
 11098, 56789,20180517,-9999,    9
 11098, 56789,20180518,-9999,    9
 11098, 56789,20180519,-9999,    9
 11098, 56789,20180520,-9999,    9
 11098, 56789,20180521,-9999,    9
 11098, 56789,20180522,-9999,    9
 11098, 56789,20180523,-9999,    9
 11098, 56789,20180524,-9999,    9
 11098, 56789,20180525,-9999,    9
 11098, 56789,20180526,-9999,    9
 11098, 56789,20180527,-9999,    9
 11098, 56789,20180528,-9999,    9
 11098, 56789,20180529,-9999,    9
 11098, 56789,20180530,-9999,    9
 11098, 56789,20180531,-9999,    9
 11098, 56789,20180601,-9999,    9
 11098, 56789,20180602,-9999,    9
 11098, 56789,20180603,-9999,    9
 11098, 56789,20180604,-9999,    9
 11098, 56789,20180605,-9999,    9
 11098, 56789,20180606,-9999,    9
 11098, 56789,20180607,-9999,    9
 11098, 56789,20180608,-9999,    9
 11098, 56789,20180609,-9999,    9
 11098, 56789,20180610,-9999,    9
 11098, 56789,20180611,-9999,    9
 11098, 56789,20180612,-9999,    9
 11098, 56789,20180613,-9999,    9
 11098, 56789,20180614,-9999,    9
 11098, 56789,20180615,-9999,    9
 11098, 56789,20180616,-9999,    9
 11098, 56789,20180617,-9999,    9
 11098, 56789,20180618,-9999,    9
 11098, 56789,20180619,-9999,    9
 11098, 56789,20180620,-9999,    9
 11098, 56789,20180621,-9999,    9
 11098, 56789,20180622,-9999,    9
 11098, 56789,20180623,-9999,    9
 11098, 56789,20180624,-9999,    9
 11098, 56789,20180625,-9999,    9
 11098, 56789,20180626,-9999,    9
 11098, 56789,20180627,-9999,    9
 11098, 56789,20180628,-9999,    9
 11098, 56789,20180629,-9999,    9
 11098, 56789,20180630,-9999,    9
 11098, 56789,20180701,-9999,    9
 11098, 56789,20180702,-9999,    9
 11098, 56789,20180703,-9999,    9
 11098, 56789,20180704,-9999,    9
 11098, 56789,20180705,-9999,    9
 11098, 56789,20180706,-9999,    9
 11098, 56789,20180707,-9999,    9
 11098, 56789,20180708,-9999,    9
 11098, 56789,20180709,-9999,    9
 11098, 56789,20180710,-9999,    9
 11098, 56789,20180711,-9999,    9
 11098, 56789,20180712,-9999,    9
 11098, 56789,20180713,-9999,    9
 11098, 56789,20180714,-9999,    9
 11098, 56789,20180715,-9999,    9
 11098, 56789,20180716,-9999,    9
 11098, 56789,20180717,-9999,    9
 11098, 56789,20180718,-9999,    9
 11098, 56789,20180719,-9999,    9
 11098, 56789,20180720,-9999,    9
 11098, 56789,20180721,-9999,    9
 11098, 56789,20180722,-9999,    9
 11098, 56789,20180723,-9999,    9
 11098, 56789,20180724,-9999,    9
 11098, 56789,20180725,-9999,    9
 11098, 56789,20180726,-9999,    9
 11098, 56789,20180727,-9999,    9
 11098, 56789,20180728,-9999,    9
 11098, 56789,20180729,-9999,    9
 11098, 56789,20180730,-9999,    9
 11098, 56789,20180731,-9999,    9
 11098, 56789,20180801,-9999,    9
 11098, 56789,20180802,-9999,    9
 11098, 56789,20180803,-9999,    9
 11098, 56789,20180804,-9999,    9
 11098, 56789,20180805,-9999,    9
 11098, 56789,20180806,-9999,    9
 11098, 56789,20180807,-9999,    9
 11098, 56789,20180808,-9999,    9
 11098, 56789,20180809,-9999,    9
 11098, 56789,20180810,-9999,    9
 11098, 56789,20180811,-9999,    9
 11098, 56789,20180812,-9999,    9
 11098, 56789,20180813,-9999,    9
 11098, 56789,20180814,-9999,    9
 11098, 56789,20180815,-9999,    9
 11098, 56789,20180816,-9999,    9
 11098, 56789,20180817,-9999,    9
 11098, 56789,20180818,-9999,    9
 11098, 56789,20180819,-9999,    9
 11098, 56789,20180820,-9999,    9
 11098, 56789,20180821,-9999,    9
 11098, 56789,20180822,-9999,    9
 11098, 56789,20180823,-9999,    9
 11098, 56789,20180824,-9999,    9
 11098, 56789,20180825,-9999,    9
 11098, 56789,20180826,-9999,    9
 11098, 56789,20180827,-9999,    9
 11098, 56789,20180828,-9999,    9
 11098, 56789,20180829,-9999,    9
 11098, 56789,20180830,-9999,    9
 11098, 56789,20180831,-9999,    9
 11098, 56789,20180901,-9999,    9
 11098, 56789,20180902,-9999,    9
 11098, 56789,20180903,-9999,    9
 11098, 56789,20180904,-9999,    9
 11098, 56789,20180905,-9999,    9
 11098, 56789,20180906,-9999,    9
 11098, 56789,20180907,-9999,    9
 11098, 56789,20180908,-9999,    9
 11098, 56789,20180909,-9999,    9
 11098, 56789,20180910,-9999,    9
 11098, 56789,20180911,-9999,    9
 11098, 56789,20180912,-9999,    9
 11098, 56789,20180913,-9999,    9
 11098, 56789,20180914,-9999,    9
 11098, 56789,20180915,-9999,    9
 11098, 56789,20180916,-9999,    9
 11098, 56789,20180917,-9999,    9
 11098, 56789,20180918,-9999,    9
 11098, 56789,20180919,-9999,    9
 11098, 56789,20180920,-9999,    9
 11098, 56789,20180921,-9999,    9
 11098, 56789,20180922,-9999,    9
 11098, 56789,20180923,-9999,    9
 11098, 56789,20180924,-9999,    9
 11098, 56789,20180925,-9999,    9
 11098, 56789,20180926,-9999,    9
 11098, 56789,20180927,-9999,    9
 11098, 56789,20180928,-9999,    9
 11098, 56789,20180929,-9999,    9
 11098, 56789,20180930,-9999,    9
 11098, 56789,20181001,-9999,    9
 11098, 56789,20181002,-9999,    9
 11098, 56789,20181003,-9999,    9
 11098, 56789,20181004,-9999,    9
 11098, 56789,20181005,-9999,    9
 11098, 56789,20181006,-9999,    9
 11098, 56789,20181007,-9999,    9
 11098, 56789,20181008,-9999,    9
 11098, 56789,20181009,-9999,    9
 11098, 56789,20181010,-9999,    9
 11098, 56789,20181011,-9999,    9
 11098, 56789,20181012,-9999,    9
 11098, 56789,20181013,-9999,    9
 11098, 56789,20181014,-9999,    9
 11098, 56789,20181015,-9999,    9
 11098, 56789,20181016,-9999,    9
 11098, 56789,20181017,-9999,    9
 11098, 56789,20181018,-9999,    9
 11098, 56789,20181019,-9999,    9
 11098, 56789,20181020,-9999,    9
 11098, 56789,20181021,-9999,    9
 11098, 56789,20181022,-9999,    9
 11098, 56789,20181023,-9999,    9
 11098, 56789,20181024,-9999,    9
 11098, 56789,20181025,-9999,    9
 11098, 56789,20181026,-9999,    9
 11098, 56789,20181027,-9999,    9
 11098, 56789,20181028,-9999,    9
 11098, 56789,20181029,-9999,    9
 11098, 56789,20181030,-9999,    9
 11098, 56789,20181031,-9999,    9
 11098, 56789,20181101,-9999,    9
 11098, 56789,20181102,-9999,    9
 11098, 56789,20181103,-9999,    9
 11098, 56789,20181104,-9999,    9
 11098, 56789,20181105,-9999,    9
 11098, 56789,20181106,-9999,    9
 11098, 56789,20181107,-9999,    9
 11098, 56789,20181108,-9999,    9
 11098, 56789,20181109,-9999,    9
 11098, 56789,20181110,-9999,    9
 11098, 56789,20181111,-9999,    9
 11098, 56789,20181112,-9999,    9
 11098, 56789,20181113,-9999,    9
 11098, 56789,20181114,-9999,    9
 11098, 56789,20181115,-9999,    9
 11098, 56789,20181116,-9999,    9
 11098, 56789,20181117,-9999,    9
 11098, 56789,20181118,-9999,    9
 11098, 56789,20181119,-9999,    9
 11098, 56789,20181120,-9999,    9
 11098, 56789,20181121,-9999,    9
 11098, 56789,20181122,-9999,    9
 11098, 56789,20181123,-9999,    9
 11098, 56789,20181124,-9999,    9
 11098, 56789,20181125,-9999,    9
 11098, 56789,20181126,-9999,    9
 11098, 56789,20181127,-9999,    9
 11098, 56789,20181128,-9999,    9
 11098, 56789,20181129,-9999,    9
 11098, 56789,20181130,-9999,    9
 11098, 56789,20181201,-9999,    9
 11098, 56789,20181202,-9999,    9
 11098, 56789,20181203,-9999,    9
 11098, 56789,20181204,-9999,    9
 11098, 56789,20181205,-9999,    9
 11098, 56789,20181206,-9999,    9
 11098, 56789,20181207,-9999,    9
 11098, 56789,20181208,-9999,    9
 11098, 56789,20181209,-9999,    9
 11098, 56789,20181210,-9999,    9
 11098, 56789,20181211,-9999,    9
 11098, 56789,20181212,-9999,    9
 11098, 56789,20181213,-9999,    9
 11098, 56789,20181214,-9999,    9
 11098, 56789,20181215,-9999,    9
 11098, 56789,20181216,-9999,    9
 11098, 56789,20181217,-9999,    9
 11098, 56789,20181218,-9999,    9
 11098, 56789,20181219,-9999,    9
 11098, 56789,20181220,-9999,    9
 11098, 56789,20181221,-9999,    9
 11098, 56789,20181222,-9999,    9
 11098, 56789,20181223,-9999,    9
 11098, 56789,20181224,-9999,    9
 11098, 56789,20181225,-9999,    9
 11098, 56789,20181226,-9999,    9
 11098, 56789,20181227,-9999,    9
 11098, 56789,20181228,-9999,    9
 11098, 56789,20181229,-9999,    9
 11098, 56789,20181230,-9999,    9
 11098, 56789,20181231,-9999,    9
 11098, 56789,20190101,-9999,    9
 11098, 56789,20190102,-9999,    9
 11098, 56789,20190103,-9999,    9
 11098, 56789,20190104,-9999,    9
 11098, 56789,20190105,-9999,    9
 11098, 56789,20190106,-9999,    9
 11098, 56789,20190107,-9999,    9
 11098, 56789,20190108,-9999,    9
 11098, 56789,20190109,-9999,    9
 11098, 56789,20190110,-9999,    9
 11098, 56789,20190111,-9999,    9
 11098, 56789,20190112,-9999,    9
 11098, 56789,20190113,-9999,    9
 11098, 56789,20190114,-9999,    9
 11098, 56789,20190115,-9999,    9
 11098, 56789,20190116,-9999,    9
 11098, 56789,20190117,-9999,    9
 11098, 56789,20190118,-9999,    9
 11098, 56789,20190119,-9999,    9
 11098, 56789,20190120,-9999,    9
 11098, 56789,20190121,-9999,    9
 11098, 56789,20190122,-9999,    9
 11098, 56789,20190123,-9999,    9
 11098, 56789,20190124,-9999,    9
 11098, 56789,20190125,-9999,    9
 11098, 56789,20190126,-9999,    9
 11098, 56789,20190127,-9999,    9
 11098, 56789,20190128,-9999,    9
 11098, 56789,20190129,-9999,    9
 11098, 56789,20190130,-9999,    9
 11098, 56789,20190131,-9999,    9
 11098, 56789,20190201,-9999,    9
 11098, 56789,20190202,-9999,    9
 11098, 56789,20190203,-9999,    9
 11098, 56789,20190204,-9999,    9
 11098, 56789,20190205,-9999,    9
 11098, 56789,20190206,-9999,    9
 11098, 56789,20190207,-9999,    9
 11098, 56789,20190208,-9999,    9
 11098, 56789,20190209,-9999,    9
 11098, 56789,20190210,-9999,    9
 11098, 56789,20190211,-9999,    9
 11098, 56789,20190212,-9999,    9
 11098, 56789,20190213,-9999,    9
 11098, 56789,20190214,-9999,    9
 11098, 56789,20190215,-9999,    9
 11098, 56789,20190216,-9999,    9
 11098, 56789,20190217,-9999,    9
 11098, 56789,20190218,-9999,    9
 11098, 56789,20190219,-9999,    9
 11098, 56789,20190220,-9999,    9
 11098, 56789,20190221,-9999,    9
 11098, 56789,20190222,-9999,    9
 11098, 56789,20190223,-9999,    9
 11098, 56789,20190224,-9999,    9
 11098, 56789,20190225,-9999,    9
 11098, 56789,20190226,-9999,    9
 11098, 56789,20190227,-9999,    9
 11098, 56789,20190228,-9999,    9
 11098, 56789,20190301,-9999,    9
 11098, 56789,20190302,-9999,    9
 11098, 56789,20190303,-9999,    9
 11098, 56789,20190304,-9999,    9
 11098, 56789,20190305,-9999,    9
 11098, 56789,20190306,-9999,    9
 11098, 56789,20190307,-9999,    9
 11098, 56789,20190308,-9999,    9
 11098, 56789,20190309,-9999,    9
 11098, 56789,20190310,-9999,    9
 11098, 56789,20190311,-9999,    9
 11098, 56789,20190312,-9999,    9
 11098, 56789,20190313,-9999,    9
 11098, 56789,20190314,-9999,    9
 11098, 56789,20190315,-9999,    9
 11098, 56789,20190316,-9999,    9
 11098, 56789,20190317,-9999,    9
 11098, 56789,20190318,-9999,    9
 11098, 56789,20190319,-9999,    9
 11098, 56789,20190320,-9999,    9
 11098, 56789,20190321,-9999,    9
 11098, 56789,20190322,-9999,    9
 11098, 56789,20190323,-9999,    9
 11098, 56789,20190324,-9999,    9
 11098, 56789,20190325,-9999,    9
 11098, 56789,20190326,-9999,    9
 11098, 56789,20190327,-9999,    9
 11098, 56789,20190328,-9999,    9
 11098, 56789,20190329,-9999,    9
 11098, 56789,20190330,-9999,    9
 11098, 56789,20190331,-9999,    9
 11098, 56789,20190401,-9999,    9
 11098, 56789,20190402,-9999,    9
 11098, 56789,20190403,-9999,    9
 11098, 56789,20190404,-9999,    9
 11098, 56789,20190405,-9999,    9
 11098, 56789,20190406,-9999,    9
 11098, 56789,20190407,-9999,    9
 11098, 56789,20190408,-9999,    9
 11098, 56789,20190409,-9999,    9
 11098, 56789,20190410,-9999,    9
 11098, 56789,20190411,-9999,    9
 11098, 56789,20190412,-9999,    9
 11098, 56789,20190413,-9999,    9
 11098, 56789,20190414,-9999,    9
 11098, 56789,20190415,-9999,    9
 11098, 56789,20190416,-9999,    9
 11098, 56789,20190417,-9999,    9
 11098, 56789,20190418,-9999,    9
 11098, 56789,20190419,-9999,    9
 11098, 56789,20190420,-9999,    9
 11098, 56789,20190421,-9999,    9
 11098, 56789,20190422,-9999,    9
 11098, 56789,20190423,-9999,    9
 11098, 56789,20190424,-9999,    9
 11098, 56789,20190425,-9999,    9
 11098, 56789,20190426,-9999,    9
 11098, 56789,20190427,-9999,    9
 11098, 56789,20190428,-9999,    9
 11098, 56789,20190429,-9999,    9
 11098, 56789,20190430,-9999,    9
