EUROPEAN CLIMATE ASSESSMENT & DATASET (ECA&D), file created on: 13-05-2019
THESE DATA CAN BE USED FOR NON-COMMERCIAL RESEARCH AND EDUCATION PROVIDED THAT THE FOLLOWING SOURCE IS ACKNOWLEDGED: 

Klein Tank, A.M.G. and Coauthors, 2002. Daily dataset of 20th-century surface
air temperature and precipitation series for the European Climate Assessment.
Int. J. of Climatol., 22, 1441-1453.
Data and metadata available at http://www.ecad.eu

FILE FORMAT (MISSING VALUE CODE = -9999):

01-06 STAID: Station identifier
08-13 SOUID: Source identifier
15-22 DATE : Date YYYYMMDD
24-28 TG   : Mean temperature in 0.1 &#176;C
30-34 Q_TG : quality code for TG (0='valid'; 1='suspect'; 9='missing')

This is the blended series of station P11-B, NETHERLANDS (STAID: 10981)
Blended and updated with sources:55452 906203 
See files sources.txt and stations.txt for more info.

STAID, SOUID,    DATE,   TG, Q_TG
 10981, 55452,20130601,   92,    0
 10981, 55452,20130602,   95,    0
 10981, 55452,20130603,   96,    0
 10981, 55452,20130604,   96,    0
 10981, 55452,20130605,   94,    0
 10981, 55452,20130606,  106,    0
 10981, 55452,20130607,  107,    0
 10981, 55452,20130608,  105,    0
 10981, 55452,20130609,  104,    0
 10981, 55452,20130610,  108,    0
 10981, 55452,20130611,  120,    0
 10981, 55452,20130612,  132,    0
 10981, 55452,20130613,  124,    0
 10981, 55452,20130614,-9999,    9
 10981, 55452,20130615,  122,    0
 10981, 55452,20130616,  117,    0
 10981, 55452,20130617,  128,    0
 10981, 55452,20130618,  146,    0
 10981, 55452,20130619,  135,    0
 10981, 55452,20130620,  135,    0
 10981, 55452,20130621,  124,    0
 10981, 55452,20130622,  126,    0
 10981, 55452,20130623,  129,    0
 10981, 55452,20130624,  119,    0
 10981, 55452,20130625,  118,    0
 10981, 55452,20130626,  117,    0
 10981, 55452,20130627,  119,    0
 10981, 55452,20130628,  127,    0
 10981, 55452,20130629,  125,    0
 10981, 55452,20130630,  127,    0
 10981,906203,20130701,  123,    0
 10981,906203,20130702,  133,    0
 10981, 55452,20130703,-9999,    9
 10981,906203,20130704,  139,    0
 10981,906203,20130705,  134,    0
 10981,906203,20130706,  150,    0
 10981,906203,20130707,  157,    0
 10981,906203,20130708,  142,    0
 10981,906203,20130709,  142,    0
 10981,906203,20130710,  140,    0
 10981,906203,20130711,  132,    0
 10981,906203,20130712,  137,    0
 10981,906203,20130713,  139,    0
 10981,906203,20130714,  138,    0
 10981,906203,20130715,  145,    0
 10981,906203,20130716,  141,    0
 10981,906203,20130717,  161,    0
 10981,906203,20130718,  148,    0
 10981,906203,20130719,  163,    0
 10981,906203,20130720,  157,    0
 10981,906203,20130721,  169,    0
 10981,906203,20130722,  178,    0
 10981,906203,20130723,  172,    0
 10981,906203,20130724,  158,    0
 10981,906203,20130725,  172,    0
 10981,906203,20130726,  168,    0
 10981,906203,20130727,  173,    0
 10981,906203,20130728,  167,    0
 10981,906203,20130729,  168,    0
 10981,906203,20130730,  163,    0
 10981,906203,20130731,  169,    0
 10981,906203,20130801,  207,    0
 10981,906203,20130802,  199,    0
 10981,906203,20130803,  167,    0
 10981,906203,20130804,  171,    0
 10981,906203,20130805,  189,    0
 10981,906203,20130806,  165,    0
 10981,906203,20130807,  165,    0
 10981,906203,20130808,  163,    0
 10981,906203,20130809,  167,    0
 10981,906203,20130810,  161,    0
 10981,906203,20130811,  163,    0
 10981,906203,20130812,  163,    0
 10981,906203,20130813,  153,    0
 10981,906203,20130814,  160,    0
 10981,906203,20130815,  167,    0
 10981,906203,20130816,  175,    0
 10981,906203,20130817,  172,    0
 10981,906203,20130818,  170,    0
 10981,906203,20130819,  170,    0
 10981,906203,20130820,  171,    0
 10981,906203,20130821,  171,    0
 10981,906203,20130822,  175,    0
 10981,906203,20130823,  177,    0
 10981,906203,20130824,  184,    0
 10981,906203,20130825,  176,    0
 10981,906203,20130826,  182,    0
 10981,906203,20130827,  178,    0
 10981,906203,20130828,  171,    0
 10981,906203,20130829,  174,    0
 10981,906203,20130830,  179,    0
 10981,906203,20130831,  171,    0
 10981,906203,20130901,  162,    0
 10981,906203,20130902,  169,    0
 10981,906203,20130903,  184,    0
 10981,906203,20130904,  188,    0
 10981,906203,20130905,  221,    0
 10981,906203,20130906,  183,    0
 10981,906203,20130907,  172,    0
 10981,906203,20130908,  168,    0
 10981,906203,20130909,  143,    0
 10981,906203,20130910,  147,    0
 10981,906203,20130911,  155,    0
 10981,906203,20130912,  158,    0
 10981,906203,20130913,  165,    0
 10981,906203,20130914,  150,    0
 10981,906203,20130915,  148,    0
 10981,906203,20130916,  129,    0
 10981,906203,20130917,  130,    0
 10981,906203,20130918,  131,    0
 10981,906203,20130919,  141,    0
 10981,906203,20130920,  151,    0
 10981, 55452,20130921,-9999,    9
 10981,906203,20130922,  164,    0
 10981,906203,20130923,  163,    0
 10981,906203,20130924,  161,    0
 10981,906203,20130925,  162,    0
 10981,906203,20130926,  148,    0
 10981,906203,20130927,  137,    0
 10981,906203,20130928,  147,    0
 10981,906203,20130929,  148,    0
 10981,906203,20130930,  138,    0
 10981,906203,20131001,  138,    0
 10981,906203,20131002,  138,    0
 10981,906203,20131003,  152,    0
 10981,906203,20131004,  170,    0
 10981,906203,20131005,  166,    0
 10981,906203,20131006,  158,    0
 10981,906203,20131007,  158,    0
 10981,906203,20131008,  160,    0
 10981,906203,20131009,  147,    0
 10981,906203,20131010,  116,    0
 10981,906203,20131011,  128,    0
 10981,906203,20131012,  110,    0
 10981,906203,20131013,  123,    0
 10981,906203,20131014,  118,    0
 10981,906203,20131015,  121,    0
 10981,906203,20131016,  138,    0
 10981,906203,20131017,  133,    0
 10981,906203,20131018,  148,    0
 10981,906203,20131019,  141,    0
 10981,906203,20131020,  156,    0
 10981,906203,20131021,  156,    0
 10981,906203,20131022,  167,    0
 10981,906203,20131023,  163,    0
 10981,906203,20131024,  140,    0
 10981,906203,20131025,  146,    0
 10981,906203,20131026,  160,    0
 10981,906203,20131027,  150,    0
 10981,906203,20131028,  149,    0
 10981,906203,20131029,  118,    0
 10981,906203,20131030,  122,    0
 10981,906203,20131031,  130,    0
 10981,906203,20131101,  139,    0
 10981,906203,20131102,  127,    0
 10981,906203,20131103,  115,    0
 10981,906203,20131104,  101,    0
 10981,906203,20131105,  105,    0
 10981,906203,20131106,  113,    0
 10981,906203,20131107,  112,    0
 10981,906203,20131108,  119,    0
 10981,906203,20131109,  100,    0
 10981,906203,20131110,   94,    0
 10981,906203,20131111,  105,    0
 10981,906203,20131112,  110,    0
 10981,906203,20131113,  108,    0
 10981,906203,20131114,  102,    0
 10981,906203,20131115,   99,    0
 10981,906203,20131116,  103,    0
 10981,906203,20131117,  107,    0
 10981,906203,20131118,   95,    0
 10981,906203,20131119,   89,    0
 10981,906203,20131120,   75,    0
 10981,906203,20131121,   60,    0
 10981,906203,20131122,   73,    0
 10981,906203,20131123,   89,    0
 10981,906203,20131124,   93,    0
 10981,906203,20131125,   76,    0
 10981,906203,20131126,   86,    0
 10981,906203,20131127,   93,    0
 10981,906203,20131128,  108,    0
 10981,906203,20131129,   97,    0
 10981,906203,20131130,   82,    0
 10981,906203,20131201,   95,    0
 10981,906203,20131202,   95,    0
 10981,906203,20131203,   79,    0
 10981,906203,20131204,   83,    0
 10981,906203,20131205,   89,    0
 10981,906203,20131206,   56,    0
 10981,906203,20131207,   74,    0
 10981,906203,20131208,   96,    0
 10981,906203,20131209,   99,    0
 10981,906203,20131210,   86,    0
 10981,906203,20131211,   86,    0
 10981,906203,20131212,   71,    0
 10981,906203,20131213,   78,    0
 10981,906203,20131214,   89,    0
 10981,906203,20131215,   95,    0
 10981,906203,20131216,  103,    0
 10981,906203,20131217,   69,    0
 10981,906203,20131218,   83,    0
 10981,906203,20131219,   93,    0
 10981,906203,20131220,   76,    0
 10981,906203,20131221,   91,    0
 10981,906203,20131222,   92,    0
 10981,906203,20131223,   91,    0
 10981,906203,20131224,  103,    0
 10981,906203,20131225,   80,    0
 10981,906203,20131226,   75,    0
 10981,906203,20131227,   90,    0
 10981,906203,20131228,   93,    0
 10981,906203,20131229,   74,    0
 10981,906203,20131230,   85,    0
 10981,906203,20131231,   80,    0
 10981,906203,20140101,   79,    0
 10981,906203,20140102,   93,    0
 10981,906203,20140103,   97,    0
 10981,906203,20140104,   92,    0
 10981,906203,20140105,   81,    0
 10981,906203,20140106,   97,    0
 10981,906203,20140107,  108,    0
 10981,906203,20140108,   99,    0
 10981,906203,20140109,  103,    0
 10981,906203,20140110,   86,    0
 10981,906203,20140111,   87,    0
 10981,906203,20140112,   70,    0
 10981,906203,20140113,   72,    0
 10981,906203,20140114,   72,    0
 10981,906203,20140115,   76,    0
 10981,906203,20140116,   91,    0
 10981,906203,20140117,   86,    0
 10981,906203,20140118,   86,    0
 10981,906203,20140119,   84,    0
 10981,906203,20140120,   84,    0
 10981,906203,20140121,   70,    0
 10981,906203,20140122,   49,    0
 10981,906203,20140123,   74,    0
 10981,906203,20140124,   67,    0
 10981,906203,20140125,   72,    0
 10981,906203,20140126,   66,    0
 10981,906203,20140127,   68,    0
 10981,906203,20140128,   60,    0
 10981,906203,20140129,   45,    0
 10981,906203,20140130,   36,    0
 10981,906203,20140131,   62,    0
 10981,906203,20140201,   76,    0
 10981,906203,20140202,   78,    0
 10981,906203,20140203,   68,    0
 10981,906203,20140204,   71,    0
 10981,906203,20140205,   71,    0
 10981,906203,20140206,   86,    0
 10981,906203,20140207,   74,    0
 10981,906203,20140208,   82,    0
 10981,906203,20140209,   70,    0
 10981,906203,20140210,   68,    0
 10981,906203,20140211,   68,    0
 10981,906203,20140212,   72,    0
 10981,906203,20140213,   71,    0
 10981,906203,20140214,   72,    0
 10981,906203,20140215,   82,    0
 10981,906203,20140216,   74,    0
 10981,906203,20140217,   80,    0
 10981,906203,20140218,   83,    0
 10981,906203,20140219,   84,    0
 10981,906203,20140220,   88,    0
 10981,906203,20140221,   81,    0
 10981,906203,20140222,   84,    0
 10981,906203,20140223,   91,    0
 10981,906203,20140224,   88,    0
 10981,906203,20140225,   94,    0
 10981,906203,20140226,   82,    0
 10981,906203,20140227,   81,    0
 10981,906203,20140228,   68,    0
 10981,906203,20140301,   64,    0
 10981,906203,20140302,   73,    0
 10981,906203,20140303,   66,    0
 10981,906203,20140304,   78,    0
 10981,906203,20140305,   88,    0
 10981,906203,20140306,   92,    0
 10981,906203,20140307,   94,    0
 10981,906203,20140308,  101,    0
 10981,906203,20140309,  112,    0
 10981,906203,20140310,  111,    0
 10981,906203,20140311,   80,    0
 10981,906203,20140312,   86,    0
 10981,906203,20140313,   88,    0
 10981,906203,20140314,   77,    0
 10981,906203,20140315,   92,    0
 10981,906203,20140316,   99,    0
 10981,906203,20140317,   97,    0
 10981,906203,20140318,   95,    0
 10981,906203,20140319,   96,    0
 10981,906203,20140320,  102,    0
 10981,906203,20140321,   82,    0
 10981,906203,20140322,   63,    0
 10981,906203,20140323,   69,    0
 10981,906203,20140324,   71,    0
 10981,906203,20140325,   79,    0
 10981,906203,20140326,   71,    0
 10981,906203,20140327,   80,    0
 10981,906203,20140328,   95,    0
 10981,906203,20140329,  112,    0
 10981,906203,20140330,  123,    0
 10981,906203,20140331,  115,    0
 10981,906203,20140401,  108,    0
 10981,906203,20140402,  107,    0
 10981,906203,20140403,  121,    0
 10981,906203,20140404,  102,    0
 10981,906203,20140405,  104,    0
 10981,906203,20140406,  108,    0
 10981,906203,20140407,  122,    0
 10981,906203,20140408,   95,    0
 10981,906203,20140409,   96,    0
 10981,906203,20140410,  106,    0
 10981,906203,20140411,  100,    0
 10981,906203,20140412,   95,    0
 10981,906203,20140413,   98,    0
 10981,906203,20140414,   91,    0
 10981,906203,20140415,   78,    0
 10981,906203,20140416,   83,    0
 10981,906203,20140417,  100,    0
 10981,906203,20140418,   85,    0
 10981,906203,20140419,   84,    0
 10981,906203,20140420,  123,    0
 10981,906203,20140421,  117,    0
 10981,906203,20140422,  113,    0
 10981,906203,20140423,  118,    0
 10981,906203,20140424,  113,    0
 10981,906203,20140425,  130,    0
 10981,906203,20140426,  115,    0
 10981,906203,20140427,  112,    0
 10981,906203,20140428,  115,    0
 10981,906203,20140429,  102,    0
 10981,906203,20140430,   98,    0
 10981,906203,20140501,  100,    0
 10981,906203,20140502,   99,    0
 10981,906203,20140503,   89,    0
 10981,906203,20140504,   88,    0
 10981,906203,20140505,  112,    0
 10981,906203,20140506,  125,    0
 10981,906203,20140507,  119,    0
 10981,906203,20140508,  118,    0
 10981,906203,20140509,  124,    0
 10981,906203,20140510,  122,    0
 10981,906203,20140511,  114,    0
 10981,906203,20140512,  108,    0
 10981,906203,20140513,  110,    0
 10981,906203,20140514,  107,    0
 10981,906203,20140515,  105,    0
 10981,906203,20140516,  118,    0
 10981,906203,20140517,  126,    0
 10981,906203,20140518,  141,    0
 10981,906203,20140519,  151,    0
 10981,906203,20140520,  166,    0
 10981,906203,20140521,  133,    0
 10981,906203,20140522,  141,    0
 10981,906203,20140523,  137,    0
 10981,906203,20140524,  137,    0
 10981,906203,20140525,  134,    0
 10981,906203,20140526,  146,    0
 10981,906203,20140527,  141,    0
 10981,906203,20140528,  128,    0
 10981,906203,20140529,  120,    0
 10981,906203,20140530,  124,    0
 10981,906203,20140531,  130,    0
 10981,906203,20140601,  131,    0
 10981,906203,20140602,  133,    0
 10981,906203,20140603,  135,    0
 10981,906203,20140604,  137,    0
 10981,906203,20140605,  132,    0
 10981,906203,20140606,  143,    0
 10981,906203,20140607,  168,    0
 10981,906203,20140608,  166,    0
 10981,906203,20140609,  174,    0
 10981,906203,20140610,  161,    0
 10981,906203,20140611,  152,    0
 10981,906203,20140612,  159,    0
 10981,906203,20140613,  152,    0
 10981,906203,20140614,  148,    0
 10981,906203,20140615,  141,    0
 10981,906203,20140616,  138,    0
 10981,906203,20140617,  138,    0
 10981,906203,20140618,  142,    0
 10981,906203,20140619,  143,    0
 10981,906203,20140620,  141,    0
 10981,906203,20140621,  149,    0
 10981,906203,20140622,  149,    0
 10981,906203,20140623,  150,    0
 10981,906203,20140624,  154,    0
 10981,906203,20140625,  142,    0
 10981,906203,20140626,  146,    0
 10981,906203,20140627,  153,    0
 10981,906203,20140628,  153,    0
 10981,906203,20140629,  150,    0
 10981,906203,20140630,  148,    0
 10981,906203,20140701,  147,    0
 10981,906203,20140702,  148,    0
 10981,906203,20140703,  164,    0
 10981,906203,20140704,  186,    0
 10981,906203,20140705,  170,    0
 10981,906203,20140706,  173,    0
 10981,906203,20140707,  161,    0
 10981,906203,20140708,  158,    0
 10981,906203,20140709,  157,    0
 10981,906203,20140710,  160,    0
 10981,906203,20140711,  166,    0
 10981,906203,20140712,  152,    0
 10981,906203,20140713,  159,    0
 10981,906203,20140714,  165,    0
 10981,906203,20140715,  171,    0
 10981,906203,20140716,  170,    0
 10981,906203,20140717,  176,    0
 10981,906203,20140718,  208,    0
 10981,906203,20140719,  226,    0
 10981,906203,20140720,  184,    0
 10981,906203,20140721,  169,    0
 10981,906203,20140722,  182,    0
 10981,906203,20140723,  197,    0
 10981,906203,20140724,  195,    0
 10981,906203,20140725,  198,    0
 10981,906203,20140726,  185,    0
 10981,906203,20140727,  170,    0
 10981,906203,20140728,  181,    0
 10981,906203,20140729,  186,    0
 10981,906203,20140730,  178,    0
 10981,906203,20140731,  178,    0
 10981,906203,20140801,  180,    0
 10981,906203,20140802,  187,    0
 10981,906203,20140803,  180,    0
 10981,906203,20140804,  182,    0
 10981,906203,20140805,  182,    0
 10981,906203,20140806,  190,    0
 10981,906203,20140807,  188,    0
 10981,906203,20140808,  190,    0
 10981,906203,20140809,  172,    0
 10981,906203,20140810,  191,    0
 10981,906203,20140811,  171,    0
 10981,906203,20140812,  171,    0
 10981,906203,20140813,  171,    0
 10981,906203,20140814,  169,    0
 10981,906203,20140815,  163,    0
 10981,906203,20140816,  166,    0
 10981,906203,20140817,  173,    0
 10981,906203,20140818,  153,    0
 10981,906203,20140819,  144,    0
 10981,906203,20140820,  148,    0
 10981,906203,20140821,  151,    0
 10981,906203,20140822,  150,    0
 10981,906203,20140823,  141,    0
 10981,906203,20140824,  149,    0
 10981,906203,20140825,  147,    0
 10981,906203,20140826,  158,    0
 10981,906203,20140827,  167,    0
 10981,906203,20140828,  176,    0
 10981,906203,20140829,  174,    0
 10981,906203,20140830,  174,    0
 10981,906203,20140831,  163,    0
 10981, 55452,20140901,  168,    0
 10981, 55452,20140902,  175,    0
 10981, 55452,20140903,  179,    0
 10981, 55452,20140904,  179,    0
 10981, 55452,20140905,  179,    0
 10981, 55452,20140906,  171,    0
 10981, 55452,20140907,  168,    0
 10981, 55452,20140908,  162,    0
 10981, 55452,20140909,  157,    0
 10981, 55452,20140910,  160,    0
 10981, 55452,20140911,  169,    0
 10981, 55452,20140912,  173,    0
 10981, 55452,20140913,  170,    0
 10981, 55452,20140914,  172,    0
 10981, 55452,20140915,-9999,    9
 10981,906203,20140916,  180,    0
 10981, 55452,20140917,-9999,    9
 10981, 55452,20140918,  190,    0
 10981, 55452,20140919,  181,    0
 10981, 55452,20140920,  175,    0
 10981, 55452,20140921,  159,    0
 10981, 55452,20140922,  152,    0
 10981, 55452,20140923,  164,    0
 10981, 55452,20140924,  154,    0
 10981, 55452,20140925,  162,    0
 10981, 55452,20140926,  175,    0
 10981, 55452,20140927,  173,    0
 10981, 55452,20140928,  176,    0
 10981, 55452,20140929,  177,    0
 10981, 55452,20140930,  171,    0
 10981, 55452,20141001,  175,    0
 10981, 55452,20141002,  168,    0
 10981, 55452,20141003,  175,    0
 10981, 55452,20141004,  165,    0
 10981, 55452,20141005,  145,    0
 10981, 55452,20141006,  141,    0
 10981, 55452,20141007,  145,    0
 10981, 55452,20141008,  156,    0
 10981, 55452,20141009,  164,    0
 10981, 55452,20141010,  159,    0
 10981, 55452,20141011,  156,    0
 10981, 55452,20141012,  150,    0
 10981, 55452,20141013,  153,    0
 10981, 55452,20141014,  148,    0
 10981, 55452,20141015,  152,    0
 10981, 55452,20141016,  158,    0
 10981, 55452,20141017,  165,    0
 10981, 55452,20141018,  175,    0
 10981, 55452,20141019,  173,    0
 10981, 55452,20141020,  153,    0
 10981, 55452,20141021,  134,    0
 10981, 55452,20141022,  124,    0
 10981, 55452,20141023,  142,    0
 10981, 55452,20141024,  144,    0
 10981, 55452,20141025,  141,    0
 10981, 55452,20141026,  151,    0
 10981, 55452,20141027,  153,    0
 10981, 55452,20141028,  131,    0
 10981, 55452,20141029,  138,    0
 10981, 55452,20141030,  146,    0
 10981, 55452,20141031,  158,    0
 10981, 55452,20141101,  158,    0
 10981, 55452,20141102,  147,    0
 10981, 55452,20141103,  128,    0
 10981, 55452,20141104,  113,    0
 10981, 55452,20141105,  114,    0
 10981, 55452,20141106,  111,    0
 10981, 55452,20141107,  119,    0
 10981, 55452,20141108,  126,    0
 10981, 55452,20141109,  126,    0
 10981, 55452,20141110,  122,    0
 10981, 55452,20141111,  122,    0
 10981, 55452,20141112,  131,    0
 10981, 55452,20141113,  124,    0
 10981, 55452,20141114,  116,    0
 10981, 55452,20141115,  118,    0
 10981, 55452,20141116,  108,    0
 10981, 55452,20141117,  110,    0
 10981, 55452,20141118,  101,    0
 10981, 55452,20141119,  101,    0
 10981, 55452,20141120,   88,    0
 10981, 55452,20141121,   84,    0
 10981, 55452,20141122,  116,    0
 10981, 55452,20141123,  117,    0
 10981, 55452,20141124,  103,    0
 10981, 55452,20141125,   99,    0
 10981, 55452,20141126,   79,    0
 10981, 55452,20141127,  104,    0
 10981, 55452,20141128,   96,    0
 10981, 55452,20141129,   70,    0
 10981, 55452,20141130,   67,    0
 10981, 55452,20141201,   39,    0
 10981, 55452,20141202,   59,    0
 10981, 55452,20141203,   51,    0
 10981, 55452,20141204,   33,    0
 10981, 55452,20141205,   79,    0
 10981, 55452,20141206,   86,    0
 10981, 55452,20141207,   92,    0
 10981, 55452,20141208,   72,    0
 10981, 55452,20141209,   86,    0
 10981, 55452,20141210,   90,    0
 10981, 55452,20141211,   86,    0
 10981, 55452,20141212,   85,    0
 10981, 55452,20141213,   72,    0
 10981, 55452,20141214,   83,    0
 10981, 55452,20141215,   85,    0
 10981, 55452,20141216,   80,    0
 10981, 55452,20141217,  104,    0
 10981, 55452,20141218,  118,    0
 10981, 55452,20141219,   99,    0
 10981, 55452,20141220,   89,    0
 10981, 55452,20141221,   96,    0
 10981, 55452,20141222,  118,    0
 10981, 55452,20141223,  113,    0
 10981, 55452,20141224,   92,    0
 10981, 55452,20141225,   75,    0
 10981, 55452,20141226,   69,    0
 10981, 55452,20141227,   39,    0
 10981, 55452,20141228,   47,    0
 10981, 55452,20141229,   76,    0
 10981, 55452,20141230,   72,    0
 10981, 55452,20141231,   72,    0
 10981, 55452,20150101,   82,    0
 10981, 55452,20150102,   90,    0
 10981, 55452,20150103,   68,    0
 10981, 55452,20150104,   70,    0
 10981, 55452,20150105,   72,    0
 10981, 55452,20150106,   65,    0
 10981, 55452,20150107,   77,    0
 10981, 55452,20150108,   88,    0
 10981, 55452,20150109,  104,    0
 10981, 55452,20150110,   93,    0
 10981, 55452,20150111,   70,    0
 10981, 55452,20150112,   96,    0
 10981, 55452,20150113,   87,    0
 10981, 55452,20150114,   66,    0
 10981, 55452,20150115,   86,    0
 10981, 55452,20150116,   72,    0
 10981, 55452,20150117,   59,    0
 10981, 55452,20150118,   55,    0
 10981, 55452,20150119,   48,    0
 10981, 55452,20150120,   42,    0
 10981, 55452,20150121,   28,    0
 10981, 55452,20150122,   22,    0
 10981, 55452,20150123,   33,    0
 10981, 55452,20150124,   65,    0
 10981, 55452,20150125,   70,    0
 10981, 55452,20150126,   79,    0
 10981, 55452,20150127,   71,    0
 10981, 55452,20150128,   68,    0
 10981, 55452,20150129,   45,    0
 10981, 55452,20150130,   42,    0
 10981, 55452,20150131,   45,    0
 10981, 55452,20150201,   53,    0
 10981, 55452,20150202,   40,    0
 10981, 55452,20150203,   46,    0
 10981, 55452,20150204,   48,    0
 10981, 55452,20150205,   30,    0
 10981, 55452,20150206,   31,    0
 10981, 55452,20150207,   59,    0
 10981, 55452,20150208,   67,    0
 10981, 55452,20150209,   65,    0
 10981, 55452,20150210,   64,    0
 10981, 55452,20150211,   47,    0
 10981, 55452,20150212,   42,    0
 10981, 55452,20150213,   64,    0
 10981, 55452,20150214,   70,    0
 10981, 55452,20150215,   49,    0
 10981, 55452,20150216,   44,    0
 10981, 55452,20150217,   65,    0
 10981, 55452,20150218,   67,    0
 10981, 55452,20150219,   56,    0
 10981, 55452,20150220,   60,    0
 10981, 55452,20150221,   54,    0
 10981, 55452,20150222,   52,    0
 10981, 55452,20150223,   68,    0
 10981, 55452,20150224,   67,    0
 10981, 55452,20150225,   66,    0
 10981, 55452,20150226,   70,    0
 10981, 55452,20150227,   59,    0
 10981, 55452,20150228,   63,    0
 10981, 55452,20150301,-9999,    9
 10981, 55452,20150302,   59,    0
 10981, 55452,20150303,   63,    0
 10981, 55452,20150304,   63,    0
 10981, 55452,20150305,   67,    0
 10981, 55452,20150306,   73,    0
 10981, 55452,20150307,   80,    0
 10981, 55452,20150308,   78,    0
 10981, 55452,20150309,   71,    0
 10981, 55452,20150310,   74,    0
 10981, 55452,20150311,   59,    0
 10981, 55452,20150312,   71,    0
 10981, 55452,20150313,   58,    0
 10981, 55452,20150314,   54,    0
 10981, 55452,20150315,   60,    0
 10981, 55452,20150316,   64,    0
 10981, 55452,20150317,   75,    0
 10981, 55452,20150318,   61,    0
 10981, 55452,20150319,   64,    0
 10981, 55452,20150320,   53,    0
 10981, 55452,20150321,   65,    0
 10981, 55452,20150322,   46,    0
 10981, 55452,20150323,   58,    0
 10981, 55452,20150324,   65,    0
 10981, 55452,20150325,   60,    0
 10981, 55452,20150326,   64,    0
 10981, 55452,20150327,   68,    0
 10981, 55452,20150328,   77,    0
 10981, 55452,20150329,   83,    0
 10981, 55452,20150330,   72,    0
 10981, 55452,20150331,   83,    0
 10981, 55452,20150401,   67,    0
 10981, 55452,20150402,   60,    0
 10981, 55452,20150403,   65,    0
 10981, 55452,20150404,   57,    0
 10981, 55452,20150405,   62,    0
 10981, 55452,20150406,   69,    0
 10981, 55452,20150407,   61,    0
 10981, 55452,20150408,   55,    0
 10981, 55452,20150409,   69,    0
 10981, 55452,20150410,   72,    0
 10981, 55452,20150411,   88,    0
 10981, 55452,20150412,   84,    0
 10981, 55452,20150413,   73,    0
 10981, 55452,20150414,   95,    0
 10981, 55452,20150415,   99,    0
 10981, 55452,20150416,   83,    0
 10981, 55452,20150417,   77,    0
 10981,906203,20150418,   79,    0
 10981, 55452,20150419,-9999,    9
 10981, 55452,20150420,   86,    0
 10981, 55452,20150421,   81,    0
 10981, 55452,20150422,   80,    0
 10981, 55452,20150423,   72,    0
 10981, 55452,20150424,   88,    0
 10981, 55452,20150425,   97,    0
 10981, 55452,20150426,   79,    0
 10981, 55452,20150427,   71,    0
 10981, 55452,20150428,   80,    0
 10981, 55452,20150429,   89,    0
 10981, 55452,20150430,   88,    0
 10981, 55452,20150501,   79,    0
 10981, 55452,20150502,   88,    0
 10981, 55452,20150503,  104,    0
 10981, 55452,20150504,  109,    0
 10981, 55452,20150505,  120,    0
 10981, 55452,20150506,  108,    0
 10981, 55452,20150507,  103,    0
 10981, 55452,20150508,  114,    0
 10981, 55452,20150509,  111,    0
 10981, 55452,20150510,  110,    0
 10981, 55452,20150511,  125,    0
 10981, 55452,20150512,  113,    0
 10981, 55452,20150513,  103,    0
 10981, 55452,20150514,   97,    0
 10981, 55452,20150515,   88,    0
 10981, 55452,20150516,  111,    0
 10981, 55452,20150517,  108,    0
 10981, 55452,20150518,  108,    0
 10981, 55452,20150519,  101,    0
 10981, 55452,20150520,   98,    0
 10981, 55452,20150521,  110,    0
 10981, 55452,20150522,  116,    0
 10981, 55452,20150523,  104,    0
 10981, 55452,20150524,  107,    0
 10981, 55452,20150525,  111,    0
 10981, 55452,20150526,  112,    0
 10981, 55452,20150527,  115,    0
 10981, 55452,20150528,  121,    0
 10981, 55452,20150529,  115,    0
 10981, 55452,20150530,  111,    0
 10981, 55452,20150531,  123,    0
 10981, 55452,20150601,  116,    0
 10981, 55452,20150602,  135,    0
 10981, 55452,20150603,  128,    0
 10981, 55452,20150604,  138,    0
 10981, 55452,20150605,  157,    0
 10981, 55452,20150606,  128,    0
 10981, 55452,20150607,  125,    0
 10981, 55452,20150608,  116,    0
 10981, 55452,20150609,  111,    0
 10981, 55452,20150610,  123,    0
 10981, 55452,20150611,  140,    0
 10981, 55452,20150612,  162,    0
 10981, 55452,20150613,  136,    0
 10981, 55452,20150614,  129,    0
 10981, 55452,20150615,  118,    0
 10981, 55452,20150616,  124,    0
 10981, 55452,20150617,  142,    0
 10981, 55452,20150618,  128,    0
 10981, 55452,20150619,  127,    0
 10981, 55452,20150620,  130,    0
 10981, 55452,20150621,  140,    0
 10981, 55452,20150622,  129,    0
 10981, 55452,20150623,  128,    0
 10981, 55452,20150624,  142,    0
 10981, 55452,20150625,  149,    0
 10981, 55452,20150626,  157,    0
 10981, 55452,20150627,  153,    0
 10981, 55452,20150628,  153,    0
 10981, 55452,20150629,  153,    0
 10981, 55452,20150630,  172,    0
 10981, 55452,20150701,  217,    0
 10981, 55452,20150702,  178,    0
 10981, 55452,20150703,  158,    0
 10981, 55452,20150704,  178,    0
 10981, 55452,20150705,  160,    0
 10981, 55452,20150706,  159,    0
 10981, 55452,20150707,  168,    0
 10981, 55452,20150708,  150,    0
 10981, 55452,20150709,  140,    0
 10981, 55452,20150710,  161,    0
 10981, 55452,20150711,  172,    0
 10981, 55452,20150712,  164,    0
 10981, 55452,20150713,  164,    0
 10981, 55452,20150714,  163,    0
 10981, 55452,20150715,  161,    0
 10981, 55452,20150716,  161,    0
 10981, 55452,20150717,  176,    0
 10981, 55452,20150718,  162,    0
 10981, 55452,20150719,  165,    0
 10981, 55452,20150720,  171,    0
 10981, 55452,20150721,  170,    0
 10981, 55452,20150722,  170,    0
 10981, 55452,20150723,  162,    0
 10981, 55452,20150724,  171,    0
 10981, 55452,20150725,  149,    0
 10981, 55452,20150726,  157,    0
 10981, 55452,20150727,  167,    0
 10981, 55452,20150728,  158,    0
 10981, 55452,20150729,  147,    0
 10981, 55452,20150730,  147,    0
 10981, 55452,20150731,  151,    0
 10981, 55452,20150801,  168,    0
 10981, 55452,20150802,  174,    0
 10981, 55452,20150803,  186,    0
 10981, 55452,20150804,  171,    0
 10981, 55452,20150805,  182,    0
 10981, 55452,20150806,  183,    0
 10981, 55452,20150807,  170,    0
 10981, 55452,20150808,  172,    0
 10981, 55452,20150809,  181,    0
 10981, 55452,20150810,  176,    0
 10981, 55452,20150811,  177,    0
 10981, 55452,20150812,  178,    0
 10981, 55452,20150813,  189,    0
 10981, 55452,20150814,  187,    0
 10981, 55452,20150815,  169,    0
 10981, 55452,20150816,  167,    0
 10981, 55452,20150817,  154,    0
 10981, 55452,20150818,  149,    0
 10981, 55452,20150819,  178,    0
 10981, 55452,20150820,  183,    0
 10981, 55452,20150821,  192,    0
 10981, 55452,20150822,  203,    0
 10981, 55452,20150823,  190,    0
 10981, 55452,20150824,  171,    0
 10981, 55452,20150825,  167,    0
 10981, 55452,20150826,  186,    0
 10981, 55452,20150827,  171,    0
 10981, 55452,20150828,  170,    0
 10981, 55452,20150829,  175,    0
 10981, 55452,20150830,  185,    0
 10981, 55452,20150831,  178,    0
 10981, 55452,20150901,  161,    0
 10981, 55452,20150902,  153,    0
 10981, 55452,20150903,  144,    0
 10981, 55452,20150904,  143,    0
 10981, 55452,20150905,  142,    0
 10981, 55452,20150906,  144,    0
 10981, 55452,20150907,  151,    0
 10981, 55452,20150908,  148,    0
 10981, 55452,20150909,  162,    0
 10981, 55452,20150910,  164,    0
 10981, 55452,20150911,  162,    0
 10981, 55452,20150912,  170,    0
 10981, 55452,20150913,  151,    0
 10981, 55452,20150914,  157,    0
 10981, 55452,20150915,  146,    0
 10981, 55452,20150916,  159,    0
 10981, 55452,20150917,  158,    0
 10981, 55452,20150918,  153,    0
 10981, 55452,20150919,  154,    0
 10981, 55452,20150920,  162,    0
 10981, 55452,20150921,  154,    0
 10981, 55452,20150922,  144,    0
 10981, 55452,20150923,  153,    0
 10981, 55452,20150924,  156,    0
 10981, 55452,20150925,  148,    0
 10981, 55452,20150926,  149,    0
 10981, 55452,20150927,  150,    0
 10981, 55452,20150928,  152,    0
 10981, 55452,20150929,  151,    0
 10981, 55452,20150930,  151,    0
 10981, 55452,20151001,  149,    0
 10981, 55452,20151002,  146,    0
 10981, 55452,20151003,  143,    0
 10981, 55452,20151004,  147,    0
 10981, 55452,20151005,  150,    0
 10981, 55452,20151006,  159,    0
 10981, 55452,20151007,  155,    0
 10981, 55452,20151008,  136,    0
 10981, 55452,20151009,  139,    0
 10981, 55452,20151010,  138,    0
 10981, 55452,20151011,  106,    0
 10981, 55452,20151012,   94,    0
 10981, 55452,20151013,  101,    0
 10981, 55452,20151014,  103,    0
 10981, 55452,20151015,  102,    0
 10981, 55452,20151016,  116,    0
 10981, 55452,20151017,  121,    0
 10981, 55452,20151018,  123,    0
 10981, 55452,20151019,  133,    0
 10981, 55452,20151020,  130,    0
 10981, 55452,20151021,  133,    0
 10981, 55452,20151022,  143,    0
 10981, 55452,20151023,  133,    0
 10981, 55452,20151024,  131,    0
 10981, 55452,20151025,  121,    0
 10981, 55452,20151026,  131,    0
 10981, 55452,20151027,  139,    0
 10981, 55452,20151028,  140,    0
 10981, 55452,20151029,  125,    0
 10981, 55452,20151030,  135,    0
 10981, 55452,20151031,  130,    0
 10981, 55452,20151101,  129,    0
 10981, 55452,20151102,  119,    0
 10981, 55452,20151103,  131,    0
 10981, 55452,20151104,  139,    0
 10981, 55452,20151105,  142,    0
 10981, 55452,20151106,  149,    0
 10981, 55452,20151107,  154,    0
 10981, 55452,20151108,  143,    0
 10981, 55452,20151109,  140,    0
 10981, 55452,20151110,  147,    0
 10981, 55452,20151111,  143,    0
 10981, 55452,20151112,  140,    0
 10981, 55452,20151113,  121,    0
 10981, 55452,20151114,  113,    0
 10981, 55452,20151115,  146,    0
 10981, 55452,20151116,  136,    0
 10981, 55452,20151117,  137,    0
 10981, 55452,20151118,  134,    0
 10981, 55452,20151119,  120,    0
 10981, 55452,20151120,   91,    0
 10981, 55452,20151121,   77,    0
 10981, 55452,20151122,   70,    0
 10981, 55452,20151123,   83,    0
 10981, 55452,20151124,   93,    0
 10981, 55452,20151125,   92,    0
 10981, 55452,20151126,   99,    0
 10981, 55452,20151127,  104,    0
 10981, 55452,20151128,   89,    0
 10981, 55452,20151129,  114,    0
 10981, 55452,20151130,  103,    0
 10981, 55452,20151201,  112,    0
 10981, 55452,20151202,  123,    0
 10981, 55452,20151203,  113,    0
 10981, 55452,20151204,  111,    0
 10981, 55452,20151205,  117,    0
 10981, 55452,20151206,  123,    0
 10981, 55452,20151207,  115,    0
 10981, 55452,20151208,  114,    0
 10981, 55452,20151209,  103,    0
 10981, 55452,20151210,  100,    0
 10981, 55452,20151211,  102,    0
 10981, 55452,20151212,  101,    0
 10981, 55452,20151213,   86,    0
 10981, 55452,20151214,   88,    0
 10981, 55452,20151215,   92,    0
 10981, 55452,20151216,  121,    0
 10981, 55452,20151217,  126,    0
 10981, 55452,20151218,  120,    0
 10981, 55452,20151219,  124,    0
 10981, 55452,20151220,  124,    0
 10981, 55452,20151221,  116,    0
 10981, 55452,20151222,  127,    0
 10981, 55452,20151223,  115,    0
 10981, 55452,20151224,  108,    0
 10981, 55452,20151225,  111,    0
 10981, 55452,20151226,  130,    0
 10981, 55452,20151227,  123,    0
 10981, 55452,20151228,  109,    0
 10981, 55452,20151229,  111,    0
 10981, 55452,20151230,  103,    0
 10981, 55452,20151231,  104,    0
 10981, 55452,20160101,   84,    0
 10981, 55452,20160102,   86,    0
 10981, 55452,20160103,   85,    0
 10981, 55452,20160104,   96,    0
 10981, 55452,20160105,   85,    0
 10981, 55452,20160106,   81,    0
 10981, 55452,20160107,   80,    0
 10981, 55452,20160108,   86,    0
 10981, 55452,20160109,   87,    0
 10981, 55452,20160110,   89,    0
 10981, 55452,20160111,   76,    0
 10981, 55452,20160112,   76,    0
 10981, 55452,20160113,   73,    0
 10981, 55452,20160114,   60,    0
 10981, 55452,20160115,   61,    0
 10981, 55452,20160116,   60,    0
 10981, 55452,20160117,   40,    0
 10981, 55452,20160118,   17,    0
 10981, 55452,20160119,   52,    0
 10981, 55452,20160120,   62,    0
 10981, 55452,20160121,   58,    0
 10981, 55452,20160122,   66,    0
 10981, 55452,20160123,   90,    0
 10981, 55452,20160124,   94,    0
 10981, 55452,20160125,  101,    0
 10981, 55452,20160126,   99,    0
 10981, 55452,20160127,  107,    0
 10981, 55452,20160128,   80,    0
 10981, 55452,20160129,  103,    0
 10981, 55452,20160130,   82,    0
 10981, 55452,20160131,   83,    0
 10981, 55452,20160201,  109,    0
 10981, 55452,20160202,   89,    0
 10981, 55452,20160203,   62,    0
 10981, 55452,20160204,   78,    0
 10981, 55452,20160205,   94,    0
 10981, 55452,20160206,   96,    0
 10981, 55452,20160207,   88,    0
 10981, 55452,20160208,   90,    0
 10981, 55452,20160209,   70,    0
 10981, 55452,20160210,   66,    0
 10981, 55452,20160211,   65,    0
 10981, 55452,20160212,   55,    0
 10981, 55452,20160213,   45,    0
 10981, 55452,20160214,   49,    0
 10981, 55452,20160215,   57,    0
 10981, 55452,20160216,   50,    0
 10981, 55452,20160217,   34,    0
 10981, 55452,20160218,   51,    0
 10981, 55452,20160219,   69,    0
 10981, 55452,20160220,   90,    0
 10981, 55452,20160221,  100,    0
 10981, 55452,20160222,   78,    0
 10981, 55452,20160223,   63,    0
 10981, 55452,20160224,   51,    0
 10981, 55452,20160225,   43,    0
 10981, 55452,20160226,   49,    0
 10981, 55452,20160227,   51,    0
 10981, 55452,20160228,   55,    0
 10981, 55452,20160229,   53,    0
 10981, 55452,20160301,   69,    0
 10981, 55452,20160302,   60,    0
 10981, 55452,20160303,   61,    0
 10981, 55452,20160304,   54,    0
 10981, 55452,20160305,   55,    0
 10981, 55452,20160306,-9999,    9
 10981, 55452,20160307,   43,    0
 10981, 55452,20160308,   59,    0
 10981, 55452,20160309,   66,    0
 10981, 55452,20160310,   62,    0
 10981, 55452,20160311,   51,    0
 10981, 55452,20160312,   52,    0
 10981, 55452,20160313,   52,    0
 10981, 55452,20160314,   52,    0
 10981, 55452,20160315,   65,    0
 10981, 55452,20160316,   65,    0
 10981, 55452,20160317,   64,    0
 10981, 55452,20160318,   60,    0
 10981, 55452,20160319,   64,    0
 10981, 55452,20160320,   72,    0
 10981, 55452,20160321,   75,    0
 10981, 55452,20160322,   76,    0
 10981, 55452,20160323,   79,    0
 10981, 55452,20160324,   77,    0
 10981, 55452,20160325,   78,    0
 10981, 55452,20160326,   90,    0
 10981, 55452,20160327,   84,    0
 10981, 55452,20160328,   88,    0
 10981, 55452,20160329,   79,    0
 10981, 55452,20160330,   78,    0
 10981, 55452,20160331,   78,    0
 10981, 55452,20160401,   71,    0
 10981, 55452,20160402,   86,    0
 10981, 55452,20160403,   98,    0
 10981, 55452,20160404,   97,    0
 10981, 55452,20160405,   93,    0
 10981, 55452,20160406,   86,    0
 10981, 55452,20160407,   75,    0
 10981, 55452,20160408,   80,    0
 10981, 55452,20160409,   86,    0
 10981, 55452,20160410,   85,    0
 10981, 55452,20160411,  112,    0
 10981, 55452,20160412,   96,    0
 10981, 55452,20160413,   93,    0
 10981, 55452,20160414,   99,    0
 10981, 55452,20160415,   90,    0
 10981, 55452,20160416,   71,    0
 10981, 55452,20160417,   73,    0
 10981, 55452,20160418,   90,    0
 10981, 55452,20160419,   87,    0
 10981, 55452,20160420,   82,    0
 10981, 55452,20160421,   87,    0
 10981, 55452,20160422,   83,    0
 10981, 55452,20160423,   66,    0
 10981, 55452,20160424,   60,    0
 10981, 55452,20160425,   67,    0
 10981, 55452,20160426,   62,    0
 10981, 55452,20160427,   67,    0
 10981, 55452,20160428,   66,    0
 10981, 55452,20160429,   78,    0
 10981, 55452,20160430,   80,    0
 10981, 55452,20160501,   84,    0
 10981, 55452,20160502,   96,    0
 10981, 55452,20160503,   93,    0
 10981, 55452,20160504,  101,    0
 10981, 55452,20160505,  115,    0
 10981, 55452,20160506,  136,    0
 10981, 55452,20160507,  169,    0
 10981, 55452,20160508,  161,    0
 10981, 55452,20160509,  159,    0
 10981, 55452,20160510,  146,    0
 10981, 55452,20160511,  142,    0
 10981, 55452,20160512,  135,    0
 10981, 55452,20160513,  107,    0
 10981, 55452,20160514,   84,    0
 10981, 55452,20160515,   89,    0
 10981, 55452,20160516,   98,    0
 10981, 55452,20160517,  110,    0
 10981, 55452,20160518,  115,    0
 10981, 55452,20160519,  115,    0
 10981, 55452,20160520,  119,    0
 10981, 55452,20160521,  131,    0
 10981, 55452,20160522,  121,    0
 10981, 55452,20160523,  112,    0
 10981, 55452,20160524,  102,    0
 10981, 55452,20160525,  103,    0
 10981, 55452,20160526,  115,    0
 10981, 55452,20160527,  123,    0
 10981, 55452,20160528,  119,    0
 10981, 55452,20160529,  125,    0
 10981, 55452,20160530,  118,    0
 10981, 55452,20160531,  124,    0
 10981, 55452,20160601,  125,    0
 10981, 55452,20160602,  113,    0
 10981, 55452,20160603,  114,    0
 10981, 55452,20160604,  134,    0
 10981, 55452,20160605,  120,    0
 10981, 55452,20160606,  122,    0
 10981, 55452,20160607,  134,    0
 10981, 55452,20160608,  126,    0
 10981, 55452,20160609,  121,    0
 10981, 55452,20160610,  128,    0
 10981, 55452,20160611,  140,    0
 10981, 55452,20160612,  140,    0
 10981, 55452,20160613,  130,    0
 10981, 55452,20160614,  134,    0
 10981, 55452,20160615,  137,    0
 10981, 55452,20160616,  143,    0
 10981, 55452,20160617,  137,    0
 10981, 55452,20160618,  128,    0
 10981, 55452,20160619,  135,    0
 10981, 55452,20160620,  146,    0
 10981, 55452,20160621,  141,    0
 10981, 55452,20160622,  165,    0
 10981, 55452,20160623,  170,    0
 10981, 55452,20160624,  150,    0
 10981, 55452,20160625,  143,    0
 10981, 55452,20160626,  141,    0
 10981, 55452,20160627,  149,    0
 10981, 55452,20160628,  150,    0
 10981, 55452,20160629,  146,    0
 10981, 55452,20160630,  147,    0
 10981, 55452,20160701,  153,    0
 10981, 55452,20160702,  144,    0
 10981, 55452,20160703,  146,    0
 10981, 55452,20160704,  153,    0
 10981, 55452,20160705,  150,    0
 10981, 55452,20160706,  148,    0
 10981, 55452,20160707,  158,    0
 10981, 55452,20160708,  161,    0
 10981, 55452,20160709,  165,    0
 10981, 55452,20160710,  166,    0
 10981, 55452,20160711,  162,    0
 10981, 55452,20160712,  158,    0
 10981, 55452,20160713,  151,    0
 10981, 55452,20160714,  153,    0
 10981, 55452,20160715,  159,    0
 10981, 55452,20160716,  172,    0
 10981, 55452,20160717,  172,    0
 10981, 55452,20160718,  179,    0
 10981, 55452,20160719,  202,    0
 10981, 55452,20160720,  194,    0
 10981, 55452,20160721,  172,    0
 10981, 55452,20160722,  170,    0
 10981, 55452,20160723,  171,    0
 10981, 55452,20160724,  171,    0
 10981, 55452,20160725,  175,    0
 10981, 55452,20160726,  174,    0
 10981, 55452,20160727,  172,    0
 10981, 55452,20160728,  172,    0
 10981, 55452,20160729,  176,    0
 10981, 55452,20160730,  171,    0
 10981, 55452,20160731,  169,    0
 10981, 55452,20160801,  169,    0
 10981, 55452,20160802,  169,    0
 10981, 55452,20160803,  181,    0
 10981, 55452,20160804,  177,    0
 10981, 55452,20160805,  176,    0
 10981, 55452,20160806,  178,    0
 10981, 55452,20160807,  181,    0
 10981, 55452,20160808,  172,    0
 10981, 55452,20160809,  156,    0
 10981, 55452,20160810,  145,    0
 10981, 55452,20160811,  163,    0
 10981, 55452,20160812,  182,    0
 10981, 55452,20160813,  180,    0
 10981, 55452,20160814,  174,    0
 10981, 55452,20160815,  170,    0
 10981, 55452,20160816,  173,    0
 10981, 55452,20160817,  186,    0
 10981, 55452,20160818,  180,    0
 10981, 55452,20160819,  182,    0
 10981, 55452,20160820,  180,    0
 10981, 55452,20160821,  180,    0
 10981, 55452,20160822,  183,    0
 10981, 55452,20160823,  195,    0
 10981, 55452,20160824,  224,    0
 10981, 55452,20160825,  208,    0
 10981, 55452,20160826,  188,    0
 10981, 55452,20160827,-9999,    9
 10981, 55452,20160828,-9999,    9
 10981, 55452,20160829,  177,    0
 10981, 55452,20160830,  183,    0
 10981, 55452,20160831,  192,    0
 10981, 55452,20160901,-9999,    9
 10981, 55452,20160902,-9999,    9
 10981, 55452,20160903,  180,    0
 10981, 55452,20160904,  181,    0
 10981, 55452,20160905,  180,    0
 10981, 55452,20160906,  195,    0
 10981, 55452,20160907,-9999,    9
 10981, 55452,20160908,-9999,    9
 10981, 55452,20160909,  190,    0
 10981, 55452,20160910,  195,    0
 10981, 55452,20160911,  182,    0
 10981, 55452,20160912,  207,    0
 10981, 55452,20160913,  229,    0
 10981, 55452,20160914,  216,    0
 10981, 55452,20160915,  207,    0
 10981, 55452,20160916,  182,    0
 10981, 55452,20160917,  184,    0
 10981, 55452,20160918,  186,    0
 10981, 55452,20160919,  182,    0
 10981, 55452,20160920,  177,    0
 10981, 55452,20160921,  182,    0
 10981, 55452,20160922,  187,    0
 10981, 55452,20160923,  168,    0
 10981, 55452,20160924,  192,    0
 10981, 55452,20160925,  185,    0
 10981, 55452,20160926,  169,    0
 10981, 55452,20160927,  181,    0
 10981, 55452,20160928,  181,    0
 10981, 55452,20160929,  179,    0
 10981, 55452,20160930,  161,    0
 10981, 55452,20161001,  154,    0
 10981, 55452,20161002,  151,    0
 10981, 55452,20161003,  166,    0
 10981, 55452,20161004,  152,    0
 10981, 55452,20161005,  128,    0
 10981, 55452,20161006,  127,    0
 10981, 55452,20161007,  143,    0
 10981, 55452,20161008,  135,    0
 10981, 55452,20161009,  128,    0
 10981, 55452,20161010,  124,    0
 10981, 55452,20161011,  128,    0
 10981, 55452,20161012,  118,    0
 10981, 55452,20161013,  110,    0
 10981, 55452,20161014,  113,    0
 10981, 55452,20161015,  144,    0
 10981, 55452,20161016,  155,    0
 10981, 55452,20161017,  155,    0
 10981, 55452,20161018,  131,    0
 10981, 55452,20161019,  129,    0
 10981, 55452,20161020,  132,    0
 10981, 55452,20161021,  130,    0
 10981, 55452,20161022,  116,    0
 10981, 55452,20161023,  112,    0
 10981, 55452,20161024,  112,    0
 10981, 55452,20161025,  120,    0
 10981, 55452,20161026,  138,    0
 10981, 55452,20161027,  141,    0
 10981, 55452,20161028,  147,    0
 10981, 55452,20161029,  146,    0
 10981,906203,20161030,  145,    0
 10981, 55452,20161031,  141,    0
 10981, 55452,20161101,  130,    0
 10981, 55452,20161102,  109,    0
 10981, 55452,20161103,  114,    0
 10981, 55452,20161104,  113,    0
 10981, 55452,20161105,   98,    0
 10981, 55452,20161106,  101,    0
 10981, 55452,20161107,   82,    0
 10981, 55452,20161108,   66,    0
 10981, 55452,20161109,   73,    0
 10981, 55452,20161110,   83,    0
 10981, 55452,20161111,   75,    0
 10981, 55452,20161112,   67,    0
 10981, 55452,20161113,   88,    0
 10981, 55452,20161114,  107,    0
 10981, 55452,20161115,  135,    0
 10981, 55452,20161116,  128,    0
 10981, 55452,20161117,  109,    0
 10981, 55452,20161118,   88,    0
 10981, 55452,20161119,   84,    0
 10981, 55452,20161120,   91,    0
 10981, 55452,20161121,  123,    0
 10981, 55452,20161122,  119,    0
 10981, 55452,20161123,  113,    0
 10981, 55452,20161124,   97,    0
 10981, 55452,20161125,   91,    0
 10981, 55452,20161126,   89,    0
 10981, 55452,20161127,   97,    0
 10981, 55452,20161128,   65,    0
 10981, 55452,20161129,   60,    0
 10981, 55452,20161130,   85,    0
 10981, 55452,20161201,   97,    0
 10981, 55452,20161202,   97,    0
 10981, 55452,20161203,   85,    0
 10981, 55452,20161204,   64,    0
 10981, 55452,20161205,   66,    0
 10981, 55452,20161206,   86,    0
 10981, 55452,20161207,  108,    0
 10981, 55452,20161208,  113,    0
 10981, 55452,20161209,  111,    0
 10981, 55452,20161210,  109,    0
 10981, 55452,20161211,   99,    0
 10981, 55452,20161212,   86,    0
 10981, 55452,20161213,   91,    0
 10981, 55452,20161214,   95,    0
 10981, 55452,20161215,   85,    0
 10981, 55452,20161216,   88,    0
 10981, 55452,20161217,   89,    0
 10981, 55452,20161218,   91,    0
 10981, 55452,20161219,   77,    0
 10981, 55452,20161220,   59,    0
 10981, 55452,20161221,   80,    0
 10981, 55452,20161222,   95,    0
 10981, 55452,20161223,   93,    0
 10981, 55452,20161224,   96,    0
 10981, 55452,20161225,  109,    0
 10981, 55452,20161226,   89,    0
 10981, 55452,20161227,   84,    0
 10981, 55452,20161228,   61,    0
 10981, 55452,20161229,   45,    0
 10981, 55452,20161230,   68,    0
 10981, 55452,20161231,   87,    0
 10981, 55452,20170101,   72,    0
 10981, 55452,20170102,   69,    0
 10981, 55452,20170103,   65,    0
 10981, 55452,20170104,   75,    0
 10981, 55452,20170105,   50,    0
 10981, 55452,20170106,   33,    0
 10981, 55452,20170107,   81,    0
 10981, 55452,20170108,   83,    0
 10981, 55452,20170109,   82,    0
 10981, 55452,20170110,   78,    0
 10981, 55452,20170111,   86,    0
 10981, 55452,20170112,   59,    0
 10981, 55452,20170113,   52,    0
 10981, 55452,20170114,   50,    0
 10981, 55452,20170115,   49,    0
 10981,906203,20170116,   49,    0
 10981, 55452,20170117,-9999,    9
 10981, 55452,20170118,   28,    0
 10981, 55452,20170119,   44,    0
 10981, 55452,20170120,   53,    0
 10981, 55452,20170121,   43,    0
 10981, 55452,20170122,   45,    0
 10981, 55452,20170123,   59,    0
 10981, 55452,20170124,   57,    0
 10981, 55452,20170125,   15,    0
 10981, 55452,20170126,    1,    0
 10981, 55452,20170127,   43,    0
 10981, 55452,20170128,   75,    0
 10981, 55452,20170129,   65,    0
 10981, 55452,20170130,   63,    0
 10981, 55452,20170131,   47,    0
 10981, 55452,20170201,   56,    0
 10981, 55452,20170202,   83,    0
 10981, 55452,20170203,   78,    0
 10981, 55452,20170204,   65,    0
 10981, 55452,20170205,   57,    0
 10981, 55452,20170206,   61,    0
 10981, 55452,20170207,   45,    0
 10981, 55452,20170208,   20,    0
 10981, 55452,20170209,    7,    0
 10981, 55452,20170210,    4,    0
 10981, 55452,20170211,   18,    0
 10981, 55452,20170212,   23,    0
 10981, 55452,20170213,   39,    0
 10981, 55452,20170214,   57,    0
 10981, 55452,20170215,   75,    0
 10981, 55452,20170216,   72,    0
 10981, 55452,20170217,   69,    0
 10981, 55452,20170218,   53,    0
 10981, 55452,20170219,   75,    0
 10981, 55452,20170220,   88,    0
 10981, 55452,20170221,   84,    0
 10981, 55452,20170222,   86,    0
 10981, 55452,20170223,   76,    0
 10981, 55452,20170224,   58,    0
 10981, 55452,20170225,   72,    0
 10981, 55452,20170226,   83,    0
 10981, 55452,20170227,   75,    0
 10981, 55452,20170228,   55,    0
 10981, 55452,20170301,   63,    0
 10981, 55452,20170302,   68,    0
 10981, 55452,20170303,   70,    0
 10981, 55452,20170304,   79,    0
 10981, 55452,20170305,   71,    0
 10981, 55452,20170306,   70,    0
 10981, 55452,20170307,   69,    0
 10981, 55452,20170308,   77,    0
 10981, 55452,20170309,   85,    0
 10981, 55452,20170310,   73,    0
 10981, 55452,20170311,   79,    0
 10981, 55452,20170312,   78,    0
 10981, 55452,20170313,   81,    0
 10981, 55452,20170314,   86,    0
 10981, 55452,20170315,   89,    0
 10981, 55452,20170316,   89,    0
 10981, 55452,20170317,   78,    0
 10981, 55452,20170318,   95,    0
 10981, 55452,20170319,   99,    0
 10981, 55452,20170320,   93,    0
 10981, 55452,20170321,   78,    0
 10981, 55452,20170322,   83,    0
 10981, 55452,20170323,   81,    0
 10981, 55452,20170324,   78,    0
 10981, 55452,20170325,   79,    0
 10981, 55452,20170326,   82,    0
 10981, 55452,20170327,   87,    0
 10981, 55452,20170328,   99,    0
 10981, 55452,20170329,  101,    0
 10981, 55452,20170330,  122,    0
 10981, 55452,20170331,  110,    0
 10981, 55452,20170401,   97,    0
 10981, 55452,20170402,   87,    0
 10981, 55452,20170403,   68,    0
 10981, 55452,20170404,   93,    0
 10981, 55452,20170405,   89,    0
 10981, 55452,20170406,   87,    0
 10981, 55452,20170407,   93,    0
 10981, 55452,20170408,   90,    0
 10981, 55452,20170409,  109,    0
 10981, 55452,20170410,   93,    0
 10981, 55452,20170411,   93,    0
 10981, 55452,20170412,   98,    0
 10981, 55452,20170413,   91,    0
 10981, 55452,20170414,   98,    0
 10981, 55452,20170415,   96,    0
 10981, 55452,20170416,   84,    0
 10981, 55452,20170417,   76,    0
 10981, 55452,20170418,   71,    0
 10981, 55452,20170419,   69,    0
 10981, 55452,20170420,   86,    0
 10981, 55452,20170421,  102,    0
 10981, 55452,20170422,   81,    0
 10981, 55452,20170423,   85,    0
 10981, 55452,20170424,   94,    0
 10981, 55452,20170425,   65,    0
 10981, 55452,20170426,   72,    0
 10981, 55452,20170427,   74,    0
 10981, 55452,20170428,   83,    0
 10981, 55452,20170429,   95,    0
 10981, 55452,20170430,  115,    0
 10981, 55452,20170501,  108,    0
 10981, 55452,20170502,  103,    0
 10981, 55452,20170503,  101,    0
 10981, 55452,20170504,  100,    0
 10981, 55452,20170505,  101,    0
 10981, 55452,20170506,  101,    0
 10981, 55452,20170507,   93,    0
 10981, 55452,20170508,   93,    0
 10981, 55452,20170509,   87,    0
 10981, 55452,20170510,   87,    0
 10981, 55452,20170511,  123,    0
 10981, 55452,20170512,  127,    0
 10981, 55452,20170513,  121,    0
 10981, 55452,20170514,  122,    0
 10981, 55452,20170515,  128,    0
 10981, 55452,20170516,  143,    0
 10981, 55452,20170517,  156,    0
 10981, 55452,20170518,  114,    0
 10981, 55452,20170519,  114,    0
 10981, 55452,20170520,  121,    0
 10981, 55452,20170521,  124,    0
 10981, 55452,20170522,  150,    0
 10981, 55452,20170523,  135,    0
 10981, 55452,20170524,  134,    0
 10981, 55452,20170525,  133,    0
 10981, 55452,20170526,  157,    0
 10981, 55452,20170527,  164,    0
 10981, 55452,20170528,  141,    0
 10981, 55452,20170529,  139,    0
 10981, 55452,20170530,  141,    0
 10981, 55452,20170531,  135,    0
 10981, 55452,20170601,  144,    0
 10981, 55452,20170602,  168,    0
 10981, 55452,20170603,  145,    0
 10981, 55452,20170604,  138,    0
 10981, 55452,20170605,  146,    0
 10981, 55452,20170606,  132,    0
 10981, 55452,20170607,  140,    0
 10981, 55452,20170608,  148,    0
 10981, 55452,20170609,  144,    0
 10981, 55452,20170610,  154,    0
 10981, 55452,20170611,  161,    0
 10981, 55452,20170612,  149,    0
 10981, 55452,20170613,  146,    0
 10981, 55452,20170614,  157,    0
 10981, 55452,20170615,  165,    0
 10981, 55452,20170616,  152,    0
 10981, 55452,20170617,  165,    0
 10981, 55452,20170618,  184,    0
 10981, 55452,20170619,  199,    0
 10981, 55452,20170620,  171,    0
 10981, 55452,20170621,  185,    0
 10981, 55452,20170622,  174,    0
 10981, 55452,20170623,  162,    0
 10981, 55452,20170624,  165,    0
 10981, 55452,20170625,  160,    0
 10981, 55452,20170626,  148,    0
 10981, 55452,20170627,  165,    0
 10981, 55452,20170628,  162,    0
 10981, 55452,20170629,  153,    0
 10981, 55452,20170630,  158,    0
 10981, 55452,20170701,  157,    0
 10981, 55452,20170702,  155,    0
 10981, 55452,20170703,  165,    0
 10981, 55452,20170704,  166,    0
 10981, 55452,20170705,  168,    0
 10981, 55452,20170706,  182,    0
 10981, 55452,20170707,  177,    0
 10981, 55452,20170708,  164,    0
 10981, 55452,20170709,  172,    0
 10981, 55452,20170710,  177,    0
 10981, 55452,20170711,  166,    0
 10981, 55452,20170712,  154,    0
 10981, 55452,20170713,  156,    0
 10981, 55452,20170714,  165,    0
 10981, 55452,20170715,  171,    0
 10981, 55452,20170716,  176,    0
 10981, 55452,20170717,  170,    0
 10981, 55452,20170718,  184,    0
 10981, 55452,20170719,  194,    0
 10981, 55452,20170720,  179,    0
 10981, 55452,20170721,  180,    0
 10981, 55452,20170722,  178,    0
 10981, 55452,20170723,  163,    0
 10981, 55452,20170724,  166,    0
 10981, 55452,20170725,  171,    0
 10981, 55452,20170726,  175,    0
 10981, 55452,20170727,  171,    0
 10981, 55452,20170728,  175,    0
 10981, 55452,20170729,  178,    0
 10981, 55452,20170730,  180,    0
 10981, 55452,20170731,  177,    0
 10981, 55452,20170801,  180,    0
 10981, 55452,20170802,  178,    0
 10981, 55452,20170803,  184,    0
 10981, 55452,20170804,  180,    0
 10981, 55452,20170805,  169,    0
 10981, 55452,20170806,  172,    0
 10981, 55452,20170807,  172,    0
 10981, 55452,20170808,  178,    0
 10981, 55452,20170809,  169,    0
 10981, 55452,20170810,  172,    0
 10981, 55452,20170811,  174,    0
 10981, 55452,20170812,  179,    0
 10981, 55452,20170813,  171,    0
 10981, 55452,20170814,  184,    0
 10981, 55452,20170815,  187,    0
 10981, 55452,20170816,  185,    0
 10981, 55452,20170817,  186,    0
 10981, 55452,20170818,  176,    0
 10981, 55452,20170819,  164,    0
 10981, 55452,20170820,  168,    0
 10981, 55452,20170821,  175,    0
 10981, 55452,20170822,  189,    0
 10981, 55452,20170823,  189,    0
 10981, 55452,20170824,  181,    0
 10981, 55452,20170825,  185,    0
 10981, 55452,20170826,  188,    0
 10981, 55452,20170827,  184,    0
 10981, 55452,20170828,  184,    0
 10981, 55452,20170829,  194,    0
 10981, 55452,20170830,  160,    0
 10981, 55452,20170831,  161,    0
 10981, 55452,20170901,  167,    0
 10981, 55452,20170902,  163,    0
 10981, 55452,20170903,  171,    0
 10981, 55452,20170904,  179,    0
 10981, 55452,20170905,  182,    0
 10981, 55452,20170906,  162,    0
 10981, 55452,20170907,  165,    0
 10981, 55452,20170908,  164,    0
 10981, 55452,20170909,  160,    0
 10981, 55452,20170910,  159,    0
 10981, 55452,20170911,  160,    0
 10981, 55452,20170912,  154,    0
 10981, 55452,20170913,  153,    0
 10981, 55452,20170914,  139,    0
 10981, 55452,20170915,  139,    0
 10981, 55452,20170916,  139,    0
 10981, 55452,20170917,  143,    0
 10981, 55452,20170918,  145,    0
 10981, 55452,20170919,  153,    0
 10981, 55452,20170920,  157,    0
 10981, 55452,20170921,  166,    0
 10981, 55452,20170922,  157,    0
 10981, 55452,20170923,  159,    0
 10981, 55452,20170924,  164,    0
 10981, 55452,20170925,  159,    0
 10981, 55452,20170926,  158,    0
 10981, 55452,20170927,  163,    0
 10981, 55452,20170928,  168,    0
 10981, 55452,20170929,  170,    0
 10981, 55452,20170930,  154,    0
 10981, 55452,20171001,  160,    0
 10981, 55452,20171002,  161,    0
 10981, 55452,20171003,  143,    0
 10981, 55452,20171004,  138,    0
 10981, 55452,20171005,  140,    0
 10981, 55452,20171006,  131,    0
 10981, 55452,20171007,  146,    0
 10981, 55452,20171008,  142,    0
 10981, 55452,20171009,  149,    0
 10981, 55452,20171010,  153,    0
 10981, 55452,20171011,  158,    0
 10981, 55452,20171012,  147,    0
 10981, 55452,20171013,  160,    0
 10981, 55452,20171014,  162,    0
 10981, 55452,20171015,  166,    0
 10981, 55452,20171016,  175,    0
 10981, 55452,20171017,  150,    0
 10981, 55452,20171018,  153,    0
 10981, 55452,20171019,  167,    0
 10981, 55452,20171020,  147,    0
 10981, 55452,20171021,  147,    0
 10981, 55452,20171022,  126,    0
 10981, 55452,20171023,  138,    0
 10981, 55452,20171024,  159,    0
 10981, 55452,20171025,  156,    0
 10981, 55452,20171026,  147,    0
 10981, 55452,20171027,  131,    0
 10981, 55452,20171028,  132,    0
 10981, 55452,20171029,  122,    0
 10981, 55452,20171030,  109,    0
 10981, 55452,20171031,  124,    0
 10981, 55452,20171101,  138,    0
 10981, 55452,20171102,  129,    0
 10981, 55452,20171103,  128,    0
 10981, 55452,20171104,  129,    0
 10981, 55452,20171105,  100,    0
 10981, 55452,20171106,  100,    0
 10981, 55452,20171107,   94,    0
 10981, 55452,20171108,   99,    0
 10981, 55452,20171109,  116,    0
 10981, 55452,20171110,  108,    0
 10981, 55452,20171111,   98,    0
 10981, 55452,20171112,   92,    0
 10981, 55452,20171113,   97,    0
 10981, 55452,20171114,  107,    0
 10981, 55452,20171115,  120,    0
 10981, 55452,20171116,  119,    0
 10981, 55452,20171117,   96,    0
 10981, 55452,20171118,   92,    0
 10981, 55452,20171119,   90,    0
 10981, 55452,20171120,  107,    0
 10981, 55452,20171121,  127,    0
 10981, 55452,20171122,  130,    0
 10981, 55452,20171123,  122,    0
 10981, 55452,20171124,   91,    0
 10981, 55452,20171125,   72,    0
 10981, 55452,20171126,   73,    0
 10981, 55452,20171127,   94,    0
 10981, 55452,20171128,   73,    0
 10981, 55452,20171129,   77,    0
 10981, 55452,20171130,   61,    0
 10981, 55452,20171201,   65,    0
 10981, 55452,20171202,   75,    0
 10981, 55452,20171203,   91,    0
 10981, 55452,20171204,   93,    0
 10981, 55452,20171205,   91,    0
 10981, 55452,20171206,  100,    0
 10981, 55452,20171207,   83,    0
 10981, 55452,20171208,   53,    0
 10981, 55452,20171209,   46,    0
 10981, 55452,20171210,   41,    0
 10981, 55452,20171211,   48,    0
 10981, 55452,20171212,   63,    0
 10981, 55452,20171213,   75,    0
 10981, 55452,20171214,   60,    0
 10981, 55452,20171215,   65,    0
 10981, 55452,20171216,   64,    0
 10981, 55452,20171217,   72,    0
 10981, 55452,20171218,   85,    0
 10981, 55452,20171219,   81,    0
 10981, 55452,20171220,   88,    0
 10981, 55452,20171221,   94,    0
 10981, 55452,20171222,   91,    0
 10981, 55452,20171223,   89,    0
 10981, 55452,20171224,   89,    0
 10981, 55452,20171225,   86,    0
 10981, 55452,20171226,   70,    0
 10981, 55452,20171227,   66,    0
 10981, 55452,20171228,   49,    0
 10981, 55452,20171229,   63,    0
 10981, 55452,20171230,   96,    0
 10981, 55452,20171231,   99,    0
 10981, 55452,20180101,   79,    0
 10981, 55452,20180102,   77,    0
 10981, 55452,20180103,   89,    0
 10981, 55452,20180104,   86,    0
 10981, 55452,20180105,   77,    0
 10981, 55452,20180106,   70,    0
 10981, 55452,20180107,   42,    0
 10981, 55452,20180108,   33,    0
 10981, 55452,20180109,   49,    0
 10981, 55452,20180110,   76,    0
 10981, 55452,20180111,   66,    0
 10981, 55452,20180112,   70,    0
 10981, 55452,20180113,   56,    0
 10981, 55452,20180114,   51,    0
 10981, 55452,20180115,   71,    0
 10981, 55452,20180116,   64,    0
 10981, 55452,20180117,   58,    0
 10981, 55452,20180118,   65,    0
 10981, 55452,20180119,   54,    0
 10981, 55452,20180120,   55,    0
 10981, 55452,20180121,   53,    0
 10981, 55452,20180122,   81,    0
 10981, 55452,20180123,   88,    0
 10981, 55452,20180124,   93,    0
 10981, 55452,20180125,   84,    0
 10981, 55452,20180126,   71,    0
 10981, 55452,20180127,   74,    0
 10981, 55452,20180128,   97,    0
 10981, 55452,20180129,   89,    0
 10981, 55452,20180130,   66,    0
 10981, 55452,20180131,   74,    0
 10981, 55452,20180201,   54,    0
 10981, 55452,20180202,   60,    0
 10981, 55452,20180203,   52,    0
 10981, 55452,20180204,   38,    0
 10981, 55452,20180205,   30,    0
 10981, 55452,20180206,   15,    0
 10981, 55452,20180207,   31,    0
 10981, 55452,20180208,   51,    0
 10981, 55452,20180209,   43,    0
 10981, 55452,20180210,   55,    0
 10981, 55452,20180211,   58,    0
 10981, 55452,20180212,   46,    0
 10981, 55452,20180213,   51,    0
 10981, 55452,20180214,   44,    0
 10981, 55452,20180215,   69,    0
 10981, 55452,20180216,   58,    0
 10981, 55452,20180217,   57,    0
 10981, 55452,20180218,   60,    0
 10981, 55452,20180219,   47,    0
 10981, 55452,20180220,   44,    0
 10981, 55452,20180221,   41,    0
 10981, 55452,20180222,   32,    0
 10981, 55452,20180223,   23,    0
 10981, 55452,20180224,   18,    0
 10981, 55452,20180225,   -1,    0
 10981, 55452,20180226,   -8,    0
 10981, 55452,20180227,  -10,    0
 10981, 55452,20180228,  -40,    0
 10981, 55452,20180301,  -30,    0
 10981, 55452,20180302,  -21,    0
 10981, 55452,20180303,   -2,    0
 10981, 55452,20180304,   46,    0
 10981, 55452,20180305,   58,    0
 10981, 55452,20180306,   61,    0
 10981, 55452,20180307,   56,    0
 10981, 55452,20180308,   59,    0
 10981, 55452,20180309,   58,    0
 10981, 55452,20180310,   77,    0
 10981, 55452,20180311,   75,    0
 10981, 55452,20180312,   72,    0
 10981, 55452,20180313,   55,    0
 10981, 55452,20180314,   61,    0
 10981, 55452,20180315,   62,    0
 10981, 55452,20180316,   44,    0
 10981, 55452,20180317,   -1,    0
 10981, 55452,20180318,    0,    0
 10981, 55452,20180319,   13,    0
 10981, 55452,20180320,   48,    0
 10981, 55452,20180321,   52,    0
 10981, 55452,20180322,   63,    0
 10981, 55452,20180323,   59,    0
 10981, 55452,20180324,   59,    0
 10981, 55452,20180325,   60,    0
 10981, 55452,20180326,   60,    0
 10981, 55452,20180327,   58,    0
 10981, 55452,20180328,   55,    0
 10981, 55452,20180329,   58,    0
 10981, 55452,20180330,   66,    0
 10981, 55452,20180331,   62,    0
 10981, 55452,20180401,   57,    0
 10981, 55452,20180402,   67,    0
 10981, 55452,20180403,   85,    0
 10981, 55452,20180404,   81,    0
 10981, 55452,20180405,   61,    0
 10981, 55452,20180406,   78,    0
 10981, 55452,20180407,  103,    0
 10981, 55452,20180408,   81,    0
 10981, 55452,20180409,   71,    0
 10981, 55452,20180410,   91,    0
 10981, 55452,20180411,   84,    0
 10981, 55452,20180412,   80,    0
 10981, 55452,20180413,   81,    0
 10981, 55452,20180414,   86,    0
 10981, 55452,20180415,   89,    0
 10981, 55452,20180416,   88,    0
 10981, 55452,20180417,  106,    0
 10981, 55452,20180418,  128,    0
 10981, 55452,20180419,  160,    0
 10981, 55452,20180420,  111,    0
 10981, 55452,20180421,  107,    0
 10981, 55452,20180422,  120,    0
 10981, 55452,20180423,   96,    0
 10981, 55452,20180424,   98,    0
 10981, 55452,20180425,   94,    0
 10981, 55452,20180426,   92,    0
 10981, 55452,20180427,   94,    0
 10981, 55452,20180428,   93,    0
 10981, 55452,20180429,   82,    0
 10981, 55452,20180430,   75,    0
 10981, 55452,20180501,   81,    0
 10981, 55452,20180502,   99,    0
 10981, 55452,20180503,   93,    0
 10981, 55452,20180504,  102,    0
 10981, 55452,20180505,  113,    0
 10981, 55452,20180506,  141,    0
 10981, 55452,20180507,  153,    0
 10981, 55452,20180508,  162,    0
 10981, 55452,20180509,  111,    0
 10981, 55452,20180510,  106,    0
 10981, 55452,20180511,  113,    0
 10981, 55452,20180512,  137,    0
 10981, 55452,20180513,  113,    0
 10981, 55452,20180514,  100,    0
 10981, 55452,20180515,  114,    0
 10981, 55452,20180516,  105,    0
 10981, 55452,20180517,   93,    0
 10981, 55452,20180518,   94,    0
 10981, 55452,20180519,   91,    0
 10981, 55452,20180520,  103,    0
 10981, 55452,20180521,  140,    0
 10981, 55452,20180522,  130,    0
 10981, 55452,20180523,  129,    0
 10981, 55452,20180524,  142,    0
 10981, 55452,20180525,  134,    0
 10981, 55452,20180526,  156,    0
 10981, 55452,20180527,  163,    0
 10981, 55452,20180528,  160,    0
 10981, 55452,20180529,  141,    0
 10981, 55452,20180530,  131,    0
 10981, 55452,20180531,  138,    0
 10981, 55452,20180601,  120,    0
 10981, 55452,20180602,  129,    0
 10981, 55452,20180603,  124,    0
 10981, 55452,20180604,  124,    0
 10981, 55452,20180605,  123,    0
 10981, 55452,20180606,  126,    0
 10981, 55452,20180607,  128,    0
 10981, 55452,20180608,  131,    0
 10981, 55452,20180609,  133,    0
 10981, 55452,20180610,  133,    0
 10981, 55452,20180611,  139,    0
 10981, 55452,20180612,  133,    0
 10981, 55452,20180613,  135,    0
 10981, 55452,20180614,  144,    0
 10981, 55452,20180615,  138,    0
 10981, 55452,20180616,  141,    0
 10981, 55452,20180617,  140,    0
 10981, 55452,20180618,  146,    0
 10981, 55452,20180619,  152,    0
 10981, 55452,20180620,  141,    0
 10981, 55452,20180621,  128,    0
 10981, 55452,20180622,  128,    0
 10981, 55452,20180623,  134,    0
 10981, 55452,20180624,  137,    0
 10981, 55452,20180625,  133,    0
 10981, 55452,20180626,  132,    0
 10981, 55452,20180627,  142,    0
 10981, 55452,20180628,  154,    0
 10981, 55452,20180629,  144,    0
 10981, 55452,20180630,  168,    0
 10981, 55452,20180701,  186,    0
 10981, 55452,20180702,  172,    0
 10981, 55452,20180703,  156,    0
 10981, 55452,20180704,  150,    0
 10981, 55452,20180705,  149,    0
 10981, 55452,20180706,  158,    0
 10981, 55452,20180707,  165,    0
 10981, 55452,20180708,  171,    0
 10981, 55452,20180709,  157,    0
 10981, 55452,20180710,  155,    0
 10981, 55452,20180711,  159,    0
 10981, 55452,20180712,  153,    0
 10981, 55452,20180713,  159,    0
 10981, 55452,20180714,  166,    0
 10981, 55452,20180715,  186,    0
 10981, 55452,20180716,  198,    0
 10981, 55452,20180717,  173,    0
 10981, 55452,20180718,  172,    0
 10981, 55452,20180719,  170,    0
 10981, 55452,20180720,  176,    0
 10981, 55452,20180721,  176,    0
 10981, 55452,20180722,  176,    0
 10981, 55452,20180723,  189,    0
 10981, 55452,20180724,  192,    0
 10981, 55452,20180725,  210,    0
 10981, 55452,20180726,  221,    0
 10981, 55452,20180727,  246,    0
 10981, 55452,20180728,  187,    0
 10981, 55452,20180729,  195,    0
 10981, 55452,20180730,  197,    0
 10981, 55452,20180731,  186,    0
 10981, 55452,20180801,  184,    0
 10981, 55452,20180802,  188,    0
 10981, 55452,20180803,  200,    0
 10981, 55452,20180804,  187,    0
 10981, 55452,20180805,  185,    0
 10981, 55452,20180806,  204,    0
 10981, 55452,20180807,  219,    0
 10981, 55452,20180808,  192,    0
 10981, 55452,20180809,  176,    0
 10981, 55452,20180810,  167,    0
 10981, 55452,20180811,  166,    0
 10981, 55452,20180812,  198,    0
 10981, 55452,20180813,  184,    0
 10981, 55452,20180814,  186,    0
 10981, 55452,20180815,  188,    0
 10981, 55452,20180816,  180,    0
 10981, 55452,20180817,  183,    0
 10981, 55452,20180818,  186,    0
 10981, 55452,20180819,  190,    0
 10981, 55452,20180820,  188,    0
 10981, 55452,20180821,  191,    0
 10981, 55452,20180822,  185,    0
 10981, 55452,20180823,  183,    0
 10981, 55452,20180824,  155,    0
 10981, 55452,20180825,  150,    0
 10981, 55452,20180826,  162,    0
 10981, 55452,20180827,  181,    0
 10981, 55452,20180828,  184,    0
 10981, 55452,20180829,  173,    0
 10981, 55452,20180830,  167,    0
 10981, 55452,20180831,  163,    0
 10981, 55452,20180901,  172,    0
 10981, 55452,20180902,  182,    0
 10981, 55452,20180903,  183,    0
 10981, 55452,20180904,  182,    0
 10981, 55452,20180905,  183,    0
 10981, 55452,20180906,  172,    0
 10981, 55452,20180907,  151,    0
 10981, 55452,20180908,  165,    0
 10981, 55452,20180909,  182,    0
 10981, 55452,20180910,  175,    0
 10981, 55452,20180911,  182,    0
 10981, 55452,20180912,  153,    0
 10981, 55452,20180913,  162,    0
 10981, 55452,20180914,  169,    0
 10981, 55452,20180915,  165,    0
 10981, 55452,20180916,  182,    0
 10981, 55452,20180917,-9999,    9
 10981, 55452,20180918,-9999,    9
 10981, 55452,20180919,-9999,    9
 10981, 55452,20180920,-9999,    9
 10981, 55452,20180921,  155,    0
 10981, 55452,20180922,  142,    0
 10981, 55452,20180923,  129,    0
 10981, 55452,20180924,  133,    0
 10981, 55452,20180925,  143,    0
 10981, 55452,20180926,  162,    0
 10981, 55452,20180927,  172,    0
 10981, 55452,20180928,  141,    0
 10981, 55452,20180929,  136,    0
 10981, 55452,20180930,  139,    0
 10981, 55452,20181001,  121,    0
 10981, 55452,20181002,  147,    0
 10981, 55452,20181003,  145,    0
 10981, 55452,20181004,  161,    0
 10981, 55452,20181005,  162,    0
 10981, 55452,20181006,  150,    0
 10981, 55452,20181007,  135,    0
 10981, 55452,20181008,  145,    0
 10981, 55452,20181009,  157,    0
 10981, 55452,20181010,  170,    0
 10981, 55452,20181011,  179,    0
 10981, 55452,20181012,  175,    0
 10981, 55452,20181013,  187,    0
 10981, 55452,20181014,  175,    0
 10981, 55452,20181015,  168,    0
 10981, 55452,20181016,  169,    0
 10981, 55452,20181017,  153,    0
 10981, 55452,20181018,  145,    0
 10981, 55452,20181019,  128,    0
 10981, 55452,20181020,  144,    0
 10981, 55452,20181021,  157,    0
 10981, 55452,20181022,  130,    0
 10981, 55452,20181023,  136,    0
 10981, 55452,20181024,  145,    0
 10981, 55452,20181025,  131,    0
 10981, 55452,20181026,  111,    0
 10981, 55452,20181027,  100,    0
 10981, 55452,20181028,   85,    0
 10981, 55452,20181029,   83,    0
 10981, 55452,20181030,   91,    0
 10981, 55452,20181031,  111,    0
 10981, 55452,20181101,  125,    0
 10981, 55452,20181102,   99,    0
 10981, 55452,20181103,  109,    0
 10981, 55452,20181104,  113,    0
 10981, 55452,20181105,  115,    0
 10981, 55452,20181106,  147,    0
 10981, 55452,20181107,  128,    0
 10981, 55452,20181108,  122,    0
 10981, 55452,20181109,  120,    0
 10981, 55452,20181110,  126,    0
 10981, 55452,20181111,  129,    0
 10981, 55452,20181112,  127,    0
 10981, 55452,20181113,  126,    0
 10981, 55452,20181114,  123,    0
 10981, 55452,20181115,  118,    0
 10981, 55452,20181116,   84,    0
 10981, 55452,20181117,   91,    0
 10981, 55452,20181118,   84,    0
 10981, 55452,20181119,   74,    0
 10981, 55452,20181120,   54,    0
 10981, 55452,20181121,   61,    0
 10981, 55452,20181122,   57,    0
 10981, 55452,20181123,   77,    0
 10981, 55452,20181124,   62,    0
 10981, 55452,20181125,   63,    0
 10981, 55452,20181126,   69,    0
 10981, 55452,20181127,   62,    0
 10981, 55452,20181128,   98,    0
 10981, 55452,20181129,  116,    0
 10981, 55452,20181130,  114,    0
 10981, 55452,20181201,  102,    0
 10981, 55452,20181202,  126,    0
 10981, 55452,20181203,  117,    0
 10981, 55452,20181204,   90,    0
 10981, 55452,20181205,   95,    0
 10981, 55452,20181206,  119,    0
 10981, 55452,20181207,  109,    0
 10981, 55452,20181208,  107,    0
 10981, 55452,20181209,   93,    0
 10981, 55452,20181210,   84,    0
 10981, 55452,20181211,   80,    0
 10981, 55452,20181212,   63,    0
 10981, 55452,20181213,   46,    0
 10981, 55452,20181214,   40,    0
 10981, 55452,20181215,   24,    0
 10981, 55452,20181216,   73,    0
 10981, 55452,20181217,   89,    0
 10981, 55452,20181218,   82,    0
 10981, 55452,20181219,   92,    0
 10981, 55452,20181220,   94,    0
 10981, 55452,20181221,  106,    0
 10981, 55452,20181222,  102,    0
 10981, 55452,20181223,   88,    0
 10981, 55452,20181224,   89,    0
 10981, 55452,20181225,   85,    0
 10981, 55452,20181226,   87,    0
 10981, 55452,20181227,   88,    0
 10981, 55452,20181228,   98,    0
 10981, 55452,20181229,  104,    0
 10981, 55452,20181230,  102,    0
 10981, 55452,20181231,   97,    0
 10981, 55452,20190101,   88,    0
 10981, 55452,20190102,   72,    0
 10981, 55452,20190103,   65,    0
 10981, 55452,20190104,   67,    0
 10981, 55452,20190105,   77,    0
 10981, 55452,20190106,   78,    0
 10981, 55452,20190107,   93,    0
 10981, 55452,20190108,   81,    0
 10981, 55452,20190109,   70,    0
 10981, 55452,20190110,   70,    0
 10981, 55452,20190111,   86,    0
 10981, 55452,20190112,   87,    0
 10981, 55452,20190113,   96,    0
 10981, 55452,20190114,   74,    0
 10981, 55452,20190115,   81,    0
 10981, 55452,20190116,   79,    0
 10981, 55452,20190117,   58,    0
 10981, 55452,20190118,   59,    0
 10981, 55452,20190119,   31,    0
 10981, 55452,20190120,   33,    0
 10981, 55452,20190121,   53,    0
 10981, 55452,20190122,   43,    0
 10981, 55452,20190123,   23,    0
 10981, 55452,20190124,   48,    0
 10981, 55452,20190125,   65,    0
 10981, 55452,20190126,   84,    0
 10981, 55452,20190127,   65,    0
 10981, 55452,20190128,   55,    0
 10981, 55452,20190129,   46,    0
 10981, 55452,20190130,   35,    0
 10981, 55452,20190131,   25,    0
 10981, 55452,20190201,   26,    0
 10981, 55452,20190202,   49,    0
 10981, 55452,20190203,   56,    0
 10981, 55452,20190204,   61,    0
 10981, 55452,20190205,   67,    0
 10981, 55452,20190206,   69,    0
 10981, 55452,20190207,   80,    0
 10981, 55452,20190208,   82,    0
 10981, 55452,20190209,   84,    0
 10981, 55452,20190210,   64,    0
 10981, 55452,20190211,   68,    0
 10981, 55452,20190212,   76,    0
 10981, 55452,20190213,   75,    0
 10981, 55452,20190214,   73,    0
 10981, 55452,20190215,   80,    0
 10981, 55452,20190216,   84,    0
 10981, 55452,20190217,   85,    0
 10981, 55452,20190218,   82,    0
 10981, 55452,20190219,   76,    0
 10981, 55452,20190220,   79,    0
 10981, 55452,20190221,   85,    0
 10981, 55452,20190222,   77,    0
 10981, 55452,20190223,   81,    0
 10981, 55452,20190224,   78,    0
 10981, 55452,20190225,  102,    0
 10981, 55452,20190226,  101,    0
 10981, 55452,20190227,   93,    0
 10981, 55452,20190228,   85,    0
 10981, 55452,20190301,   69,    0
 10981, 55452,20190302,   82,    0
 10981, 55452,20190303,   97,    0
 10981, 55452,20190304,   77,    0
 10981, 55452,20190305,   74,    0
 10981, 55452,20190306,   87,    0
 10981, 55452,20190307,   81,    0
 10981, 55452,20190308,   74,    0
 10981, 55452,20190309,   89,    0
 10981, 55452,20190310,   62,    0
 10981, 55452,20190311,   67,    0
 10981, 55452,20190312,   74,    0
 10981, 55452,20190313,   84,    0
 10981, 55452,20190314,   87,    0
 10981, 55452,20190315,   95,    0
 10981, 55452,20190316,   94,    0
 10981, 55452,20190317,   71,    0
 10981,906203,20190318,   67,    0
 10981, 55452,20190319,   82,    0
 10981, 55452,20190320,   89,    0
 10981, 55452,20190321,   86,    0
 10981, 55452,20190322,   79,    0
 10981, 55452,20190323,   82,    0
 10981, 55452,20190324,   78,    0
 10981, 55452,20190325,   80,    0
 10981, 55452,20190326,   81,    0
 10981, 55452,20190327,   86,    0
 10981, 55452,20190328,   87,    0
 10981, 55452,20190329,   89,    0
 10981, 55452,20190330,  102,    0
 10981, 55452,20190331,   77,    0
 10981, 55452,20190401,   77,    0
 10981, 55452,20190402,   89,    0
 10981, 55452,20190403,   65,    0
 10981, 55452,20190404,   73,    0
 10981, 55452,20190405,   81,    0
 10981, 55452,20190406,   87,    0
 10981, 55452,20190407,  107,    0
 10981, 55452,20190408,   99,    0
 10981, 55452,20190409,   86,    0
 10981, 55452,20190410,   66,    0
 10981, 55452,20190411,   66,    0
 10981, 55452,20190412,   68,    0
 10981, 55452,20190413,   51,    0
 10981, 55452,20190414,   66,    0
 10981, 55452,20190415,   89,    0
 10981, 55452,20190416,  103,    0
 10981, 55452,20190417,  108,    0
 10981, 55452,20190418,  122,    0
 10981, 55452,20190419,  119,    0
 10981, 55452,20190420,  124,    0
 10981, 55452,20190421,  116,    0
 10981, 55452,20190422,  143,    0
 10981, 55452,20190423,  130,    0
 10981, 55452,20190424,  122,    0
 10981, 55452,20190425,  110,    0
 10981, 55452,20190426,  107,    0
 10981, 55452,20190427,   98,    0
 10981, 55452,20190428,   95,    0
 10981, 55452,20190429,   99,    0
 10981, 55452,20190430,   92,    0
