EUROPEAN CLIMATE ASSESSMENT & DATASET (ECA&D), file created on: 13-05-2019
THESE DATA CAN BE USED FOR NON-COMMERCIAL RESEARCH AND EDUCATION PROVIDED THAT THE FOLLOWING SOURCE IS ACKNOWLEDGED: 

Klein Tank, A.M.G. and Coauthors, 2002. Daily dataset of 20th-century surface
air temperature and precipitation series for the European Climate Assessment.
Int. J. of Climatol., 22, 1441-1453.
Data and metadata available at http://www.ecad.eu

FILE FORMAT (MISSING VALUE CODE = -9999):

01-06 STAID: Station identifier
08-13 SOUID: Source identifier
15-22 DATE : Date YYYYMMDD
24-28 TG   : Mean temperature in 0.1 &#176;C
30-34 Q_TG : quality code for TG (0='valid'; 1='suspect'; 9='missing')

This is the blended series of station KAUFBEUREN-OBERBEUREN, GERMANY (STAID: 11782)
Blended and updated with sources:81394 
See files sources.txt and stations.txt for more info.

STAID, SOUID,    DATE,   TG, Q_TG
 11782, 81394,20160501,   56,    0
 11782, 81394,20160502,   81,    0
 11782, 81394,20160503,   73,    0
 11782, 81394,20160504,   64,    0
 11782, 81394,20160505,   82,    0
 11782, 81394,20160506,  132,    0
 11782, 81394,20160507,  147,    0
 11782, 81394,20160508,  149,    0
 11782, 81394,20160509,  155,    0
 11782, 81394,20160510,  142,    0
 11782, 81394,20160511,  144,    0
 11782, 81394,20160512,   92,    0
 11782, 81394,20160513,   89,    0
 11782, 81394,20160514,   85,    0
 11782, 81394,20160515,   47,    0
 11782, 81394,20160516,   43,    0
 11782, 81394,20160517,   72,    0
 11782, 81394,20160518,  116,    0
 11782, 81394,20160519,   75,    0
 11782, 81394,20160520,  106,    0
 11782, 81394,20160521,  156,    0
 11782, 81394,20160522,  193,    0
 11782, 81394,20160523,   67,    0
 11782, 81394,20160524,   75,    0
 11782, 81394,20160525,  120,    0
 11782, 81394,20160526,  165,    0
 11782, 81394,20160527,  181,    0
 11782, 81394,20160528,  170,    0
 11782, 81394,20160529,  149,    0
 11782, 81394,20160530,  132,    0
 11782, 81394,20160531,  129,    0
 11782, 81394,20160601,  126,    0
 11782, 81394,20160602,  123,    0
 11782, 81394,20160603,  130,    0
 11782, 81394,20160604,  136,    0
 11782, 81394,20160605,  135,    0
 11782, 81394,20160606,  164,    0
 11782, 81394,20160607,  179,    0
 11782, 81394,20160608,  143,    0
 11782, 81394,20160609,  125,    0
 11782, 81394,20160610,  148,    0
 11782, 81394,20160611,  138,    0
 11782, 81394,20160612,  136,    0
 11782, 81394,20160613,  124,    0
 11782, 81394,20160614,  123,    0
 11782, 81394,20160615,  131,    0
 11782, 81394,20160616,  128,    0
 11782, 81394,20160617,  116,    0
 11782, 81394,20160618,  131,    0
 11782, 81394,20160619,  109,    0
 11782, 81394,20160620,  141,    0
 11782, 81394,20160621,  154,    0
 11782, 81394,20160622,  201,    0
 11782, 81394,20160623,  231,    0
 11782, 81394,20160624,  233,    0
 11782, 81394,20160625,  181,    0
 11782, 81394,20160626,  128,    0
 11782, 81394,20160627,  149,    0
 11782, 81394,20160628,  179,    0
 11782, 81394,20160629,  186,    0
 11782, 81394,20160630,  173,    0
 11782, 81394,20160701,  198,    0
 11782, 81394,20160702,  164,    0
 11782, 81394,20160703,  137,    0
 11782, 81394,20160704,  165,    0
 11782, 81394,20160705,  182,    0
 11782, 81394,20160706,  155,    0
 11782, 81394,20160707,  172,    0
 11782, 81394,20160708,  199,    0
 11782, 81394,20160709,  202,    0
 11782, 81394,20160710,  228,    0
 11782, 81394,20160711,  228,    0
 11782, 81394,20160712,  158,    0
 11782, 81394,20160713,  119,    0
 11782, 81394,20160714,   99,    0
 11782, 81394,20160715,  105,    0
 11782, 81394,20160716,  131,    0
 11782, 81394,20160717,  175,    0
 11782, 81394,20160718,  203,    0
 11782, 81394,20160719,  215,    0
 11782, 81394,20160720,  231,    0
 11782, 81394,20160721,  203,    0
 11782, 81394,20160722,  180,    0
 11782, 81394,20160723,  175,    0
 11782, 81394,20160724,  190,    0
 11782, 81394,20160725,  183,    0
 11782, 81394,20160726,  188,    0
 11782, 81394,20160727,  176,    0
 11782, 81394,20160728,  178,    0
 11782, 81394,20160729,  188,    0
 11782, 81394,20160730,  209,    0
 11782, 81394,20160731,  172,    0
 11782, 81394,20160801,  154,    0
 11782, 81394,20160802,  160,    0
 11782, 81394,20160803,  190,    0
 11782, 81394,20160804,  204,    0
 11782, 81394,20160805,  119,    0
 11782, 81394,20160806,  144,    0
 11782, 81394,20160807,  168,    0
 11782, 81394,20160808,  189,    0
 11782, 81394,20160809,  128,    0
 11782, 81394,20160810,   99,    0
 11782, 81394,20160811,  110,    0
 11782, 81394,20160812,  122,    0
 11782, 81394,20160813,  181,    0
 11782, 81394,20160814,  201,    0
 11782, 81394,20160815,  192,    0
 11782, 81394,20160816,  192,    0
 11782, 81394,20160817,  163,    0
 11782, 81394,20160818,  157,    0
 11782, 81394,20160819,  171,    0
 11782, 81394,20160820,  178,    0
 11782, 81394,20160821,  136,    0
 11782, 81394,20160822,  142,    0
 11782, 81394,20160823,  174,    0
 11782, 81394,20160824,  190,    0
 11782, 81394,20160825,  198,    0
 11782, 81394,20160826,  232,    0
 11782, 81394,20160827,  231,    0
 11782, 81394,20160828,  227,    0
 11782, 81394,20160829,  172,    0
 11782, 81394,20160830,  167,    0
 11782, 81394,20160831,  172,    0
 11782, 81394,20160901,  188,    0
 11782, 81394,20160902,  188,    0
 11782, 81394,20160903,  179,    0
 11782, 81394,20160904,  172,    0
 11782, 81394,20160905,  136,    0
 11782, 81394,20160906,  145,    0
 11782, 81394,20160907,  151,    0
 11782, 81394,20160908,  191,    0
 11782, 81394,20160909,  196,    0
 11782, 81394,20160910,  194,    0
 11782, 81394,20160911,  193,    0
 11782, 81394,20160912,  203,    0
 11782, 81394,20160913,  205,    0
 11782, 81394,20160914,  202,    0
 11782, 81394,20160915,  192,    0
 11782, 81394,20160916,  141,    0
 11782, 81394,20160917,  119,    0
 11782, 81394,20160918,  115,    0
 11782, 81394,20160919,  105,    0
 11782, 81394,20160920,  102,    0
 11782, 81394,20160921,   96,    0
 11782, 81394,20160922,  116,    0
 11782, 81394,20160923,  127,    0
 11782, 81394,20160924,  135,    0
 11782, 81394,20160925,  145,    0
 11782, 81394,20160926,  143,    0
 11782, 81394,20160927,  127,    0
 11782, 81394,20160928,  136,    0
 11782, 81394,20160929,  156,    0
 11782, 81394,20160930,  160,    0
 11782, 81394,20161001,  149,    0
 11782, 81394,20161002,  105,    0
 11782, 81394,20161003,   84,    0
 11782, 81394,20161004,   73,    0
 11782, 81394,20161005,   44,    0
 11782, 81394,20161006,   43,    0
 11782, 81394,20161007,   59,    0
 11782, 81394,20161008,   52,    0
 11782, 81394,20161009,   50,    0
 11782, 81394,20161010,   38,    0
 11782, 81394,20161011,   33,    0
 11782, 81394,20161012,   38,    0
 11782, 81394,20161013,   36,    0
 11782, 81394,20161014,   85,    0
 11782, 81394,20161015,  114,    0
 11782, 81394,20161016,  116,    0
 11782, 81394,20161017,  116,    0
 11782, 81394,20161018,   93,    0
 11782, 81394,20161019,   72,    0
 11782, 81394,20161020,   56,    0
 11782, 81394,20161021,   40,    0
 11782, 81394,20161022,   47,    0
 11782, 81394,20161023,   77,    0
 11782, 81394,20161024,  137,    0
 11782, 81394,20161025,  112,    0
 11782, 81394,20161026,   85,    0
 11782, 81394,20161027,   64,    0
 11782, 81394,20161028,   72,    0
 11782, 81394,20161029,   73,    0
 11782, 81394,20161030,   64,    0
 11782, 81394,20161031,   59,    0
 11782, 81394,20161101,   92,    0
 11782, 81394,20161102,   64,    0
 11782, 81394,20161103,   26,    0
 11782, 81394,20161104,   51,    0
 11782, 81394,20161105,   88,    0
 11782, 81394,20161106,   17,    0
 11782, 81394,20161107,   -1,    0
 11782, 81394,20161108,   -7,    0
 11782, 81394,20161109,    1,    0
 11782, 81394,20161110,   24,    0
 11782, 81394,20161111,   13,    0
 11782, 81394,20161112,   -7,    0
 11782, 81394,20161113,  -18,    0
 11782, 81394,20161114,  -30,    0
 11782, 81394,20161115,   12,    0
 11782, 81394,20161116,   67,    0
 11782, 81394,20161117,   74,    0
 11782, 81394,20161118,   80,    0
 11782, 81394,20161119,   29,    0
 11782, 81394,20161120,   56,    0
 11782, 81394,20161121,  138,    0
 11782, 81394,20161122,  113,    0
 11782, 81394,20161123,  114,    0
 11782, 81394,20161124,   40,    0
 11782, 81394,20161125,   29,    0
 11782, 81394,20161126,   41,    0
 11782, 81394,20161127,   36,    0
 11782, 81394,20161128,  -24,    0
 11782, 81394,20161129,  -43,    0
 11782, 81394,20161130,   -1,    0
 11782, 81394,20161201,   31,    0
 11782, 81394,20161202,    7,    0
 11782, 81394,20161203,   -8,    0
 11782, 81394,20161204,  -25,    0
 11782, 81394,20161205,    5,    0
 11782, 81394,20161206,   36,    0
 11782, 81394,20161207,   28,    0
 11782, 81394,20161208,   66,    0
 11782, 81394,20161209,   64,    0
 11782, 81394,20161210,   66,    0
 11782, 81394,20161211,   38,    0
 11782, 81394,20161212,   19,    0
 11782, 81394,20161213,   26,    0
 11782, 81394,20161214,   42,    0
 11782, 81394,20161215,   -3,    0
 11782, 81394,20161216,  -28,    0
 11782, 81394,20161217,   16,    0
 11782, 81394,20161218,   17,    0
 11782, 81394,20161219,  -16,    0
 11782, 81394,20161220,  -33,    0
 11782, 81394,20161221,  -29,    0
 11782, 81394,20161222,   30,    0
 11782, 81394,20161223,   30,    0
 11782, 81394,20161224,   37,    0
 11782, 81394,20161225,   60,    0
 11782, 81394,20161226,   72,    0
 11782, 81394,20161227,    5,    0
 11782, 81394,20161228,   -6,    0
 11782, 81394,20161229,   -8,    0
 11782, 81394,20161230,  -23,    0
 11782, 81394,20161231,    7,    0
 11782, 81394,20170101,   31,    0
 11782, 81394,20170102,   -5,    0
 11782, 81394,20170103,  -35,    0
 11782, 81394,20170104,  -21,    0
 11782, 81394,20170105,  -54,    0
 11782, 81394,20170106, -113,    0
 11782, 81394,20170107,  -89,    0
 11782, 81394,20170108,  -36,    0
 11782, 81394,20170109,  -33,    0
 11782, 81394,20170110,  -42,    0
 11782, 81394,20170111,   -8,    0
 11782, 81394,20170112,   17,    0
 11782, 81394,20170113,  -11,    0
 11782, 81394,20170114,  -29,    0
 11782, 81394,20170115,  -48,    0
 11782, 81394,20170116,  -63,    0
 11782, 81394,20170117,  -78,    0
 11782, 81394,20170118,  -76,    0
 11782, 81394,20170119,  -87,    0
 11782, 81394,20170120, -106,    0
 11782, 81394,20170121,  -63,    0
 11782, 81394,20170122,  -37,    0
 11782, 81394,20170123,  -48,    0
 11782, 81394,20170124,  -95,    0
 11782, 81394,20170125,  -96,    0
 11782, 81394,20170126,  -78,    0
 11782, 81394,20170127,    1,    0
 11782, 81394,20170128,   39,    0
 11782, 81394,20170129,   33,    0
 11782, 81394,20170130,   24,    0
 11782, 81394,20170131,   36,    0
 11782, 81394,20170201,   22,    0
 11782, 81394,20170202,   68,    0
 11782, 81394,20170203,   55,    0
 11782, 81394,20170204,   39,    0
 11782, 81394,20170205,   22,    0
 11782, 81394,20170206,    5,    0
 11782, 81394,20170207,   12,    0
 11782, 81394,20170208,   -3,    0
 11782, 81394,20170209,  -32,    0
 11782, 81394,20170210,  -27,    0
 11782, 81394,20170211,   15,    0
 11782, 81394,20170212,  -23,    0
 11782, 81394,20170213,  -28,    0
 11782, 81394,20170214,    8,    0
 11782, 81394,20170215,   58,    0
 11782, 81394,20170216,   68,    0
 11782, 81394,20170217,   19,    0
 11782, 81394,20170218,   16,    0
 11782, 81394,20170219,   23,    0
 11782, 81394,20170220,   43,    0
 11782, 81394,20170221,   61,    0
 11782, 81394,20170222,   71,    0
 11782, 81394,20170223,  106,    0
 11782, 81394,20170224,   14,    0
 11782, 81394,20170225,    6,    0
 11782, 81394,20170226,   46,    0
 11782, 81394,20170227,   74,    0
 11782, 81394,20170228,   28,    0
 11782, 81394,20170301,   25,    0
 11782, 81394,20170302,   44,    0
 11782, 81394,20170303,   69,    0
 11782, 81394,20170304,  113,    0
 11782, 81394,20170305,   42,    0
 11782, 81394,20170306,   23,    0
 11782, 81394,20170307,    6,    0
 11782, 81394,20170308,   28,    0
 11782, 81394,20170309,   67,    0
 11782, 81394,20170310,   42,    0
 11782, 81394,20170311,   47,    0
 11782, 81394,20170312,   41,    0
 11782, 81394,20170313,   36,    0
 11782, 81394,20170314,   68,    0
 11782, 81394,20170315,   71,    0
 11782, 81394,20170316,   78,    0
 11782, 81394,20170317,  110,    0
 11782, 81394,20170318,   62,    0
 11782, 81394,20170319,   91,    0
 11782, 81394,20170320,   93,    0
 11782, 81394,20170321,   78,    0
 11782, 81394,20170322,   48,    0
 11782, 81394,20170323,   78,    0
 11782, 81394,20170324,   53,    0
 11782, 81394,20170325,   54,    0
 11782, 81394,20170326,   47,    0
 11782, 81394,20170327,   68,    0
 11782, 81394,20170328,  102,    0
 11782, 81394,20170329,  112,    0
 11782, 81394,20170330,  118,    0
 11782, 81394,20170331,  145,    0
 11782, 81394,20170401,  119,    0
 11782, 81394,20170402,  102,    0
 11782, 81394,20170403,   98,    0
 11782, 81394,20170404,   67,    0
 11782, 81394,20170405,   64,    0
 11782, 81394,20170406,   43,    0
 11782, 81394,20170407,   66,    0
 11782, 81394,20170408,   97,    0
 11782, 81394,20170409,  138,    0
 11782, 81394,20170410,  143,    0
 11782, 81394,20170411,   74,    0
 11782, 81394,20170412,  101,    0
 11782, 81394,20170413,   93,    0
 11782, 81394,20170414,   76,    0
 11782, 81394,20170415,   82,    0
 11782, 81394,20170416,   30,    0
 11782, 81394,20170417,   31,    0
 11782, 81394,20170418,   -5,    0
 11782, 81394,20170419,  -12,    0
 11782, 81394,20170420,  -14,    0
 11782, 81394,20170421,   29,    0
 11782, 81394,20170422,   54,    0
 11782, 81394,20170423,   36,    0
 11782, 81394,20170424,   79,    0
 11782, 81394,20170425,   82,    0
 11782, 81394,20170426,    3,    0
 11782, 81394,20170427,    5,    0
 11782, 81394,20170428,    3,    0
 11782, 81394,20170429,   44,    0
 11782, 81394,20170430,   80,    0
 11782, 81394,20170501,   41,    0
 11782, 81394,20170502,   70,    0
 11782, 81394,20170503,   75,    0
 11782, 81394,20170504,   72,    0
 11782, 81394,20170505,   85,    0
 11782, 81394,20170506,  108,    0
 11782, 81394,20170507,   82,    0
 11782, 81394,20170508,   71,    0
 11782, 81394,20170509,   51,    0
 11782, 81394,20170510,   95,    0
 11782, 81394,20170511,  148,    0
 11782, 81394,20170512,  135,    0
 11782, 81394,20170513,  140,    0
 11782, 81394,20170514,  124,    0
 11782, 81394,20170515,  124,    0
 11782, 81394,20170516,  147,    0
 11782, 81394,20170517,  176,    0
 11782, 81394,20170518,  185,    0
 11782, 81394,20170519,  113,    0
 11782, 81394,20170520,   91,    0
 11782, 81394,20170521,  117,    0
 11782, 81394,20170522,  149,    0
 11782, 81394,20170523,  166,    0
 11782, 81394,20170524,  144,    0
 11782, 81394,20170525,  137,    0
 11782, 81394,20170526,  156,    0
 11782, 81394,20170527,  186,    0
 11782, 81394,20170528,  209,    0
 11782, 81394,20170529,  222,    0
 11782, 81394,20170530,  208,    0
 11782, 81394,20170531,  182,    0
 11782, 81394,20170601,  171,    0
 11782, 81394,20170602,  170,    0
 11782, 81394,20170603,  189,    0
 11782, 81394,20170604,  140,    0
 11782, 81394,20170605,  129,    0
 11782, 81394,20170606,  112,    0
 11782, 81394,20170607,  100,    0
 11782, 81394,20170608,  140,    0
 11782, 81394,20170609,  168,    0
 11782, 81394,20170610,  160,    0
 11782, 81394,20170611,  204,    0
 11782, 81394,20170612,  200,    0
 11782, 81394,20170613,  175,    0
 11782, 81394,20170614,  174,    0
 11782, 81394,20170615,  201,    0
 11782, 81394,20170616,  172,    0
 11782, 81394,20170617,  147,    0
 11782, 81394,20170618,  160,    0
 11782, 81394,20170619,  202,    0
 11782, 81394,20170620,  230,    0
 11782, 81394,20170621,  221,    0
 11782, 81394,20170622,  238,    0
 11782, 81394,20170623,  241,    0
 11782, 81394,20170624,  194,    0
 11782, 81394,20170625,  174,    0
 11782, 81394,20170626,  205,    0
 11782, 81394,20170627,  193,    0
 11782, 81394,20170628,  177,    0
 11782, 81394,20170629,  140,    0
 11782, 81394,20170630,  142,    0
 11782, 81394,20170701,  142,    0
 11782, 81394,20170702,  127,    0
 11782, 81394,20170703,  153,    0
 11782, 81394,20170704,  180,    0
 11782, 81394,20170705,  208,    0
 11782, 81394,20170706,  232,    0
 11782, 81394,20170707,  219,    0
 11782, 81394,20170708,  209,    0
 11782, 81394,20170709,  197,    0
 11782, 81394,20170710,  179,    0
 11782, 81394,20170711,  166,    0
 11782, 81394,20170712,  175,    0
 11782, 81394,20170713,  150,    0
 11782, 81394,20170714,  143,    0
 11782, 81394,20170715,  131,    0
 11782, 81394,20170716,  155,    0
 11782, 81394,20170717,  190,    0
 11782, 81394,20170718,  207,    0
 11782, 81394,20170719,  226,    0
 11782, 81394,20170720,  183,    0
 11782, 81394,20170721,  194,    0
 11782, 81394,20170722,  197,    0
 11782, 81394,20170723,  159,    0
 11782, 81394,20170724,  132,    0
 11782, 81394,20170725,  109,    0
 11782, 81394,20170726,  113,    0
 11782, 81394,20170727,  142,    0
 11782, 81394,20170728,  144,    0
 11782, 81394,20170729,  189,    0
 11782, 81394,20170730,  215,    0
 11782, 81394,20170731,  218,    0
 11782, 81394,20170801,  237,    0
 11782, 81394,20170802,  221,    0
 11782, 81394,20170803,  243,    0
 11782, 81394,20170804,  212,    0
 11782, 81394,20170805,  202,    0
 11782, 81394,20170806,  142,    0
 11782, 81394,20170807,  160,    0
 11782, 81394,20170808,  171,    0
 11782, 81394,20170809,  157,    0
 11782, 81394,20170810,  118,    0
 11782, 81394,20170811,  103,    0
 11782, 81394,20170812,  121,    0
 11782, 81394,20170813,  162,    0
 11782, 81394,20170814,  187,    0
 11782, 81394,20170815,  212,    0
 11782, 81394,20170816,  184,    0
 11782, 81394,20170817,  204,    0
 11782, 81394,20170818,  207,    0
 11782, 81394,20170819,  143,    0
 11782, 81394,20170820,  130,    0
 11782, 81394,20170821,  133,    0
 11782, 81394,20170822,  152,    0
 11782, 81394,20170823,  183,    0
 11782, 81394,20170824,  200,    0
 11782, 81394,20170825,  207,    0
 11782, 81394,20170826,  219,    0
 11782, 81394,20170827,  205,    0
 11782, 81394,20170828,  198,    0
 11782, 81394,20170829,  203,    0
 11782, 81394,20170830,  228,    0
 11782, 81394,20170831,  158,    0
 11782, 81394,20170901,  111,    0
 11782, 81394,20170902,   91,    0
 11782, 81394,20170903,   94,    0
 11782, 81394,20170904,  115,    0
 11782, 81394,20170905,  152,    0
 11782, 81394,20170906,  158,    0
 11782, 81394,20170907,  118,    0
 11782, 81394,20170908,  122,    0
 11782, 81394,20170909,  112,    0
 11782, 81394,20170910,   96,    0
 11782, 81394,20170911,  104,    0
 11782, 81394,20170912,   93,    0
 11782, 81394,20170913,  122,    0
 11782, 81394,20170914,  108,    0
 11782, 81394,20170915,   91,    0
 11782, 81394,20170916,   84,    0
 11782, 81394,20170917,   88,    0
 11782, 81394,20170918,   82,    0
 11782, 81394,20170919,   68,    0
 11782, 81394,20170920,   75,    0
 11782, 81394,20170921,   95,    0
 11782, 81394,20170922,  117,    0
 11782, 81394,20170923,  121,    0
 11782, 81394,20170924,  118,    0
 11782, 81394,20170925,  117,    0
 11782, 81394,20170926,  123,    0
 11782, 81394,20170927,  133,    0
 11782, 81394,20170928,  145,    0
 11782, 81394,20170929,  148,    0
 11782, 81394,20170930,  152,    0
 11782, 81394,20171001,   94,    0
 11782, 81394,20171002,  118,    0
 11782, 81394,20171003,  107,    0
 11782, 81394,20171004,   94,    0
 11782, 81394,20171005,  125,    0
 11782, 81394,20171006,   60,    0
 11782, 81394,20171007,   74,    0
 11782, 81394,20171008,   73,    0
 11782, 81394,20171009,   83,    0
 11782, 81394,20171010,   92,    0
 11782, 81394,20171011,  115,    0
 11782, 81394,20171012,  126,    0
 11782, 81394,20171013,  124,    0
 11782, 81394,20171014,  139,    0
 11782, 81394,20171015,  155,    0
 11782, 81394,20171016,  166,    0
 11782, 81394,20171017,  156,    0
 11782, 81394,20171018,  139,    0
 11782, 81394,20171019,  142,    0
 11782, 81394,20171020,  146,    0
 11782, 81394,20171021,  138,    0
 11782, 81394,20171022,   65,    0
 11782, 81394,20171023,   52,    0
 11782, 81394,20171024,   83,    0
 11782, 81394,20171025,  122,    0
 11782, 81394,20171026,  132,    0
 11782, 81394,20171027,   87,    0
 11782, 81394,20171028,   55,    0
 11782, 81394,20171029,   54,    0
 11782, 81394,20171030,   19,    0
 11782, 81394,20171031,   24,    0
 11782, 81394,20171101,   61,    0
 11782, 81394,20171102,   91,    0
 11782, 81394,20171103,   82,    0
 11782, 81394,20171104,   97,    0
 11782, 81394,20171105,   61,    0
 11782, 81394,20171106,   19,    0
 11782, 81394,20171107,   25,    0
 11782, 81394,20171108,   29,    0
 11782, 81394,20171109,   33,    0
 11782, 81394,20171110,   34,    0
 11782, 81394,20171111,   43,    0
 11782, 81394,20171112,   42,    0
 11782, 81394,20171113,   -1,    0
 11782, 81394,20171114,  -14,    0
 11782, 81394,20171115,  -21,    0
 11782, 81394,20171116,  -18,    0
 11782, 81394,20171117,   -3,    0
 11782, 81394,20171118,    9,    0
 11782, 81394,20171119,    2,    0
 11782, 81394,20171120,   10,    0
 11782, 81394,20171121,   56,    0
 11782, 81394,20171122,   85,    0
 11782, 81394,20171123,   87,    0
 11782, 81394,20171124,   99,    0
 11782, 81394,20171125,   43,    0
 11782, 81394,20171126,  -13,    0
 11782, 81394,20171127,   -2,    0
 11782, 81394,20171128,   18,    0
 11782, 81394,20171129,    4,    0
 11782, 81394,20171130,  -19,    0
 11782, 81394,20171201,  -28,    0
 11782, 81394,20171202,  -32,    0
 11782, 81394,20171203,  -41,    0
 11782, 81394,20171204,  -12,    0
 11782, 81394,20171205,   -2,    0
 11782, 81394,20171206,  -22,    0
 11782, 81394,20171207,   21,    0
 11782, 81394,20171208,    4,    0
 11782, 81394,20171209,  -47,    0
 11782, 81394,20171210,  -22,    0
 11782, 81394,20171211,   40,    0
 11782, 81394,20171212,   -2,    0
 11782, 81394,20171213,   -6,    0
 11782, 81394,20171214,   15,    0
 11782, 81394,20171215,    2,    0
 11782, 81394,20171216,  -11,    0
 11782, 81394,20171217,  -22,    0
 11782, 81394,20171218,  -31,    0
 11782, 81394,20171219,  -15,    0
 11782, 81394,20171220,  -10,    0
 11782, 81394,20171221,    4,    0
 11782, 81394,20171222,   26,    0
 11782, 81394,20171223,   26,    0
 11782, 81394,20171224,   15,    0
 11782, 81394,20171225,   44,    0
 11782, 81394,20171226,   31,    0
 11782, 81394,20171227,   13,    0
 11782, 81394,20171228,  -18,    0
 11782, 81394,20171229,  -32,    0
 11782, 81394,20171230,   36,    0
 11782, 81394,20171231,   75,    0
 11782, 81394,20180101,   41,    0
 11782, 81394,20180102,   19,    0
 11782, 81394,20180103,   45,    0
 11782, 81394,20180104,   53,    0
 11782, 81394,20180105,   79,    0
 11782, 81394,20180106,   57,    0
 11782, 81394,20180107,   18,    0
 11782, 81394,20180108,   14,    0
 11782, 81394,20180109,   57,    0
 11782, 81394,20180110,   37,    0
 11782, 81394,20180111,   21,    0
 11782, 81394,20180112,    3,    0
 11782, 81394,20180113,   -3,    0
 11782, 81394,20180114,  -15,    0
 11782, 81394,20180115,    9,    0
 11782, 81394,20180116,   29,    0
 11782, 81394,20180117,   -7,    0
 11782, 81394,20180118,   23,    0
 11782, 81394,20180119,    7,    0
 11782, 81394,20180120,    0,    0
 11782, 81394,20180121,  -10,    0
 11782, 81394,20180122,   28,    0
 11782, 81394,20180123,   24,    0
 11782, 81394,20180124,   66,    0
 11782, 81394,20180125,   75,    0
 11782, 81394,20180126,   56,    0
 11782, 81394,20180127,   38,    0
 11782, 81394,20180128,   54,    0
 11782, 81394,20180129,   59,    0
 11782, 81394,20180130,   46,    0
 11782, 81394,20180131,   57,    0
 11782, 81394,20180201,   11,    0
 11782, 81394,20180202,   -9,    0
 11782, 81394,20180203,  -15,    0
 11782, 81394,20180204,  -27,    0
 11782, 81394,20180205,  -41,    0
 11782, 81394,20180206,  -35,    0
 11782, 81394,20180207,  -38,    0
 11782, 81394,20180208,  -33,    0
 11782, 81394,20180209,  -27,    0
 11782, 81394,20180210,  -18,    0
 11782, 81394,20180211,   -6,    0
 11782, 81394,20180212,  -26,    0
 11782, 81394,20180213,  -51,    0
 11782, 81394,20180214,  -60,    0
 11782, 81394,20180215,   -6,    0
 11782, 81394,20180216,   21,    0
 11782, 81394,20180217,   -8,    0
 11782, 81394,20180218,  -28,    0
 11782, 81394,20180219,  -34,    0
 11782, 81394,20180220,  -45,    0
 11782, 81394,20180221,  -45,    0
 11782, 81394,20180222,  -56,    0
 11782, 81394,20180223,  -57,    0
 11782, 81394,20180224,  -52,    0
 11782, 81394,20180225, -103,    0
 11782, 81394,20180226, -138,    0
 11782, 81394,20180227, -137,    0
 11782, 81394,20180228, -124,    0
 11782, 81394,20180301, -103,    0
 11782, 81394,20180302,  -62,    0
 11782, 81394,20180303,    1,    0
 11782, 81394,20180304,   44,    0
 11782, 81394,20180305,   39,    0
 11782, 81394,20180306,   22,    0
 11782, 81394,20180307,   28,    0
 11782, 81394,20180308,   37,    0
 11782, 81394,20180309,   75,    0
 11782, 81394,20180310,   88,    0
 11782, 81394,20180311,  107,    0
 11782, 81394,20180312,   64,    0
 11782, 81394,20180313,   45,    0
 11782, 81394,20180314,   42,    0
 11782, 81394,20180315,   35,    0
 11782, 81394,20180316,   54,    0
 11782, 81394,20180317,   11,    0
 11782, 81394,20180318,  -42,    0
 11782, 81394,20180319,  -58,    0
 11782, 81394,20180320,  -52,    0
 11782, 81394,20180321,  -40,    0
 11782, 81394,20180322,  -32,    0
 11782, 81394,20180323,    5,    0
 11782, 81394,20180324,   25,    0
 11782, 81394,20180325,   55,    0
 11782, 81394,20180326,   37,    0
 11782, 81394,20180327,   35,    0
 11782, 81394,20180328,   59,    0
 11782, 81394,20180329,   38,    0
 11782, 81394,20180330,   59,    0
 11782, 81394,20180331,   30,    0
 11782, 81394,20180401,   26,    0
 11782, 81394,20180402,   70,    0
 11782, 81394,20180403,  123,    0
 11782, 81394,20180404,  116,    0
 11782, 81394,20180405,   69,    0
 11782, 81394,20180406,   65,    0
 11782, 81394,20180407,  118,    0
 11782, 81394,20180408,  130,    0
 11782, 81394,20180409,  129,    0
 11782, 81394,20180410,  112,    0
 11782, 81394,20180411,  107,    0
 11782, 81394,20180412,  129,    0
 11782, 81394,20180413,  100,    0
 11782, 81394,20180414,  111,    0
 11782, 81394,20180415,  115,    0
 11782, 81394,20180416,   98,    0
 11782, 81394,20180417,  126,    0
 11782, 81394,20180418,  142,    0
 11782, 81394,20180419,  155,    0
 11782, 81394,20180420,  170,    0
 11782, 81394,20180421,  180,    0
 11782, 81394,20180422,  177,    0
 11782, 81394,20180423,  150,    0
 11782, 81394,20180424,  139,    0
 11782, 81394,20180425,  151,    0
 11782, 81394,20180426,   79,    0
 11782, 81394,20180427,  119,    0
 11782, 81394,20180428,  149,    0
 11782, 81394,20180429,  164,    0
 11782, 81394,20180430,  113,    0
 11782, 81394,20180501,   88,    0
 11782, 81394,20180502,   99,    0
 11782, 81394,20180503,  117,    0
 11782, 81394,20180504,  123,    0
 11782, 81394,20180505,  142,    0
 11782, 81394,20180506,  144,    0
 11782, 81394,20180507,  142,    0
 11782, 81394,20180508,  152,    0
 11782, 81394,20180509,  128,    0
 11782, 81394,20180510,  115,    0
 11782, 81394,20180511,  125,    0
 11782, 81394,20180512,  170,    0
 11782, 81394,20180513,  151,    0
 11782, 81394,20180514,  117,    0
 11782, 81394,20180515,   92,    0
 11782, 81394,20180516,   85,    0
 11782, 81394,20180517,  105,    0
 11782, 81394,20180518,  128,    0
 11782, 81394,20180519,  110,    0
 11782, 81394,20180520,  120,    0
 11782, 81394,20180521,  149,    0
 11782, 81394,20180522,  149,    0
 11782, 81394,20180523,  148,    0
 11782, 81394,20180524,  145,    0
 11782, 81394,20180525,  170,    0
 11782, 81394,20180526,  184,    0
 11782, 81394,20180527,  197,    0
 11782, 81394,20180528,  189,    0
 11782, 81394,20180529,  185,    0
 11782, 81394,20180530,  190,    0
 11782, 81394,20180531,  183,    0
 11782, 81394,20180601,  167,    0
 11782, 81394,20180602,  172,    0
 11782, 81394,20180603,  189,    0
 11782, 81394,20180604,  195,    0
 11782, 81394,20180605,  190,    0
 11782, 81394,20180606,  186,    0
 11782, 81394,20180607,  177,    0
 11782, 81394,20180608,  173,    0
 11782, 81394,20180609,  185,    0
 11782, 81394,20180610,  201,    0
 11782, 81394,20180611,  199,    0
 11782, 81394,20180612,  158,    0
 11782, 81394,20180613,  107,    0
 11782, 81394,20180614,  122,    0
 11782, 81394,20180615,  149,    0
 11782, 81394,20180616,  170,    0
 11782, 81394,20180617,  161,    0
 11782, 81394,20180618,  160,    0
 11782, 81394,20180619,  175,    0
 11782, 81394,20180620,  205,    0
 11782, 81394,20180621,  195,    0
 11782, 81394,20180622,  107,    0
 11782, 81394,20180623,  118,    0
 11782, 81394,20180624,  133,    0
 11782, 81394,20180625,  128,    0
 11782, 81394,20180626,  150,    0
 11782, 81394,20180627,  148,    0
 11782, 81394,20180628,  124,    0
 11782, 81394,20180629,  155,    0
 11782, 81394,20180630,  195,    0
 11782, 81394,20180701,  158,    0
 11782, 81394,20180702,  168,    0
 11782, 81394,20180703,  180,    0
 11782, 81394,20180704,  180,    0
 11782, 81394,20180705,  170,    0
 11782, 81394,20180706,  143,    0
 11782, 81394,20180707,  169,    0
 11782, 81394,20180708,  181,    0
 11782, 81394,20180709,  189,    0
 11782, 81394,20180710,  155,    0
 11782, 81394,20180711,  134,    0
 11782, 81394,20180712,  158,    0
 11782, 81394,20180713,  189,    0
 11782, 81394,20180714,  198,    0
 11782, 81394,20180715,  186,    0
 11782, 81394,20180716,  177,    0
 11782, 81394,20180717,  172,    0
 11782, 81394,20180718,  198,    0
 11782, 81394,20180719,  203,    0
 11782, 81394,20180720,  208,    0
 11782, 81394,20180721,  157,    0
 11782, 81394,20180722,  155,    0
 11782, 81394,20180723,  175,    0
 11782, 81394,20180724,  204,    0
 11782, 81394,20180725,  215,    0
 11782, 81394,20180726,  214,    0
 11782, 81394,20180727,  219,    0
 11782, 81394,20180728,  205,    0
 11782, 81394,20180729,  216,    0
 11782, 81394,20180730,  239,    0
 11782, 81394,20180731,  252,    0
 11782, 81394,20180801,  242,    0
 11782, 81394,20180802,  210,    0
 11782, 81394,20180803,  235,    0
 11782, 81394,20180804,  245,    0
 11782, 81394,20180805,  237,    0
 11782, 81394,20180806,  233,    0
 11782, 81394,20180807,  234,    0
 11782, 81394,20180808,  223,    0
 11782, 81394,20180809,  225,    0
 11782, 81394,20180810,  146,    0
 11782, 81394,20180811,  166,    0
 11782, 81394,20180812,  196,    0
 11782, 81394,20180813,  195,    0
 11782, 81394,20180814,  162,    0
 11782, 81394,20180815,  178,    0
 11782, 81394,20180816,  200,    0
 11782, 81394,20180817,  207,    0
 11782, 81394,20180818,  193,    0
 11782, 81394,20180819,  212,    0
 11782, 81394,20180820,  218,    0
 11782, 81394,20180821,  215,    0
 11782, 81394,20180822,  226,    0
 11782, 81394,20180823,  204,    0
 11782, 81394,20180824,  162,    0
 11782, 81394,20180825,  107,    0
 11782, 81394,20180826,  110,    0
 11782, 81394,20180827,  157,    0
 11782, 81394,20180828,  187,    0
 11782, 81394,20180829,  196,    0
 11782, 81394,20180830,  144,    0
 11782, 81394,20180831,  123,    0
 11782, 81394,20180901,  100,    0
 11782, 81394,20180902,  111,    0
 11782, 81394,20180903,  137,    0
 11782, 81394,20180904,  138,    0
 11782, 81394,20180905,  167,    0
 11782, 81394,20180906,  178,    0
 11782, 81394,20180907,  149,    0
 11782, 81394,20180908,  149,    0
 11782, 81394,20180909,  170,    0
 11782, 81394,20180910,  178,    0
 11782, 81394,20180911,  191,    0
 11782, 81394,20180912,  206,    0
 11782, 81394,20180913,  177,    0
 11782, 81394,20180914,  150,    0
 11782, 81394,20180915,  148,    0
 11782, 81394,20180916,  156,    0
 11782, 81394,20180917,  185,    0
 11782, 81394,20180918,  181,    0
 11782, 81394,20180919,  185,    0
 11782, 81394,20180920,  194,    0
 11782, 81394,20180921,  179,    0
 11782, 81394,20180922,  110,    0
 11782, 81394,20180923,  160,    0
 11782, 81394,20180924,   72,    0
 11782, 81394,20180925,   50,    0
 11782, 81394,20180926,   80,    0
 11782, 81394,20180927,  120,    0
 11782, 81394,20180928,  140,    0
 11782, 81394,20180929,   90,    0
 11782, 81394,20180930,  110,    0
 11782, 81394,20181001,   80,    0
 11782, 81394,20181002,   70,    0
 11782, 81394,20181003,   92,    0
 11782, 81394,20181004,  100,    0
 11782, 81394,20181005,  133,    0
 11782, 81394,20181006,  156,    0
 11782, 81394,20181007,  145,    0
 11782, 81394,20181008,  115,    0
 11782, 81394,20181009,  127,    0
 11782, 81394,20181010,  137,    0
 11782, 81394,20181011,  179,    0
 11782, 81394,20181012,  165,    0
 11782, 81394,20181013,  154,    0
 11782, 81394,20181014,  169,    0
 11782, 81394,20181015,  161,    0
 11782, 81394,20181016,  146,    0
 11782, 81394,20181017,  133,    0
 11782, 81394,20181018,  120,    0
 11782, 81394,20181019,   88,    0
 11782, 81394,20181020,  100,    0
 11782, 81394,20181021,   73,    0
 11782, 81394,20181022,   50,    0
 11782, 81394,20181023,   75,    0
 11782, 81394,20181024,   95,    0
 11782, 81394,20181025,  100,    0
 11782, 81394,20181026,   98,    0
 11782, 81394,20181027,   34,    0
 11782, 81394,20181028,   10,    0
 11782, 81394,20181029,   45,    0
 11782, 81394,20181030,   48,    0
 11782, 81394,20181031,   67,    0
 11782, 81394,20181101,  106,    0
 11782, 81394,20181102,   69,    0
 11782, 81394,20181103,   70,    0
 11782, 81394,20181104,   71,    0
 11782, 81394,20181105,  128,    0
 11782, 81394,20181106,  146,    0
 11782, 81394,20181107,  102,    0
 11782, 81394,20181108,   81,    0
 11782, 81394,20181109,   62,    0
 11782, 81394,20181110,   78,    0
 11782, 81394,20181111,   97,    0
 11782, 81394,20181112,  126,    0
 11782, 81394,20181113,   86,    0
 11782, 81394,20181114,   56,    0
 11782, 81394,20181115,   20,    0
 11782, 81394,20181116,   15,    0
 11782, 81394,20181117,    7,    0
 11782, 81394,20181118,  -17,    0
 11782, 81394,20181119,  -25,    0
 11782, 81394,20181120,  -15,    0
 11782, 81394,20181121,  -25,    0
 11782, 81394,20181122,   10,    0
 11782, 81394,20181123,   16,    0
 11782, 81394,20181124,   31,    0
 11782, 81394,20181125,   14,    0
 11782, 81394,20181126,    4,    0
 11782, 81394,20181127,   -6,    0
 11782, 81394,20181128,  -16,    0
 11782, 81394,20181129,   21,    0
 11782, 81394,20181130,   53,    0
 11782, 81394,20181201,   38,    0
 11782, 81394,20181202,   65,    0
 11782, 81394,20181203,   91,    0
 11782, 81394,20181204,   54,    0
 11782, 81394,20181205,   39,    0
 11782, 81394,20181206,   70,    0
 11782, 81394,20181207,   82,    0
 11782, 81394,20181208,   34,    0
 11782, 81394,20181209,   37,    0
 11782, 81394,20181210,    7,    0
 11782, 81394,20181211,  -14,    0
 11782, 81394,20181212,  -28,    0
 11782, 81394,20181213,  -32,    0
 11782, 81394,20181214,  -51,    0
 11782, 81394,20181215,  -61,    0
 11782, 81394,20181216,  -11,    0
 11782, 81394,20181217,    9,    0
 11782, 81394,20181218,    8,    0
 11782, 81394,20181219,   31,    0
 11782, 81394,20181220,   27,    0
 11782, 81394,20181221,   53,    0
 11782, 81394,20181222,   74,    0
 11782, 81394,20181223,   64,    0
 11782, 81394,20181224,   29,    0
 11782, 81394,20181225,  -14,    0
 11782, 81394,20181226,   -7,    0
 11782, 81394,20181227,   17,    0
 11782, 81394,20181228,   20,    0
 11782, 81394,20181229,  -19,    0
 11782, 81394,20181230,    6,    0
 11782, 81394,20181231,   11,    0
 11782, 81394,20190101,    9,    0
 11782, 81394,20190102,  -21,    0
 11782, 81394,20190103,  -52,    0
 11782, 81394,20190104,  -37,    0
 11782, 81394,20190105,  -18,    0
 11782, 81394,20190106,   -3,    0
 11782, 81394,20190107,   -4,    0
 11782, 81394,20190108,   -1,    0
 11782, 81394,20190109,  -23,    0
 11782, 81394,20190110,  -36,    0
 11782, 81394,20190111,  -50,    0
 11782, 81394,20190112,  -10,    0
 11782, 81394,20190113,   10,    0
 11782, 81394,20190114,    2,    0
 11782, 81394,20190115,  -10,    0
 11782, 81394,20190116,    6,    0
 11782, 81394,20190117,   26,    0
 11782, 81394,20190118,  -33,    0
 11782, 81394,20190119,  -64,    0
 11782, 81394,20190120,  -36,    0
 11782, 81394,20190121,  -44,    0
 11782, 81394,20190122,  -64,    0
 11782, 81394,20190123,  -79,    0
 11782, 81394,20190124,  -62,    0
 11782, 81394,20190125,  -65,    0
 11782, 81394,20190126,   -1,    0
 11782, 81394,20190127,   19,    0
 11782, 81394,20190128,  -15,    0
 11782, 81394,20190129,  -28,    0
 11782, 81394,20190130,  -16,    0
 11782, 81394,20190131,  -26,    0
 11782, 81394,20190201,    9,    0
 11782, 81394,20190202,   20,    0
 11782, 81394,20190203,  -17,    0
 11782, 81394,20190204,  -34,    0
 11782, 81394,20190205,  -39,    0
 11782, 81394,20190206,  -27,    0
 11782, 81394,20190207,   10,    0
 11782, 81394,20190208,   20,    0
 11782, 81394,20190209,   41,    0
 11782, 81394,20190210,   48,    0
 11782, 81394,20190211,    0,    0
 11782, 81394,20190212,  -10,    0
 11782, 81394,20190213,    0,    0
 11782, 81394,20190214,   42,    0
 11782, 81394,20190215,   58,    0
 11782, 81394,20190216,   71,    0
 11782, 81394,20190217,   81,    0
 11782, 81394,20190218,   69,    0
 11782, 81394,20190219,   56,    0
 11782, 81394,20190220,   47,    0
 11782, 81394,20190221,   62,    0
 11782, 81394,20190222,   47,    0
 11782, 81394,20190223,    3,    0
 11782, 81394,20190224,   -1,    0
 11782, 81394,20190225,   45,    0
 11782, 81394,20190226,   84,    0
 11782, 81394,20190227,   89,    0
 11782, 81394,20190228,   95,    0
 11782, 81394,20190301,   43,    0
 11782, 81394,20190302,   41,    0
 11782, 81394,20190303,   73,    0
 11782, 81394,20190304,   70,    0
 11782, 81394,20190305,   37,    0
 11782, 81394,20190306,   81,    0
 11782, 81394,20190307,   72,    0
 11782, 81394,20190308,   40,    0
 11782, 81394,20190309,   62,    0
 11782, 81394,20190310,   76,    0
 11782, 81394,20190311,    3,    0
 11782, 81394,20190312,   28,    0
 11782, 81394,20190313,   25,    0
 11782, 81394,20190314,   11,    0
 11782, 81394,20190315,   47,    0
 11782, 81394,20190316,   94,    0
 11782, 81394,20190317,   87,    0
 11782, 81394,20190318,    5,    0
 11782, 81394,20190319,   12,    0
 11782, 81394,20190320,   18,    0
 11782, 81394,20190321,   40,    0
 11782, 81394,20190322,   73,    0
 11782, 81394,20190323,  101,    0
 11782, 81394,20190324,   99,    0
 11782, 81394,20190325,   32,    0
 11782, 81394,20190326,   11,    0
 11782, 81394,20190327,   25,    0
 11782, 81394,20190328,   53,    0
 11782, 81394,20190329,   71,    0
 11782, 81394,20190330,   99,    0
 11782, 81394,20190331,  105,    0
 11782, 81394,20190401,   77,    0
 11782, 81394,20190402,  115,    0
 11782, 81394,20190403,   97,    0
 11782, 81394,20190404,   18,    0
 11782, 81394,20190405,   30,    0
 11782, 81394,20190406,   76,    0
 11782, 81394,20190407,   80,    0
 11782, 81394,20190408,   62,    0
 11782, 81394,20190409,   78,    0
 11782, 81394,20190410,   62,    0
 11782, 81394,20190411,   41,    0
 11782, 81394,20190412,   21,    0
 11782, 81394,20190413,   27,    0
 11782, 81394,20190414,   23,    0
 11782, 81394,20190415,   61,    0
 11782, 81394,20190416,   94,    0
 11782, 81394,20190417,  102,    0
 11782, 81394,20190418,  106,    0
 11782, 81394,20190419,  131,    0
 11782, 81394,20190420,  131,    0
 11782, 81394,20190421,  139,    0
 11782, 81394,20190422,  140,    0
 11782, 81394,20190423,  142,    0
 11782, 81394,20190424,  159,    0
 11782, 81394,20190425,  149,    0
 11782, 81394,20190426,   53,    0
 11782, 81394,20190427,   63,    0
 11782, 81394,20190428,   34,    0
 11782, 81394,20190429,   41,    0
 11782, 81394,20190430,   54,    0
