EUROPEAN CLIMATE ASSESSMENT & DATASET (ECA&D), file created on: 13-05-2019
THESE DATA CAN BE USED FOR NON-COMMERCIAL RESEARCH AND EDUCATION PROVIDED THAT THE FOLLOWING SOURCE IS ACKNOWLEDGED: 

Klein Tank, A.M.G. and Coauthors, 2002. Daily dataset of 20th-century surface
air temperature and precipitation series for the European Climate Assessment.
Int. J. of Climatol., 22, 1441-1453.
Data and metadata available at http://www.ecad.eu

FILE FORMAT (MISSING VALUE CODE = -9999):

01-06 STAID: Station identifier
08-13 SOUID: Source identifier
15-22 DATE : Date YYYYMMDD
24-28 TG   : Mean temperature in 0.1 &#176;C
30-34 Q_TG : quality code for TG (0='valid'; 1='suspect'; 9='missing')

This is the blended series of station ORSKOG, NORWAY (STAID: 2709)
Blended and updated with sources:10943 
See files sources.txt and stations.txt for more info.

STAID, SOUID,    DATE,   TG, Q_TG
  2709, 10943,20141101,-9999,    9
  2709, 10943,20141102,-9999,    9
  2709, 10943,20141103,-9999,    9
  2709, 10943,20141104,-9999,    9
  2709, 10943,20141105,-9999,    9
  2709, 10943,20141106,-9999,    9
  2709, 10943,20141107,-9999,    9
  2709, 10943,20141108,-9999,    9
  2709, 10943,20141109,-9999,    9
  2709, 10943,20141110,-9999,    9
  2709, 10943,20141111,-9999,    9
  2709, 10943,20141112,-9999,    9
  2709, 10943,20141113,-9999,    9
  2709, 10943,20141114,-9999,    9
  2709, 10943,20141115,-9999,    9
  2709, 10943,20141116,-9999,    9
  2709, 10943,20141117,   81,    0
  2709, 10943,20141118,   32,    0
  2709, 10943,20141119,   33,    0
  2709, 10943,20141120,   38,    0
  2709, 10943,20141121,    7,    0
  2709, 10943,20141122,   -4,    0
  2709, 10943,20141123,   65,    0
  2709, 10943,20141124,   44,    0
  2709, 10943,20141125,   51,    0
  2709, 10943,20141126,   52,    0
  2709, 10943,20141127,   78,    0
  2709, 10943,20141128,   57,    0
  2709, 10943,20141129,   47,    0
  2709, 10943,20141130,   54,    0
  2709, 10943,20141201,   73,    0
  2709, 10943,20141202,   48,    0
  2709, 10943,20141203,   79,    0
  2709, 10943,20141204,   62,    0
  2709, 10943,20141205,   59,    0
  2709, 10943,20141206,   41,    0
  2709, 10943,20141207,   30,    0
  2709, 10943,20141208,   24,    0
  2709, 10943,20141209,   33,    0
  2709, 10943,20141210,   44,    0
  2709, 10943,20141211,   63,    0
  2709, 10943,20141212,   64,    0
  2709, 10943,20141213,   22,    0
  2709, 10943,20141214,   58,    0
  2709, 10943,20141215,   12,    0
  2709, 10943,20141216,   15,    0
  2709, 10943,20141217,   30,    0
  2709, 10943,20141218,   32,    0
  2709, 10943,20141219,   17,    0
  2709, 10943,20141220,   14,    0
  2709, 10943,20141221,   24,    0
  2709, 10943,20141222,   29,    0
  2709, 10943,20141223,   19,    0
  2709, 10943,20141224,  -46,    0
  2709, 10943,20141225,  -65,    0
  2709, 10943,20141226,  -20,    0
  2709, 10943,20141227,  -51,    0
  2709, 10943,20141228,  -21,    0
  2709, 10943,20141229,   15,    0
  2709, 10943,20141230,   56,    0
  2709, 10943,20141231,   52,    0
  2709, 10943,20150101,   75,    0
  2709, 10943,20150102,   31,    0
  2709, 10943,20150103,   17,    0
  2709, 10943,20150104,    6,    0
  2709, 10943,20150105,   38,    0
  2709, 10943,20150106,   79,    0
  2709, 10943,20150107,   57,    0
  2709, 10943,20150108,   43,    0
  2709, 10943,20150109,   12,    0
  2709, 10943,20150110,   28,    0
  2709, 10943,20150111,    9,    0
  2709, 10943,20150112,   35,    0
  2709, 10943,20150113,   26,    0
  2709, 10943,20150114,   26,    0
  2709, 10943,20150115,   53,    0
  2709, 10943,20150116,   34,    0
  2709, 10943,20150117,   16,    0
  2709, 10943,20150118,   18,    0
  2709, 10943,20150119,   20,    0
  2709, 10943,20150120,   15,    0
  2709, 10943,20150121,   17,    0
  2709, 10943,20150122,   -9,    0
  2709, 10943,20150123,   43,    0
  2709, 10943,20150124,   23,    0
  2709, 10943,20150125,   48,    0
  2709, 10943,20150126,   31,    0
  2709, 10943,20150127,   32,    0
  2709, 10943,20150128,   62,    0
  2709, 10943,20150129,    6,    0
  2709, 10943,20150130,   32,    0
  2709, 10943,20150131,  -10,    0
  2709, 10943,20150201,  -42,    0
  2709, 10943,20150202,   -2,    0
  2709, 10943,20150203,   -2,    0
  2709, 10943,20150204,   -3,    0
  2709, 10943,20150205,   17,    0
  2709, 10943,20150206,   34,    0
  2709, 10943,20150207,   25,    0
  2709, 10943,20150208,   26,    0
  2709, 10943,20150209,   47,    0
  2709, 10943,20150210,   60,    0
  2709, 10943,20150211,   67,    0
  2709, 10943,20150212,   22,    0
  2709, 10943,20150213,   17,    0
  2709, 10943,20150214,   51,    0
  2709, 10943,20150215,   78,    0
  2709, 10943,20150216,   72,    0
  2709, 10943,20150217,   41,    0
  2709, 10943,20150218,   66,    0
  2709, 10943,20150219,   67,    0
  2709, 10943,20150220,   45,    0
  2709, 10943,20150221,   30,    0
  2709, 10943,20150222,   -4,    0
  2709, 10943,20150223,   54,    0
  2709, 10943,20150224,   64,    0
  2709, 10943,20150225,   44,    0
  2709, 10943,20150226,   69,    0
  2709, 10943,20150227,   66,    0
  2709, 10943,20150228,   84,    0
  2709, 10943,20150301,   87,    0
  2709, 10943,20150302,   30,    0
  2709, 10943,20150303,   36,    0
  2709, 10943,20150304,   18,    0
  2709, 10943,20150305,   45,    0
  2709, 10943,20150306,   69,    0
  2709, 10943,20150307,   81,    0
  2709, 10943,20150308,   48,    0
  2709, 10943,20150309,   49,    0
  2709, 10943,20150310,   66,    0
  2709, 10943,20150311,   59,    0
  2709, 10943,20150312,   71,    0
  2709, 10943,20150313,   92,    0
  2709, 10943,20150314,   28,    0
  2709, 10943,20150315,   33,    0
  2709, 10943,20150316,   58,    0
  2709, 10943,20150317,   61,    0
  2709, 10943,20150318,   59,    0
  2709, 10943,20150319,   33,    0
  2709, 10943,20150320,   25,    0
  2709, 10943,20150321,   22,    0
  2709, 10943,20150322,   66,    0
  2709, 10943,20150323,   69,    0
  2709, 10943,20150324,   42,    0
  2709, 10943,20150325,   43,    0
  2709, 10943,20150326,   36,    0
  2709, 10943,20150327,   38,    0
  2709, 10943,20150328,   75,    0
  2709, 10943,20150329,   55,    0
  2709, 10943,20150330,   32,    0
  2709, 10943,20150331,   35,    0
  2709, 10943,20150401,   21,    0
  2709, 10943,20150402,   18,    0
  2709, 10943,20150403,   14,    0
  2709, 10943,20150404,   21,    0
  2709, 10943,20150405,   39,    0
  2709, 10943,20150406,   78,    0
  2709, 10943,20150407,   71,    0
  2709, 10943,20150408,   76,    0
  2709, 10943,20150409,   74,    0
  2709, 10943,20150410,  102,    0
  2709, 10943,20150411,   99,    0
  2709, 10943,20150412,   49,    0
  2709, 10943,20150413,   29,    0
  2709, 10943,20150414,   58,    0
  2709, 10943,20150415,   43,    0
  2709, 10943,20150416,   32,    0
  2709, 10943,20150417,   50,    0
  2709, 10943,20150418,   49,    0
  2709, 10943,20150419,   70,    0
  2709, 10943,20150420,   53,    0
  2709, 10943,20150421,   51,    0
  2709, 10943,20150422,   81,    0
  2709, 10943,20150423,   44,    0
  2709, 10943,20150424,   41,    0
  2709, 10943,20150425,   36,    0
  2709, 10943,20150426,   50,    0
  2709, 10943,20150427,   67,    0
  2709, 10943,20150428,   53,    0
  2709, 10943,20150429,   52,    0
  2709, 10943,20150430,   48,    0
  2709, 10943,20150501,   40,    0
  2709, 10943,20150502,   28,    0
  2709, 10943,20150503,   60,    0
  2709, 10943,20150504,   95,    0
  2709, 10943,20150505,  130,    0
  2709, 10943,20150506,  142,    0
  2709, 10943,20150507,  103,    0
  2709, 10943,20150508,   74,    0
  2709, 10943,20150509,   78,    0
  2709, 10943,20150510,   60,    0
  2709, 10943,20150511,  112,    0
  2709, 10943,20150512,  107,    0
  2709, 10943,20150513,   73,    0
  2709, 10943,20150514,   53,    0
  2709, 10943,20150515,   77,    0
  2709, 10943,20150516,   64,    0
  2709, 10943,20150517,   78,    0
  2709, 10943,20150518,   89,    0
  2709, 10943,20150519,  105,    0
  2709, 10943,20150520,   73,    0
  2709, 10943,20150521,   95,    0
  2709, 10943,20150522,   74,    0
  2709, 10943,20150523,   56,    0
  2709, 10943,20150524,   76,    0
  2709, 10943,20150525,   79,    0
  2709, 10943,20150526,   86,    0
  2709, 10943,20150527,   88,    0
  2709, 10943,20150528,  107,    0
  2709, 10943,20150529,   94,    0
  2709, 10943,20150530,   92,    0
  2709, 10943,20150531,   84,    0
  2709, 10943,20150601,   74,    0
  2709, 10943,20150602,  101,    0
  2709, 10943,20150603,   80,    0
  2709, 10943,20150604,   82,    0
  2709, 10943,20150605,  106,    0
  2709, 10943,20150606,  126,    0
  2709, 10943,20150607,   94,    0
  2709, 10943,20150608,   86,    0
  2709, 10943,20150609,   98,    0
  2709, 10943,20150610,  102,    0
  2709, 10943,20150611,  105,    0
  2709, 10943,20150612,   96,    0
  2709, 10943,20150613,   79,    0
  2709, 10943,20150614,   74,    0
  2709, 10943,20150615,   72,    0
  2709, 10943,20150616,   91,    0
  2709, 10943,20150617,   99,    0
  2709, 10943,20150618,  112,    0
  2709, 10943,20150619,  119,    0
  2709, 10943,20150620,  114,    0
  2709, 10943,20150621,  126,    0
  2709, 10943,20150622,  124,    0
  2709, 10943,20150623,  102,    0
  2709, 10943,20150624,  104,    0
  2709, 10943,20150625,  103,    0
  2709, 10943,20150626,  113,    0
  2709, 10943,20150627,  131,    0
  2709, 10943,20150628,  131,    0
  2709, 10943,20150629,  129,    0
  2709, 10943,20150630,  131,    0
  2709, 10943,20150701,  185,    0
  2709, 10943,20150702,  213,    0
  2709, 10943,20150703,  163,    0
  2709, 10943,20150704,  150,    0
  2709, 10943,20150705,  174,    0
  2709, 10943,20150706,  145,    0
  2709, 10943,20150707,  114,    0
  2709, 10943,20150708,  111,    0
  2709, 10943,20150709,  101,    0
  2709, 10943,20150710,  101,    0
  2709, 10943,20150711,  126,    0
  2709, 10943,20150712,  145,    0
  2709, 10943,20150713,  121,    0
  2709, 10943,20150714,  118,    0
  2709, 10943,20150715,  114,    0
  2709, 10943,20150716,  100,    0
  2709, 10943,20150717,  116,    0
  2709, 10943,20150718,  121,    0
  2709, 10943,20150719,  120,    0
  2709, 10943,20150720,  128,    0
  2709, 10943,20150721,  127,    0
  2709, 10943,20150722,  131,    0
  2709, 10943,20150723,  120,    0
  2709, 10943,20150724,  123,    0
  2709, 10943,20150725,  135,    0
  2709, 10943,20150726,  134,    0
  2709, 10943,20150727,  130,    0
  2709, 10943,20150728,  139,    0
  2709, 10943,20150729,  133,    0
  2709, 10943,20150730,  110,    0
  2709, 10943,20150731,  102,    0
  2709, 10943,20150801,  121,    0
  2709, 10943,20150802,  113,    0
  2709, 10943,20150803,  124,    0
  2709, 10943,20150804,  176,    0
  2709, 10943,20150805,  156,    0
  2709, 10943,20150806,  162,    0
  2709, 10943,20150807,  146,    0
  2709, 10943,20150808,  137,    0
  2709, 10943,20150809,  161,    0
  2709, 10943,20150810,  175,    0
  2709, 10943,20150811,  148,    0
  2709, 10943,20150812,  120,    0
  2709, 10943,20150813,  131,    0
  2709, 10943,20150814,  148,    0
  2709, 10943,20150815,  202,    0
  2709, 10943,20150816,  155,    0
  2709, 10943,20150817,  159,    0
  2709, 10943,20150818,  165,    0
  2709, 10943,20150819,  177,    0
  2709, 10943,20150820,  169,    0
  2709, 10943,20150821,  186,    0
  2709, 10943,20150822,  206,    0
  2709, 10943,20150823,  186,    0
  2709, 10943,20150824,  181,    0
  2709, 10943,20150825,  173,    0
  2709, 10943,20150826,  165,    0
  2709, 10943,20150827,  146,    0
  2709, 10943,20150828,  125,    0
  2709, 10943,20150829,  138,    0
  2709, 10943,20150830,  132,    0
  2709, 10943,20150831,  129,    0
  2709, 10943,20150901,  129,    0
  2709, 10943,20150902,  129,    0
  2709, 10943,20150903,  148,    0
  2709, 10943,20150904,  108,    0
  2709, 10943,20150905,   98,    0
  2709, 10943,20150906,  101,    0
  2709, 10943,20150907,  116,    0
  2709, 10943,20150908,  127,    0
  2709, 10943,20150909,  125,    0
  2709, 10943,20150910,  113,    0
  2709, 10943,20150911,  119,    0
  2709, 10943,20150912,  130,    0
  2709, 10943,20150913,  151,    0
  2709, 10943,20150914,  170,    0
  2709, 10943,20150915,  163,    0
  2709, 10943,20150916,  123,    0
  2709, 10943,20150917,  117,    0
  2709, 10943,20150918,  122,    0
  2709, 10943,20150919,  105,    0
  2709, 10943,20150920,   96,    0
  2709, 10943,20150921,   87,    0
  2709, 10943,20150922,  108,    0
  2709, 10943,20150923,  109,    0
  2709, 10943,20150924,  126,    0
  2709, 10943,20150925,  100,    0
  2709, 10943,20150926,   87,    0
  2709, 10943,20150927,   97,    0
  2709, 10943,20150928,  107,    0
  2709, 10943,20150929,  169,    0
  2709, 10943,20150930,  124,    0
  2709, 10943,20151001,  137,    0
  2709, 10943,20151002,  121,    0
  2709, 10943,20151003,   97,    0
  2709, 10943,20151004,   91,    0
  2709, 10943,20151005,   89,    0
  2709, 10943,20151006,  141,    0
  2709, 10943,20151007,  137,    0
  2709, 10943,20151008,  136,    0
  2709, 10943,20151009,  117,    0
  2709, 10943,20151010,   89,    0
  2709, 10943,20151011,   74,    0
  2709, 10943,20151012,   90,    0
  2709, 10943,20151013,   79,    0
  2709, 10943,20151014,   74,    0
  2709, 10943,20151015,   80,    0
  2709, 10943,20151016,   74,    0
  2709, 10943,20151017,   93,    0
  2709, 10943,20151018,   88,    0
  2709, 10943,20151019,   67,    0
  2709, 10943,20151020,   78,    0
  2709, 10943,20151021,  116,    0
  2709, 10943,20151022,  114,    0
  2709, 10943,20151023,  109,    0
  2709, 10943,20151024,  125,    0
  2709, 10943,20151025,   61,    0
  2709, 10943,20151026,   96,    0
  2709, 10943,20151027,   82,    0
  2709, 10943,20151028,   83,    0
  2709, 10943,20151029,   68,    0
  2709, 10943,20151030,  114,    0
  2709, 10943,20151031,  165,    0
  2709, 10943,20151101,  118,    0
  2709, 10943,20151102,  143,    0
  2709, 10943,20151103,  101,    0
  2709, 10943,20151104,   80,    0
  2709, 10943,20151105,   79,    0
  2709, 10943,20151106,  136,    0
  2709, 10943,20151107,  110,    0
  2709, 10943,20151108,   88,    0
  2709, 10943,20151109,   91,    0
  2709, 10943,20151110,   68,    0
  2709, 10943,20151111,   65,    0
  2709, 10943,20151112,   63,    0
  2709, 10943,20151113,   86,    0
  2709, 10943,20151114,   67,    0
  2709, 10943,20151115,   41,    0
  2709, 10943,20151116,   75,    0
  2709, 10943,20151117,   80,    0
  2709, 10943,20151118,   19,    0
  2709, 10943,20151119,   -4,    0
  2709, 10943,20151120,    1,    0
  2709, 10943,20151121,  -18,    0
  2709, 10943,20151122,   -9,    0
  2709, 10943,20151123,   61,    0
  2709, 10943,20151124,   76,    0
  2709, 10943,20151125,   40,    0
  2709, 10943,20151126,   55,    0
  2709, 10943,20151127,   72,    0
  2709, 10943,20151128,   39,    0
  2709, 10943,20151129,   55,    0
  2709, 10943,20151130,   26,    0
  2709, 10943,20151201,   32,    0
  2709, 10943,20151202,   62,    0
  2709, 10943,20151203,   46,    0
  2709, 10943,20151204,   50,    0
  2709, 10943,20151205,   57,    0
  2709, 10943,20151206,   47,    0
  2709, 10943,20151207,   33,    0
  2709, 10943,20151208,  105,    0
  2709, 10943,20151209,   74,    0
  2709, 10943,20151210,   57,    0
  2709, 10943,20151211,   26,    0
  2709, 10943,20151212,   12,    0
  2709, 10943,20151213,    3,    0
  2709, 10943,20151214,   15,    0
  2709, 10943,20151215,   13,    0
  2709, 10943,20151216,    2,    0
  2709, 10943,20151217,   83,    0
  2709, 10943,20151218,   79,    0
  2709, 10943,20151219,   90,    0
  2709, 10943,20151220,   83,    0
  2709, 10943,20151221,   74,    0
  2709, 10943,20151222,   71,    0
  2709, 10943,20151223,   60,    0
  2709, 10943,20151224,   95,    0
  2709, 10943,20151225,   43,    0
  2709, 10943,20151226,  -19,    0
  2709, 10943,20151227,  -20,    0
  2709, 10943,20151228,   21,    0
  2709, 10943,20151229,  100,    0
  2709, 10943,20151230,  125,    0
  2709, 10943,20151231,  105,    0
  2709, 10943,20160101,   69,    0
  2709, 10943,20160102,   58,    0
  2709, 10943,20160103,    6,    0
  2709, 10943,20160104,  -31,    0
  2709, 10943,20160105,  -17,    0
  2709, 10943,20160106,  -27,    0
  2709, 10943,20160107,  -34,    0
  2709, 10943,20160108,  -82,    0
  2709, 10943,20160109,  -67,    0
  2709, 10943,20160110,   -6,    0
  2709, 10943,20160111,   37,    0
  2709, 10943,20160112,   14,    0
  2709, 10943,20160113,   13,    0
  2709, 10943,20160114,   -9,    0
  2709, 10943,20160115,  -45,    0
  2709, 10943,20160116,  -57,    0
  2709, 10943,20160117,    1,    0
  2709, 10943,20160118,    0,    0
  2709, 10943,20160119,  -13,    0
  2709, 10943,20160120,  -23,    0
  2709, 10943,20160121,  -13,    0
  2709, 10943,20160122,   27,    0
  2709, 10943,20160123,   65,    0
  2709, 10943,20160124,   41,    0
  2709, 10943,20160125,  102,    0
  2709, 10943,20160126,   52,    0
  2709, 10943,20160127,   37,    0
  2709, 10943,20160128,   19,    0
  2709, 10943,20160129,   71,    0
  2709, 10943,20160130,   20,    0
  2709, 10943,20160131,    8,    0
  2709, 10943,20160201,   20,    0
  2709, 10943,20160202,   12,    0
  2709, 10943,20160203,   11,    0
  2709, 10943,20160204,   17,    0
  2709, 10943,20160205,   27,    0
  2709, 10943,20160206,   46,    0
  2709, 10943,20160207,   44,    0
  2709, 10943,20160208,   53,    0
  2709, 10943,20160209,   21,    0
  2709, 10943,20160210,   25,    0
  2709, 10943,20160211,   -7,    0
  2709, 10943,20160212,-9999,    9
  2709, 10943,20160213,-9999,    9
  2709, 10943,20160214,-9999,    9
  2709, 10943,20160215,-9999,    9
  2709, 10943,20160216,-9999,    9
  2709, 10943,20160217,-9999,    9
  2709, 10943,20160218,-9999,    9
  2709, 10943,20160219,   50,    0
  2709, 10943,20160220,   49,    0
  2709, 10943,20160221,   32,    0
  2709, 10943,20160222,   20,    0
  2709, 10943,20160223,   11,    0
  2709, 10943,20160224,   14,    0
  2709, 10943,20160225,   17,    0
  2709, 10943,20160226,   15,    0
  2709, 10943,20160227,   10,    0
  2709, 10943,20160228,   14,    0
  2709, 10943,20160229,   26,    0
  2709, 10943,20160301,   51,    0
  2709, 10943,20160302,   44,    0
  2709, 10943,20160303,   17,    0
  2709, 10943,20160304,   33,    0
  2709, 10943,20160305,   17,    0
  2709, 10943,20160306,    9,    0
  2709, 10943,20160307,   -8,    0
  2709, 10943,20160308,    0,    0
  2709, 10943,20160309,   43,    0
  2709, 10943,20160310,   59,    0
  2709, 10943,20160311,   62,    0
  2709, 10943,20160312,   65,    0
  2709, 10943,20160313,   78,    0
  2709, 10943,20160314,   61,    0
  2709, 10943,20160315,   52,    0
  2709, 10943,20160316,   46,    0
  2709, 10943,20160317,   41,    0
  2709, 10943,20160318,   43,    0
  2709, 10943,20160319,   43,    0
  2709, 10943,20160320,   44,    0
  2709, 10943,20160321,   30,    0
  2709, 10943,20160322,   34,    0
  2709, 10943,20160323,   26,    0
  2709, 10943,20160324,   44,    0
  2709, 10943,20160325,   61,    0
  2709, 10943,20160326,  104,    0
  2709, 10943,20160327,  100,    0
  2709, 10943,20160328,  104,    0
  2709, 10943,20160329,   73,    0
  2709, 10943,20160330,   41,    0
  2709, 10943,20160331,   15,    0
  2709, 10943,20160401,   49,    0
  2709, 10943,20160402,   75,    0
  2709, 10943,20160403,   66,    0
  2709, 10943,20160404,   68,    0
  2709, 10943,20160405,   69,    0
  2709, 10943,20160406,   65,    0
  2709, 10943,20160407,   49,    0
  2709, 10943,20160408,   27,    0
  2709, 10943,20160409,   34,    0
  2709, 10943,20160410,   44,    0
  2709, 10943,20160411,   47,    0
  2709, 10943,20160412,   48,    0
  2709, 10943,20160413,   42,    0
  2709, 10943,20160414,   28,    0
  2709, 10943,20160415,   29,    0
  2709, 10943,20160416,   41,    0
  2709, 10943,20160417,   56,    0
  2709, 10943,20160418,   62,    0
  2709, 10943,20160419,   50,    0
  2709, 10943,20160420,   58,    0
  2709, 10943,20160421,   46,    0
  2709, 10943,20160422,   17,    0
  2709, 10943,20160423,    9,    0
  2709, 10943,20160424,   11,    0
  2709, 10943,20160425,   31,    0
  2709, 10943,20160426,   35,    0
  2709, 10943,20160427,   40,    0
  2709, 10943,20160428,   65,    0
  2709, 10943,20160429,   61,    0
  2709, 10943,20160430,   86,    0
  2709, 10943,20160501,   88,    0
  2709, 10943,20160502,  125,    0
  2709, 10943,20160503,   89,    0
  2709, 10943,20160504,  107,    0
  2709, 10943,20160505,  137,    0
  2709, 10943,20160506,  125,    0
  2709, 10943,20160507,  103,    0
  2709, 10943,20160508,  135,    0
  2709, 10943,20160509,  163,    0
  2709, 10943,20160510,   97,    0
  2709, 10943,20160511,  110,    0
  2709, 10943,20160512,   58,    0
  2709, 10943,20160513,   39,    0
  2709, 10943,20160514,   45,    0
  2709, 10943,20160515,   61,    0
  2709, 10943,20160516,   68,    0
  2709, 10943,20160517,   63,    0
  2709, 10943,20160518,   60,    0
  2709, 10943,20160519,   77,    0
  2709, 10943,20160520,  101,    0
  2709, 10943,20160521,  133,    0
  2709, 10943,20160522,  123,    0
  2709, 10943,20160523,   86,    0
  2709, 10943,20160524,   90,    0
  2709, 10943,20160525,  111,    0
  2709, 10943,20160526,  112,    0
  2709, 10943,20160527,  127,    0
  2709, 10943,20160528,  134,    0
  2709, 10943,20160529,  155,    0
  2709, 10943,20160530,  153,    0
  2709, 10943,20160531,  132,    0
  2709, 10943,20160601,  144,    0
  2709, 10943,20160602,  146,    0
  2709, 10943,20160603,  130,    0
  2709, 10943,20160604,  123,    0
  2709, 10943,20160605,  125,    0
  2709, 10943,20160606,  130,    0
  2709, 10943,20160607,  120,    0
  2709, 10943,20160608,   97,    0
  2709, 10943,20160609,   79,    0
  2709, 10943,20160610,   97,    0
  2709, 10943,20160611,  115,    0
  2709, 10943,20160612,  122,    0
  2709, 10943,20160613,  132,    0
  2709, 10943,20160614,  133,    0
  2709, 10943,20160615,  133,    0
  2709, 10943,20160616,  131,    0
  2709, 10943,20160617,  119,    0
  2709, 10943,20160618,  101,    0
  2709, 10943,20160619,   93,    0
  2709, 10943,20160620,  144,    0
  2709, 10943,20160621,  132,    0
  2709, 10943,20160622,  151,    0
  2709, 10943,20160623,  151,    0
  2709, 10943,20160624,  144,    0
  2709, 10943,20160625,  122,    0
  2709, 10943,20160626,  144,    0
  2709, 10943,20160627,  146,    0
  2709, 10943,20160628,  133,    0
  2709, 10943,20160629,  140,    0
  2709, 10943,20160630,  161,    0
  2709, 10943,20160701,  160,    0
  2709, 10943,20160702,  136,    0
  2709, 10943,20160703,  124,    0
  2709, 10943,20160704,  134,    0
  2709, 10943,20160705,  125,    0
  2709, 10943,20160706,  103,    0
  2709, 10943,20160707,  125,    0
  2709, 10943,20160708,  150,    0
  2709, 10943,20160709,  135,    0
  2709, 10943,20160710,  147,    0
  2709, 10943,20160711,  156,    0
  2709, 10943,20160712,  152,    0
  2709, 10943,20160713,  143,    0
  2709, 10943,20160714,  133,    0
  2709, 10943,20160715,  135,    0
  2709, 10943,20160716,  127,    0
  2709, 10943,20160717,  121,    0
  2709, 10943,20160718,  139,    0
  2709, 10943,20160719,  143,    0
  2709, 10943,20160720,  181,    0
  2709, 10943,20160721,  212,    0
  2709, 10943,20160722,  179,    0
  2709, 10943,20160723,  178,    0
  2709, 10943,20160724,  174,    0
  2709, 10943,20160725,  180,    0
  2709, 10943,20160726,  163,    0
  2709, 10943,20160727,  157,    0
  2709, 10943,20160728,  154,    0
  2709, 10943,20160729,  148,    0
  2709, 10943,20160730,  146,    0
  2709, 10943,20160731,  142,    0
  2709, 10943,20160801,  142,    0
  2709, 10943,20160802,  124,    0
  2709, 10943,20160803,  136,    0
  2709, 10943,20160804,  158,    0
  2709, 10943,20160805,  152,    0
  2709, 10943,20160806,  132,    0
  2709, 10943,20160807,  144,    0
  2709, 10943,20160808,  155,    0
  2709, 10943,20160809,  110,    0
  2709, 10943,20160810,   77,    0
  2709, 10943,20160811,   81,    0
  2709, 10943,20160812,  110,    0
  2709, 10943,20160813,  125,    0
  2709, 10943,20160814,  131,    0
  2709, 10943,20160815,  129,    0
  2709, 10943,20160816,  156,    0
  2709, 10943,20160817,  154,    0
  2709, 10943,20160818,  147,    0
  2709, 10943,20160819,  144,    0
  2709, 10943,20160820,  160,    0
  2709, 10943,20160821,  160,    0
  2709, 10943,20160822,  154,    0
  2709, 10943,20160823,  157,    0
  2709, 10943,20160824,  149,    0
  2709, 10943,20160825,  142,    0
  2709, 10943,20160826,  134,    0
  2709, 10943,20160827,  130,    0
  2709, 10943,20160828,  129,    0
  2709, 10943,20160829,  127,    0
  2709, 10943,20160830,  128,    0
  2709, 10943,20160831,  165,    0
  2709, 10943,20160901,  125,    0
  2709, 10943,20160902,  121,    0
  2709, 10943,20160903,  123,    0
  2709, 10943,20160904,  118,    0
  2709, 10943,20160905,  123,    0
  2709, 10943,20160906,  182,    0
  2709, 10943,20160907,  136,    0
  2709, 10943,20160908,  146,    0
  2709, 10943,20160909,  149,    0
  2709, 10943,20160910,  155,    0
  2709, 10943,20160911,  126,    0
  2709, 10943,20160912,  151,    0
  2709, 10943,20160913,  187,    0
  2709, 10943,20160914,  145,    0
  2709, 10943,20160915,  156,    0
  2709, 10943,20160916,  172,    0
  2709, 10943,20160917,  153,    0
  2709, 10943,20160918,  156,    0
  2709, 10943,20160919,  144,    0
  2709, 10943,20160920,  147,    0
  2709, 10943,20160921,  144,    0
  2709, 10943,20160922,  142,    0
  2709, 10943,20160923,  121,    0
  2709, 10943,20160924,  149,    0
  2709, 10943,20160925,  191,    0
  2709, 10943,20160926,  144,    0
  2709, 10943,20160927,  135,    0
  2709, 10943,20160928,  101,    0
  2709, 10943,20160929,   98,    0
  2709, 10943,20160930,   84,    0
  2709, 10943,20161001,   69,    0
  2709, 10943,20161002,   64,    0
  2709, 10943,20161003,   61,    0
  2709, 10943,20161004,   74,    0
  2709, 10943,20161005,   61,    0
  2709, 10943,20161006,   49,    0
  2709, 10943,20161007,   74,    0
  2709, 10943,20161008,   64,    0
  2709, 10943,20161009,   41,    0
  2709, 10943,20161010,   52,    0
  2709, 10943,20161011,   47,    0
  2709, 10943,20161012,   39,    0
  2709, 10943,20161013,   29,    0
  2709, 10943,20161014,   45,    0
  2709, 10943,20161015,  126,    0
  2709, 10943,20161016,  113,    0
  2709, 10943,20161017,  125,    0
  2709, 10943,20161018,  124,    0
  2709, 10943,20161019,   82,    0
  2709, 10943,20161020,   50,    0
  2709, 10943,20161021,   82,    0
  2709, 10943,20161022,   64,    0
  2709, 10943,20161023,   63,    0
  2709, 10943,20161024,   61,    0
  2709, 10943,20161025,   75,    0
  2709, 10943,20161026,  107,    0
  2709, 10943,20161027,   87,    0
  2709, 10943,20161028,   68,    0
  2709, 10943,20161029,   65,    0
  2709, 10943,20161030,   62,    0
  2709, 10943,20161031,   83,    0
  2709, 10943,20161101,   51,    0
  2709, 10943,20161102,   21,    0
  2709, 10943,20161103,    6,    0
  2709, 10943,20161104,   10,    0
  2709, 10943,20161105,   18,    0
  2709, 10943,20161106,    0,    0
  2709, 10943,20161107,  -35,    0
  2709, 10943,20161108,  -20,    0
  2709, 10943,20161109,   -6,    0
  2709, 10943,20161110,    7,    0
  2709, 10943,20161111,   46,    0
  2709, 10943,20161112,   78,    0
  2709, 10943,20161113,   66,    0
  2709, 10943,20161114,   93,    0
  2709, 10943,20161115,   85,    0
  2709, 10943,20161116,   70,    0
  2709, 10943,20161117,   36,    0
  2709, 10943,20161118,   12,    0
  2709, 10943,20161119,   28,    0
  2709, 10943,20161120,   43,    0
  2709, 10943,20161121,   19,    0
  2709, 10943,20161122,   21,    0
  2709, 10943,20161123,   17,    0
  2709, 10943,20161124,   40,    0
  2709, 10943,20161125,   84,    0
  2709, 10943,20161126,   56,    0
  2709, 10943,20161127,-9999,    9
  2709, 10943,20161128,-9999,    9
  2709, 10943,20161129,-9999,    9
  2709, 10943,20161130,-9999,    9
  2709, 10943,20161201,-9999,    9
  2709, 10943,20161202,-9999,    9
  2709, 10943,20161203,-9999,    9
  2709, 10943,20161204,-9999,    9
  2709, 10943,20161205,-9999,    9
  2709, 10943,20161206,-9999,    9
  2709, 10943,20161207,-9999,    9
  2709, 10943,20161208,-9999,    9
  2709, 10943,20161209,-9999,    9
  2709, 10943,20161210,-9999,    9
  2709, 10943,20161211,-9999,    9
  2709, 10943,20161212,-9999,    9
  2709, 10943,20161213,-9999,    9
  2709, 10943,20161214,-9999,    9
  2709, 10943,20161215,-9999,    9
  2709, 10943,20161216,-9999,    9
  2709, 10943,20161217,-9999,    9
  2709, 10943,20161218,-9999,    9
  2709, 10943,20161219,-9999,    9
  2709, 10943,20161220,-9999,    9
  2709, 10943,20161221,-9999,    9
  2709, 10943,20161222,-9999,    9
  2709, 10943,20161223,-9999,    9
  2709, 10943,20161224,   37,    0
  2709, 10943,20161225,   66,    0
  2709, 10943,20161226,   38,    0
  2709, 10943,20161227,   34,    0
  2709, 10943,20161228,   70,    0
  2709, 10943,20161229,   96,    0
  2709, 10943,20161230,   87,    0
  2709, 10943,20161231,   52,    0
  2709, 10943,20170101,    8,    0
  2709, 10943,20170102,   -4,    0
  2709, 10943,20170103,   20,    0
  2709, 10943,20170104,  -32,    0
  2709, 10943,20170105,  -29,    0
  2709, 10943,20170106,   53,    0
  2709, 10943,20170107,   25,    0
  2709, 10943,20170108,   53,    0
  2709, 10943,20170109,   83,    0
  2709, 10943,20170110,   55,    0
  2709, 10943,20170111,   35,    0
  2709, 10943,20170112,   30,    0
  2709, 10943,20170113,    8,    0
  2709, 10943,20170114,  -17,    0
  2709, 10943,20170115,  -31,    0
  2709, 10943,20170116,  -12,    0
  2709, 10943,20170117,   37,    0
  2709, 10943,20170118,   61,    0
  2709, 10943,20170119,   41,    0
  2709, 10943,20170120,   68,    0
  2709, 10943,20170121,   40,    0
  2709, 10943,20170122,   18,    0
  2709, 10943,20170123,   43,    0
  2709, 10943,20170124,   62,    0
  2709, 10943,20170125,  119,    0
  2709, 10943,20170126,  126,    0
  2709, 10943,20170127,   10,    0
  2709, 10943,20170128,   68,    0
  2709, 10943,20170129,   68,    0
  2709, 10943,20170130,   14,    0
  2709, 10943,20170131,   -7,    0
  2709, 10943,20170201,   21,    0
  2709, 10943,20170202,   60,    0
  2709, 10943,20170203,   90,    0
  2709, 10943,20170204,   71,    0
  2709, 10943,20170205,   62,    0
  2709, 10943,20170206,   52,    0
  2709, 10943,20170207,   26,    0
  2709, 10943,20170208,  -12,    0
  2709, 10943,20170209,   -7,    0
  2709, 10943,20170210,    0,    0
  2709, 10943,20170211,  -27,    0
  2709, 10943,20170212,  -12,    0
  2709, 10943,20170213,    0,    0
  2709, 10943,20170214,  -11,    0
  2709, 10943,20170215,    8,    0
  2709, 10943,20170216,   44,    0
  2709, 10943,20170217,   43,    0
  2709, 10943,20170218,   60,    0
  2709, 10943,20170219,   62,    0
  2709, 10943,20170220,   46,    0
  2709, 10943,20170221,   31,    0
  2709, 10943,20170222,   43,    0
  2709, 10943,20170223,  -13,    0
  2709, 10943,20170224,  -11,    0
  2709, 10943,20170225,    5,    0
  2709, 10943,20170226,   28,    0
  2709, 10943,20170227,   46,    0
  2709, 10943,20170228,   20,    0
  2709, 10943,20170301,   37,    0
  2709, 10943,20170302,    6,    0
  2709, 10943,20170303,  -10,    0
  2709, 10943,20170304,    7,    0
  2709, 10943,20170305,   36,    0
  2709, 10943,20170306,   34,    0
  2709, 10943,20170307,   -1,    0
  2709, 10943,20170308,    1,    0
  2709, 10943,20170309,   27,    0
  2709, 10943,20170310,   27,    0
  2709, 10943,20170311,   45,    0
  2709, 10943,20170312,   67,    0
  2709, 10943,20170313,   76,    0
  2709, 10943,20170314,   68,    0
  2709, 10943,20170315,   49,    0
  2709, 10943,20170316,   59,    0
  2709, 10943,20170317,   31,    0
  2709, 10943,20170318,   10,    0
  2709, 10943,20170319,   34,    0
  2709, 10943,20170320,   62,    0
  2709, 10943,20170321,   35,    0
  2709, 10943,20170322,    7,    0
  2709, 10943,20170323,   12,    0
  2709, 10943,20170324,   40,    0
  2709, 10943,20170325,   64,    0
  2709, 10943,20170326,   71,    0
  2709, 10943,20170327,   62,    0
  2709, 10943,20170328,   30,    0
  2709, 10943,20170329,   17,    0
  2709, 10943,20170330,   22,    0
  2709, 10943,20170331,   66,    0
  2709, 10943,20170401,   85,    0
  2709, 10943,20170402,   68,    0
  2709, 10943,20170403,   97,    0
  2709, 10943,20170404,   77,    0
  2709, 10943,20170405,   43,    0
  2709, 10943,20170406,   50,    0
  2709, 10943,20170407,   67,    0
  2709, 10943,20170408,   78,    0
  2709, 10943,20170409,   83,    0
  2709, 10943,20170410,   36,    0
  2709, 10943,20170411,   35,    0
  2709, 10943,20170412,   37,    0
  2709, 10943,20170413,   28,    0
  2709, 10943,20170414,   32,    0
  2709, 10943,20170415,   41,    0
  2709, 10943,20170416,   31,    0
  2709, 10943,20170417,   26,    0
  2709, 10943,20170418,   38,    0
  2709, 10943,20170419,   55,    0
  2709, 10943,20170420,   64,    0
  2709, 10943,20170421,   38,    0
  2709, 10943,20170422,   28,    0
  2709, 10943,20170423,   18,    0
  2709, 10943,20170424,   19,    0
  2709, 10943,20170425,   28,    0
  2709, 10943,20170426,   30,    0
  2709, 10943,20170427,   37,    0
  2709, 10943,20170428,   55,    0
  2709, 10943,20170429,   77,    0
  2709, 10943,20170430,   65,    0
  2709, 10943,20170501,   87,    0
  2709, 10943,20170502,   96,    0
  2709, 10943,20170503,   98,    0
  2709, 10943,20170504,  104,    0
  2709, 10943,20170505,  114,    0
  2709, 10943,20170506,   90,    0
  2709, 10943,20170507,   67,    0
  2709, 10943,20170508,   48,    0
  2709, 10943,20170509,   44,    0
  2709, 10943,20170510,   57,    0
  2709, 10943,20170511,   74,    0
  2709, 10943,20170512,   88,    0
  2709, 10943,20170513,  114,    0
  2709, 10943,20170514,  115,    0
  2709, 10943,20170515,  112,    0
  2709, 10943,20170516,  131,    0
  2709, 10943,20170517,  131,    0
  2709, 10943,20170518,  110,    0
  2709, 10943,20170519,  131,    0
  2709, 10943,20170520,  154,    0
  2709, 10943,20170521,  107,    0
  2709, 10943,20170522,   91,    0
  2709, 10943,20170523,  114,    0
  2709, 10943,20170524,  104,    0
  2709, 10943,20170525,  101,    0
  2709, 10943,20170526,  128,    0
  2709, 10943,20170527,  194,    0
  2709, 10943,20170528,  160,    0
  2709, 10943,20170529,  121,    0
  2709, 10943,20170530,   99,    0
  2709, 10943,20170531,   85,    0
  2709, 10943,20170601,   80,    0
  2709, 10943,20170602,  118,    0
  2709, 10943,20170603,  126,    0
  2709, 10943,20170604,  106,    0
  2709, 10943,20170605,  111,    0
  2709, 10943,20170606,  126,    0
  2709, 10943,20170607,  177,    0
  2709, 10943,20170608,  168,    0
  2709, 10943,20170609,  142,    0
  2709, 10943,20170610,  142,    0
  2709, 10943,20170611,  152,    0
  2709, 10943,20170612,  127,    0
  2709, 10943,20170613,  126,    0
  2709, 10943,20170614,  127,    0
  2709, 10943,20170615,  161,    0
  2709, 10943,20170616,  129,    0
  2709, 10943,20170617,  134,    0
  2709, 10943,20170618,  134,    0
  2709, 10943,20170619,  116,    0
  2709, 10943,20170620,   94,    0
  2709, 10943,20170621,   98,    0
  2709, 10943,20170622,  127,    0
  2709, 10943,20170623,  120,    0
  2709, 10943,20170624,  118,    0
  2709, 10943,20170625,  127,    0
  2709, 10943,20170626,   93,    0
  2709, 10943,20170627,  101,    0
  2709, 10943,20170628,  129,    0
  2709, 10943,20170629,  153,    0
  2709, 10943,20170630,  177,    0
  2709, 10943,20170701,  126,    0
  2709, 10943,20170702,  127,    0
  2709, 10943,20170703,  109,    0
  2709, 10943,20170704,  108,    0
  2709, 10943,20170705,  119,    0
  2709, 10943,20170706,  121,    0
  2709, 10943,20170707,  131,    0
  2709, 10943,20170708,  115,    0
  2709, 10943,20170709,  125,    0
  2709, 10943,20170710,  134,    0
  2709, 10943,20170711,  126,    0
  2709, 10943,20170712,  108,    0
  2709, 10943,20170713,  106,    0
  2709, 10943,20170714,  124,    0
  2709, 10943,20170715,  157,    0
  2709, 10943,20170716,  133,    0
  2709, 10943,20170717,  103,    0
  2709, 10943,20170718,  123,    0
  2709, 10943,20170719,  149,    0
  2709, 10943,20170720,  170,    0
  2709, 10943,20170721,  185,    0
  2709, 10943,20170722,  159,    0
  2709, 10943,20170723,  153,    0
  2709, 10943,20170724,  163,    0
  2709, 10943,20170725,  163,    0
  2709, 10943,20170726,  171,    0
  2709, 10943,20170727,  180,    0
  2709, 10943,20170728,  149,    0
  2709, 10943,20170729,  155,    0
  2709, 10943,20170730,  166,    0
  2709, 10943,20170731,  160,    0
  2709, 10943,20170801,  157,    0
  2709, 10943,20170802,  141,    0
  2709, 10943,20170803,  164,    0
  2709, 10943,20170804,  162,    0
  2709, 10943,20170805,  150,    0
  2709, 10943,20170806,  151,    0
  2709, 10943,20170807,  144,    0
  2709, 10943,20170808,  137,    0
  2709, 10943,20170809,  156,    0
  2709, 10943,20170810,  141,    0
  2709, 10943,20170811,  173,    0
  2709, 10943,20170812,  124,    0
  2709, 10943,20170813,  103,    0
  2709, 10943,20170814,  116,    0
  2709, 10943,20170815,  146,    0
  2709, 10943,20170816,  144,    0
  2709, 10943,20170817,  150,    0
  2709, 10943,20170818,  162,    0
  2709, 10943,20170819,  130,    0
  2709, 10943,20170820,  125,    0
  2709, 10943,20170821,  129,    0
  2709, 10943,20170822,  123,    0
  2709, 10943,20170823,  122,    0
  2709, 10943,20170824,  129,    0
  2709, 10943,20170825,  112,    0
  2709, 10943,20170826,  115,    0
  2709, 10943,20170827,  127,    0
  2709, 10943,20170828,  160,    0
  2709, 10943,20170829,  141,    0
  2709, 10943,20170830,  134,    0
  2709, 10943,20170831,  123,    0
  2709, 10943,20170901,  116,    0
  2709, 10943,20170902,  131,    0
  2709, 10943,20170903,  123,    0
  2709, 10943,20170904,  142,    0
  2709, 10943,20170905,  152,    0
  2709, 10943,20170906,  138,    0
  2709, 10943,20170907,  133,    0
  2709, 10943,20170908,  130,    0
  2709, 10943,20170909,  126,    0
  2709, 10943,20170910,  122,    0
  2709, 10943,20170911,  125,    0
  2709, 10943,20170912,  113,    0
  2709, 10943,20170913,  115,    0
  2709, 10943,20170914,  111,    0
  2709, 10943,20170915,  108,    0
  2709, 10943,20170916,  110,    0
  2709, 10943,20170917,   94,    0
  2709, 10943,20170918,  112,    0
  2709, 10943,20170919,  120,    0
  2709, 10943,20170920,  117,    0
  2709, 10943,20170921,  127,    0
  2709, 10943,20170922,  144,    0
  2709, 10943,20170923,  125,    0
  2709, 10943,20170924,  120,    0
  2709, 10943,20170925,  127,    0
  2709, 10943,20170926,  132,    0
  2709, 10943,20170927,  158,    0
  2709, 10943,20170928,  180,    0
  2709, 10943,20170929,  170,    0
  2709, 10943,20170930,  175,    0
  2709, 10943,20171001,  166,    0
  2709, 10943,20171002,  150,    0
  2709, 10943,20171003,  117,    0
  2709, 10943,20171004,   90,    0
  2709, 10943,20171005,   88,    0
  2709, 10943,20171006,   82,    0
  2709, 10943,20171007,   65,    0
  2709, 10943,20171008,   71,    0
  2709, 10943,20171009,   49,    0
  2709, 10943,20171010,   94,    0
  2709, 10943,20171011,  104,    0
  2709, 10943,20171012,   82,    0
  2709, 10943,20171013,  114,    0
  2709, 10943,20171014,   94,    0
  2709, 10943,20171015,  104,    0
  2709, 10943,20171016,   84,    0
  2709, 10943,20171017,   59,    0
  2709, 10943,20171018,   57,    0
  2709, 10943,20171019,   51,    0
  2709, 10943,20171020,  125,    0
  2709, 10943,20171021,  138,    0
  2709, 10943,20171022,  125,    0
  2709, 10943,20171023,  104,    0
  2709, 10943,20171024,  100,    0
  2709, 10943,20171025,   92,    0
  2709, 10943,20171026,   79,    0
  2709, 10943,20171027,   81,    0
  2709, 10943,20171028,   62,    0
  2709, 10943,20171029,   33,    0
  2709, 10943,20171030,   15,    0
  2709, 10943,20171031,   80,    0
  2709, 10943,20171101,   98,    0
  2709, 10943,20171102,   46,    0
  2709, 10943,20171103,   71,    0
  2709, 10943,20171104,   67,    0
  2709, 10943,20171105,   52,    0
  2709, 10943,20171106,   40,    0
  2709, 10943,20171107,  122,    0
  2709, 10943,20171108,   79,    0
  2709, 10943,20171109,   69,    0
  2709, 10943,20171110,   31,    0
  2709, 10943,20171111,   25,    0
  2709, 10943,20171112,   32,    0
  2709, 10943,20171113,   10,    0
  2709, 10943,20171114,   39,    0
  2709, 10943,20171115,   45,    0
  2709, 10943,20171116,   64,    0
  2709, 10943,20171117,   34,    0
  2709, 10943,20171118,   22,    0
  2709, 10943,20171119,    5,    0
  2709, 10943,20171120,    3,    0
  2709, 10943,20171121,  -46,    0
  2709, 10943,20171122,   18,    0
  2709, 10943,20171123,   44,    0
  2709, 10943,20171124,   42,    0
  2709, 10943,20171125,   62,    0
  2709, 10943,20171126,    6,    0
  2709, 10943,20171127,  -24,    0
  2709, 10943,20171128,  -52,    0
  2709, 10943,20171129,  -32,    0
  2709, 10943,20171130,  -54,    0
  2709, 10943,20171201,  -23,    0
  2709, 10943,20171202,   57,    0
  2709, 10943,20171203,   29,    0
  2709, 10943,20171204,   16,    0
  2709, 10943,20171205,   29,    0
  2709, 10943,20171206,   14,    0
  2709, 10943,20171207,   94,    0
  2709, 10943,20171208,   41,    0
  2709, 10943,20171209,   25,    0
  2709, 10943,20171210,   18,    0
  2709, 10943,20171211,  -14,    0
  2709, 10943,20171212,  -19,    0
  2709, 10943,20171213,   29,    0
  2709, 10943,20171214,  -34,    0
  2709, 10943,20171215,  -42,    0
  2709, 10943,20171216,   -5,    0
  2709, 10943,20171217,   29,    0
  2709, 10943,20171218,   40,    0
  2709, 10943,20171219,   96,    0
  2709, 10943,20171220,   49,    0
  2709, 10943,20171221,   43,    0
  2709, 10943,20171222,   53,    0
  2709, 10943,20171223,   37,    0
  2709, 10943,20171224,   29,    0
  2709, 10943,20171225,    4,    0
  2709, 10943,20171226,    3,    0
  2709, 10943,20171227,  -28,    0
  2709, 10943,20171228,  -65,    0
  2709, 10943,20171229,  -18,    0
  2709, 10943,20171230,    3,    0
  2709, 10943,20171231,   22,    0
  2709, 10943,20180101,   18,    0
  2709, 10943,20180102,    8,    0
  2709, 10943,20180103,    6,    0
  2709, 10943,20180104,   30,    0
  2709, 10943,20180105,  -12,    0
  2709, 10943,20180106,  -30,    0
  2709, 10943,20180107,   14,    0
  2709, 10943,20180108,   44,    0
  2709, 10943,20180109,   49,    0
  2709, 10943,20180110,   43,    0
  2709, 10943,20180111,   34,    0
  2709, 10943,20180112,    3,    0
  2709, 10943,20180113,    3,    0
  2709, 10943,20180114,   46,    0
  2709, 10943,20180115,   62,    0
  2709, 10943,20180116,   40,    0
  2709, 10943,20180117,    7,    0
  2709, 10943,20180118,    8,    0
  2709, 10943,20180119,   17,    0
  2709, 10943,20180120,    2,    0
  2709, 10943,20180121,    3,    0
  2709, 10943,20180122,   10,    0
  2709, 10943,20180123,   50,    0
  2709, 10943,20180124,   49,    0
  2709, 10943,20180125,   26,    0
  2709, 10943,20180126,    6,    0
  2709, 10943,20180127,   13,    0
  2709, 10943,20180128,   34,    0
  2709, 10943,20180129,   15,    0
  2709, 10943,20180130,   27,    0
  2709, 10943,20180131,   43,    0
  2709, 10943,20180201,    4,    0
  2709, 10943,20180202,  -27,    0
  2709, 10943,20180203,  -18,    0
  2709, 10943,20180204,   13,    0
  2709, 10943,20180205,   36,    0
  2709, 10943,20180206,    6,    0
  2709, 10943,20180207,    5,    0
  2709, 10943,20180208,   47,    0
  2709, 10943,20180209,   50,    0
  2709, 10943,20180210,   38,    0
  2709, 10943,20180211,   49,    0
  2709, 10943,20180212,   13,    0
  2709, 10943,20180213,   28,    0
  2709, 10943,20180214,   61,    0
  2709, 10943,20180215,   57,    0
  2709, 10943,20180216,   31,    0
  2709, 10943,20180217,   42,    0
  2709, 10943,20180218,   42,    0
  2709, 10943,20180219,   18,    0
  2709, 10943,20180220,   10,    0
  2709, 10943,20180221,    9,    0
  2709, 10943,20180222,   -6,    0
  2709, 10943,20180223,    6,    0
  2709, 10943,20180224,   11,    0
  2709, 10943,20180225,    6,    0
  2709, 10943,20180226,   -5,    0
  2709, 10943,20180227,  -45,    0
  2709, 10943,20180228,  -63,    0
  2709, 10943,20180301,  -71,    0
  2709, 10943,20180302,  -40,    0
  2709, 10943,20180303,  -24,    0
  2709, 10943,20180304,  -26,    0
  2709, 10943,20180305,  -32,    0
  2709, 10943,20180306,  -55,    0
  2709, 10943,20180307,  -28,    0
  2709, 10943,20180308,   17,    0
  2709, 10943,20180309,   15,    0
  2709, 10943,20180310,   16,    0
  2709, 10943,20180311,    4,    0
  2709, 10943,20180312,    7,    0
  2709, 10943,20180313,    4,    0
  2709, 10943,20180314,   -3,    0
  2709, 10943,20180315,   10,    0
  2709, 10943,20180316,    6,    0
  2709, 10943,20180317,  -23,    0
  2709, 10943,20180318,  -19,    0
  2709, 10943,20180319,   20,    0
  2709, 10943,20180320,   11,    0
  2709, 10943,20180321,   26,    0
  2709, 10943,20180322,   30,    0
  2709, 10943,20180323,   53,    0
  2709, 10943,20180324,   66,    0
  2709, 10943,20180325,   38,    0
  2709, 10943,20180326,    6,    0
  2709, 10943,20180327,    8,    0
  2709, 10943,20180328,   11,    0
  2709, 10943,20180329,    3,    0
  2709, 10943,20180330,   -8,    0
  2709, 10943,20180331,   -7,    0
  2709, 10943,20180401,    5,    0
  2709, 10943,20180402,   -9,    0
  2709, 10943,20180403,    4,    0
  2709, 10943,20180404,    6,    0
  2709, 10943,20180405,    6,    0
  2709, 10943,20180406,   30,    0
  2709, 10943,20180407,   30,    0
  2709, 10943,20180408,   41,    0
  2709, 10943,20180409,   53,    0
  2709, 10943,20180410,   77,    0
  2709, 10943,20180411,   76,    0
  2709, 10943,20180412,   87,    0
  2709, 10943,20180413,  115,    0
  2709, 10943,20180414,  106,    0
  2709, 10943,20180415,   84,    0
  2709, 10943,20180416,   81,    0
  2709, 10943,20180417,   99,    0
  2709, 10943,20180418,  103,    0
  2709, 10943,20180419,  141,    0
  2709, 10943,20180420,   85,    0
  2709, 10943,20180421,   71,    0
  2709, 10943,20180422,   92,    0
  2709, 10943,20180423,   95,    0
  2709, 10943,20180424,   66,    0
  2709, 10943,20180425,   51,    0
  2709, 10943,20180426,   68,    0
  2709, 10943,20180427,   58,    0
  2709, 10943,20180428,   51,    0
  2709, 10943,20180429,   55,    0
  2709, 10943,20180430,   67,    0
  2709, 10943,20180501,   88,    0
  2709, 10943,20180502,  109,    0
  2709, 10943,20180503,   98,    0
  2709, 10943,20180504,  117,    0
  2709, 10943,20180505,  151,    0
  2709, 10943,20180506,   96,    0
  2709, 10943,20180507,  104,    0
  2709, 10943,20180508,  170,    0
  2709, 10943,20180509,  202,    0
  2709, 10943,20180510,  121,    0
  2709, 10943,20180511,  113,    0
  2709, 10943,20180512,  107,    0
  2709, 10943,20180513,  135,    0
  2709, 10943,20180514,  141,    0
  2709, 10943,20180515,  137,    0
  2709, 10943,20180516,  100,    0
  2709, 10943,20180517,   89,    0
  2709, 10943,20180518,  106,    0
  2709, 10943,20180519,  115,    0
  2709, 10943,20180520,  164,    0
  2709, 10943,20180521,  180,    0
  2709, 10943,20180522,  103,    0
  2709, 10943,20180523,  130,    0
  2709, 10943,20180524,  110,    0
  2709, 10943,20180525,  122,    0
  2709, 10943,20180526,  116,    0
  2709, 10943,20180527,  150,    0
  2709, 10943,20180528,  168,    0
  2709, 10943,20180529,  151,    0
  2709, 10943,20180530,  193,    0
  2709, 10943,20180531,  205,    0
  2709, 10943,20180601,  186,    0
  2709, 10943,20180602,  162,    0
  2709, 10943,20180603,  139,    0
  2709, 10943,20180604,  104,    0
  2709, 10943,20180605,   96,    0
  2709, 10943,20180606,  117,    0
  2709, 10943,20180607,  117,    0
  2709, 10943,20180608,  124,    0
  2709, 10943,20180609,  126,    0
  2709, 10943,20180610,  111,    0
  2709, 10943,20180611,  112,    0
  2709, 10943,20180612,  110,    0
  2709, 10943,20180613,  113,    0
  2709, 10943,20180614,  142,    0
  2709, 10943,20180615,  117,    0
  2709, 10943,20180616,  125,    0
  2709, 10943,20180617,  138,    0
  2709, 10943,20180618,  129,    0
  2709, 10943,20180619,   99,    0
  2709, 10943,20180620,  111,    0
  2709, 10943,20180621,   90,    0
  2709, 10943,20180622,   98,    0
  2709, 10943,20180623,  111,    0
  2709, 10943,20180624,  115,    0
  2709, 10943,20180625,  124,    0
  2709, 10943,20180626,  121,    0
  2709, 10943,20180627,  133,    0
  2709, 10943,20180628,  118,    0
  2709, 10943,20180629,  121,    0
  2709, 10943,20180630,  134,    0
  2709, 10943,20180701,  156,    0
  2709, 10943,20180702,  143,    0
  2709, 10943,20180703,  139,    0
  2709, 10943,20180704,  154,    0
  2709, 10943,20180705,  137,    0
  2709, 10943,20180706,  127,    0
  2709, 10943,20180707,  134,    0
  2709, 10943,20180708,  129,    0
  2709, 10943,20180709,  133,    0
  2709, 10943,20180710,  152,    0
  2709, 10943,20180711,  165,    0
  2709, 10943,20180712,  138,    0
  2709, 10943,20180713,  133,    0
  2709, 10943,20180714,  143,    0
  2709, 10943,20180715,  174,    0
  2709, 10943,20180716,  188,    0
  2709, 10943,20180717,  190,    0
  2709, 10943,20180718,  162,    0
  2709, 10943,20180719,  152,    0
  2709, 10943,20180720,  156,    0
  2709, 10943,20180721,  164,    0
  2709, 10943,20180722,  163,    0
  2709, 10943,20180723,  162,    0
  2709, 10943,20180724,  159,    0
  2709, 10943,20180725,  150,    0
  2709, 10943,20180726,  171,    0
  2709, 10943,20180727,  219,    0
  2709, 10943,20180728,  246,    0
  2709, 10943,20180729,  198,    0
  2709, 10943,20180730,  212,    0
  2709, 10943,20180731,  197,    0
  2709, 10943,20180801,  186,    0
  2709, 10943,20180802,  172,    0
  2709, 10943,20180803,  165,    0
  2709, 10943,20180804,  146,    0
  2709, 10943,20180805,  126,    0
  2709, 10943,20180806,  149,    0
  2709, 10943,20180807,  168,    0
  2709, 10943,20180808,  167,    0
  2709, 10943,20180809,  151,    0
  2709, 10943,20180810,  132,    0
  2709, 10943,20180811,  126,    0
  2709, 10943,20180812,  120,    0
  2709, 10943,20180813,  128,    0
  2709, 10943,20180814,  140,    0
  2709, 10943,20180815,  151,    0
  2709, 10943,20180816,  149,    0
  2709, 10943,20180817,  147,    0
  2709, 10943,20180818,  143,    0
  2709, 10943,20180819,  121,    0
  2709, 10943,20180820,  108,    0
  2709, 10943,20180821,  123,    0
  2709, 10943,20180822,  137,    0
  2709, 10943,20180823,  135,    0
  2709, 10943,20180824,  114,    0
  2709, 10943,20180825,  102,    0
  2709, 10943,20180826,   95,    0
  2709, 10943,20180827,  105,    0
  2709, 10943,20180828,  131,    0
  2709, 10943,20180829,  138,    0
  2709, 10943,20180830,  106,    0
  2709, 10943,20180831,  111,    0
  2709, 10943,20180901,  123,    0
  2709, 10943,20180902,  192,    0
  2709, 10943,20180903,  151,    0
  2709, 10943,20180904,  121,    0
  2709, 10943,20180905,  126,    0
  2709, 10943,20180906,  134,    0
  2709, 10943,20180907,  168,    0
  2709, 10943,20180908,  163,    0
  2709, 10943,20180909,  141,    0
  2709, 10943,20180910,  152,    0
  2709, 10943,20180911,  129,    0
  2709, 10943,20180912,   96,    0
  2709, 10943,20180913,   99,    0
  2709, 10943,20180914,  103,    0
  2709, 10943,20180915,   81,    0
  2709, 10943,20180916,  104,    0
  2709, 10943,20180917,  109,    0
  2709, 10943,20180918,  134,    0
  2709, 10943,20180919,  158,    0
  2709, 10943,20180920,  118,    0
  2709, 10943,20180921,   95,    0
  2709, 10943,20180922,   93,    0
  2709, 10943,20180923,   69,    0
  2709, 10943,20180924,   51,    0
  2709, 10943,20180925,   91,    0
  2709, 10943,20180926,   97,    0
  2709, 10943,20180927,   65,    0
  2709, 10943,20180928,   62,    0
  2709, 10943,20180929,   82,    0
  2709, 10943,20180930,   65,    0
  2709, 10943,20181001,   52,    0
  2709, 10943,20181002,   57,    0
  2709, 10943,20181003,   51,    0
  2709, 10943,20181004,   67,    0
  2709, 10943,20181005,   73,    0
  2709, 10943,20181006,   54,    0
  2709, 10943,20181007,   71,    0
  2709, 10943,20181008,   88,    0
  2709, 10943,20181009,   82,    0
  2709, 10943,20181010,   99,    0
  2709, 10943,20181011,  164,    0
  2709, 10943,20181012,  187,    0
  2709, 10943,20181013,  138,    0
  2709, 10943,20181014,  142,    0
  2709, 10943,20181015,   59,    0
  2709, 10943,20181016,  113,    0
  2709, 10943,20181017,  111,    0
  2709, 10943,20181018,   76,    0
  2709, 10943,20181019,   99,    0
  2709, 10943,20181020,  101,    0
  2709, 10943,20181021,   83,    0
  2709, 10943,20181022,   61,    0
  2709, 10943,20181023,   45,    0
  2709, 10943,20181024,   45,    0
  2709, 10943,20181025,   41,    0
  2709, 10943,20181026,    7,    0
  2709, 10943,20181027,  -11,    0
  2709, 10943,20181028,   -8,    0
  2709, 10943,20181029,   13,    0
  2709, 10943,20181030,   23,    0
  2709, 10943,20181031,   50,    0
  2709, 10943,20181101,  103,    0
  2709, 10943,20181102,   71,    0
  2709, 10943,20181103,   88,    0
  2709, 10943,20181104,  156,    0
  2709, 10943,20181105,  111,    0
  2709, 10943,20181106,   85,    0
  2709, 10943,20181107,  111,    0
  2709, 10943,20181108,  100,    0
  2709, 10943,20181109,   77,    0
  2709, 10943,20181110,  109,    0
  2709, 10943,20181111,  111,    0
  2709, 10943,20181112,   76,    0
  2709, 10943,20181113,   79,    0
  2709, 10943,20181114,  114,    0
  2709, 10943,20181115,  163,    0
  2709, 10943,20181116,  123,    0
  2709, 10943,20181117,   69,    0
  2709, 10943,20181118,   23,    0
  2709, 10943,20181119,   -2,    0
  2709, 10943,20181120,  -17,    0
  2709, 10943,20181121,   52,    0
  2709, 10943,20181122,  -25,    0
  2709, 10943,20181123,  -35,    0
  2709, 10943,20181124,  -30,    0
  2709, 10943,20181125,  -42,    0
  2709, 10943,20181126,  -10,    0
  2709, 10943,20181127,  -44,    0
  2709, 10943,20181128,   19,    0
  2709, 10943,20181129,  121,    0
  2709, 10943,20181130,  124,    0
  2709, 10943,20181201,   91,    0
  2709, 10943,20181202,   77,    0
  2709, 10943,20181203,   33,    0
  2709, 10943,20181204,   19,    0
  2709, 10943,20181205,   15,    0
  2709, 10943,20181206,   -2,    0
  2709, 10943,20181207,   37,    0
  2709, 10943,20181208,   22,    0
  2709, 10943,20181209,   19,    0
  2709, 10943,20181210,   21,    0
  2709, 10943,20181211,   -2,    0
  2709, 10943,20181212,  -25,    0
  2709, 10943,20181213,  -49,    0
  2709, 10943,20181214,  -65,    0
  2709, 10943,20181215,  -13,    0
  2709, 10943,20181216,   38,    0
  2709, 10943,20181217,   14,    0
  2709, 10943,20181218,   16,    0
  2709, 10943,20181219,   64,    0
  2709, 10943,20181220,   63,    0
  2709, 10943,20181221,   52,    0
  2709, 10943,20181222,   17,    0
  2709, 10943,20181223,    8,    0
  2709, 10943,20181224,   41,    0
  2709, 10943,20181225,   58,    0
  2709, 10943,20181226,   57,    0
  2709, 10943,20181227,   46,    0
  2709, 10943,20181228,   58,    0
  2709, 10943,20181229,   27,    0
  2709, 10943,20181230,   30,    0
  2709, 10943,20181231,   68,    0
  2709, 10943,20190101,   39,    0
  2709, 10943,20190102,    8,    0
  2709, 10943,20190103,   26,    0
  2709, 10943,20190104,   58,    0
  2709, 10943,20190105,   58,    0
  2709, 10943,20190106,   45,    0
  2709, 10943,20190107,   24,    0
  2709, 10943,20190108,   16,    0
  2709, 10943,20190109,    6,    0
  2709, 10943,20190110,   51,    0
  2709, 10943,20190111,   27,    0
  2709, 10943,20190112,   16,    0
  2709, 10943,20190113,    3,    0
  2709, 10943,20190114,    5,    0
  2709, 10943,20190115,  -29,    0
  2709, 10943,20190116,  -29,    0
  2709, 10943,20190117,  -25,    0
  2709, 10943,20190118,  -10,    0
  2709, 10943,20190119,   -1,    0
  2709, 10943,20190120,  -35,    0
  2709, 10943,20190121,    6,    0
  2709, 10943,20190122,    3,    0
  2709, 10943,20190123,  -15,    0
  2709, 10943,20190124,    6,    0
  2709, 10943,20190125,   17,    0
  2709, 10943,20190126,    7,    0
  2709, 10943,20190127,  -11,    0
  2709, 10943,20190128,  -15,    0
  2709, 10943,20190129,   13,    0
  2709, 10943,20190130,   31,    0
  2709, 10943,20190131,   27,    0
  2709, 10943,20190201,   20,    0
  2709, 10943,20190202,    3,    0
  2709, 10943,20190203,  -17,    0
  2709, 10943,20190204,   -8,    0
  2709, 10943,20190205,  -54,    0
  2709, 10943,20190206,   -5,    0
  2709, 10943,20190207,   41,    0
  2709, 10943,20190208,   33,    0
  2709, 10943,20190209,   29,    0
  2709, 10943,20190210,    5,    0
  2709, 10943,20190211,    7,    0
  2709, 10943,20190212,   31,    0
  2709, 10943,20190213,   70,    0
  2709, 10943,20190214,   87,    0
  2709, 10943,20190215,  124,    0
  2709, 10943,20190216,   24,    0
  2709, 10943,20190217,   54,    0
  2709, 10943,20190218,  102,    0
  2709, 10943,20190219,   53,    0
  2709, 10943,20190220,   27,    0
  2709, 10943,20190221,   49,    0
  2709, 10943,20190222,  109,    0
  2709, 10943,20190223,  145,    0
  2709, 10943,20190224,   69,    0
  2709, 10943,20190225,   66,    0
  2709, 10943,20190226,   75,    0
  2709, 10943,20190227,   54,    0
  2709, 10943,20190228,   23,    0
  2709, 10943,20190301,   12,    0
  2709, 10943,20190302,   46,    0
  2709, 10943,20190303,   66,    0
  2709, 10943,20190304,   35,    0
  2709, 10943,20190305,    0,    0
  2709, 10943,20190306,   18,    0
  2709, 10943,20190307,   19,    0
  2709, 10943,20190308,   -4,    0
  2709, 10943,20190309,  -28,    0
  2709, 10943,20190310,  -26,    0
  2709, 10943,20190311,   -9,    0
  2709, 10943,20190312,   31,    0
  2709, 10943,20190313,   25,    0
  2709, 10943,20190314,   20,    0
  2709, 10943,20190315,   35,    0
  2709, 10943,20190316,   16,    0
  2709, 10943,20190317,   25,    0
  2709, 10943,20190318,   21,    0
  2709, 10943,20190319,   44,    0
  2709, 10943,20190320,   63,    0
  2709, 10943,20190321,   64,    0
  2709, 10943,20190322,   93,    0
  2709, 10943,20190323,   47,    0
  2709, 10943,20190324,   37,    0
  2709, 10943,20190325,   25,    0
  2709, 10943,20190326,   30,    0
  2709, 10943,20190327,   73,    0
  2709, 10943,20190328,  112,    0
  2709, 10943,20190329,   72,    0
  2709, 10943,20190330,   29,    0
  2709, 10943,20190331,    6,    0
  2709, 10943,20190401,   53,    0
  2709, 10943,20190402,   48,    0
  2709, 10943,20190403,   49,    0
  2709, 10943,20190404,   55,    0
  2709, 10943,20190405,   81,    0
  2709, 10943,20190406,   54,    0
  2709, 10943,20190407,   48,    0
  2709, 10943,20190408,   39,    0
  2709, 10943,20190409,   32,    0
  2709, 10943,20190410,   19,    0
  2709, 10943,20190411,   38,    0
  2709, 10943,20190412,   32,    0
  2709, 10943,20190413,   40,    0
  2709, 10943,20190414,   54,    0
  2709, 10943,20190415,   55,    0
  2709, 10943,20190416,   73,    0
  2709, 10943,20190417,   87,    0
  2709, 10943,20190418,  122,    0
  2709, 10943,20190419,  127,    0
  2709, 10943,20190420,  141,    0
  2709, 10943,20190421,   89,    0
  2709, 10943,20190422,  153,    0
  2709, 10943,20190423,  137,    0
  2709, 10943,20190424,  137,    0
  2709, 10943,20190425,  167,    0
  2709, 10943,20190426,  157,    0
  2709, 10943,20190427,  162,    0
  2709, 10943,20190428,  131,    0
  2709, 10943,20190429,  132,    0
  2709, 10943,20190430,   99,    0
