EUROPEAN CLIMATE ASSESSMENT & DATASET (ECA&D), file created on: 13-05-2019
THESE DATA CAN BE USED FOR NON-COMMERCIAL RESEARCH AND EDUCATION PROVIDED THAT THE FOLLOWING SOURCE IS ACKNOWLEDGED: 

Klein Tank, A.M.G. and Coauthors, 2002. Daily dataset of 20th-century surface
air temperature and precipitation series for the European Climate Assessment.
Int. J. of Climatol., 22, 1441-1453.
Data and metadata available at http://www.ecad.eu

FILE FORMAT (MISSING VALUE CODE = -9999):

01-06 STAID: Station identifier
08-13 SOUID: Source identifier
15-22 DATE : Date YYYYMMDD
24-28 TG   : Mean temperature in 0.1 &#176;C
30-34 Q_TG : quality code for TG (0='valid'; 1='suspect'; 9='missing')

This is the blended series of station SCHAUENBURG-ELGERSHAUSEN, GERMANY (STAID: 11779)
Blended and updated with sources:81361 
See files sources.txt and stations.txt for more info.

STAID, SOUID,    DATE,   TG, Q_TG
 11779, 81361,20131101,   71,    0
 11779, 81361,20131102,  102,    0
 11779, 81361,20131103,   84,    0
 11779, 81361,20131104,   71,    0
 11779, 81361,20131105,   50,    0
 11779, 81361,20131106,   71,    0
 11779, 81361,20131107,  121,    0
 11779, 81361,20131108,   95,    0
 11779, 81361,20131109,   79,    0
 11779, 81361,20131110,   49,    0
 11779, 81361,20131111,   48,    0
 11779, 81361,20131112,   44,    0
 11779, 81361,20131113,   48,    0
 11779, 81361,20131114,    9,    0
 11779, 81361,20131115,   29,    0
 11779, 81361,20131116,   -2,    0
 11779, 81361,20131117,   24,    0
 11779, 81361,20131118,   37,    0
 11779, 81361,20131119,   37,    0
 11779, 81361,20131120,   25,    0
 11779, 81361,20131121,    8,    0
 11779, 81361,20131122,   16,    0
 11779, 81361,20131123,   41,    0
 11779, 81361,20131124,   23,    0
 11779, 81361,20131125,   -8,    0
 11779, 81361,20131126,  -13,    0
 11779, 81361,20131127,  -29,    0
 11779, 81361,20131128,   14,    0
 11779, 81361,20131129,   31,    0
 11779, 81361,20131130,   33,    0
 11779, 81361,20131201,   41,    0
 11779, 81361,20131202,   36,    0
 11779, 81361,20131203,    6,    0
 11779, 81361,20131204,    4,    0
 11779, 81361,20131205,   14,    0
 11779, 81361,20131206,    9,    0
 11779, 81361,20131207,   17,    0
 11779, 81361,20131208,   47,    0
 11779, 81361,20131209,   72,    0
 11779, 81361,20131210,   54,    0
 11779, 81361,20131211,   41,    0
 11779, 81361,20131212,   18,    0
 11779, 81361,20131213,    6,    0
 11779, 81361,20131214,   11,    0
 11779, 81361,20131215,   29,    0
 11779, 81361,20131216,   37,    0
 11779, 81361,20131217,   29,    0
 11779, 81361,20131218,   41,    0
 11779, 81361,20131219,   55,    0
 11779, 81361,20131220,   36,    0
 11779, 81361,20131221,   22,    0
 11779, 81361,20131222,   60,    0
 11779, 81361,20131223,   64,    0
 11779, 81361,20131224,  101,    0
 11779, 81361,20131225,   76,    0
 11779, 81361,20131226,   49,    0
 11779, 81361,20131227,   49,    0
 11779, 81361,20131228,   76,    0
 11779, 81361,20131229,   29,    0
 11779, 81361,20131230,   11,    0
 11779, 81361,20131231,   14,    0
 11779, 81361,20140101,   22,    0
 11779, 81361,20140102,   58,    0
 11779, 81361,20140103,   64,    0
 11779, 81361,20140104,   54,    0
 11779, 81361,20140105,   48,    0
 11779, 81361,20140106,   56,    0
 11779, 81361,20140107,   84,    0
 11779, 81361,20140108,   79,    0
 11779, 81361,20140109,   77,    0
 11779, 81361,20140110,   43,    0
 11779, 81361,20140111,   25,    0
 11779, 81361,20140112,   17,    0
 11779, 81361,20140113,   14,    0
 11779, 81361,20140114,   26,    0
 11779, 81361,20140115,   28,    0
 11779, 81361,20140116,   44,    0
 11779, 81361,20140117,   56,    0
 11779, 81361,20140118,   25,    0
 11779, 81361,20140119,   28,    0
 11779, 81361,20140120,    7,    0
 11779, 81361,20140121,    3,    0
 11779, 81361,20140122,   14,    0
 11779, 81361,20140123,    3,    0
 11779, 81361,20140124,   -5,    0
 11779, 81361,20140125,  -42,    0
 11779, 81361,20140126,  -13,    0
 11779, 81361,20140127,    9,    0
 11779, 81361,20140128,   12,    0
 11779, 81361,20140129,  -25,    0
 11779, 81361,20140130,  -23,    0
 11779, 81361,20140131,  -11,    0
 11779, 81361,20140201,   15,    0
 11779, 81361,20140202,   28,    0
 11779, 81361,20140203,   12,    0
 11779, 81361,20140204,   20,    0
 11779, 81361,20140205,   14,    0
 11779, 81361,20140206,   54,    0
 11779, 81361,20140207,   77,    0
 11779, 81361,20140208,   47,    0
 11779, 81361,20140209,   41,    0
 11779, 81361,20140210,   23,    0
 11779, 81361,20140211,   33,    0
 11779, 81361,20140212,   36,    0
 11779, 81361,20140213,   35,    0
 11779, 81361,20140214,   37,    0
 11779, 81361,20140215,   79,    0
 11779, 81361,20140216,   50,    0
 11779, 81361,20140217,   31,    0
 11779, 81361,20140218,   26,    0
 11779, 81361,20140219,   55,    0
 11779, 81361,20140220,   60,    0
 11779, 81361,20140221,   54,    0
 11779, 81361,20140222,   29,    0
 11779, 81361,20140223,   42,    0
 11779, 81361,20140224,   51,    0
 11779, 81361,20140225,   64,    0
 11779, 81361,20140226,   77,    0
 11779, 81361,20140227,   53,    0
 11779, 81361,20140228,   38,    0
 11779, 81361,20140301,   45,    0
 11779, 81361,20140302,   29,    0
 11779, 81361,20140303,   36,    0
 11779, 81361,20140304,   37,    0
 11779, 81361,20140305,   49,    0
 11779, 81361,20140306,   31,    0
 11779, 81361,20140307,   52,    0
 11779, 81361,20140308,   83,    0
 11779, 81361,20140309,   93,    0
 11779, 81361,20140310,   98,    0
 11779, 81361,20140311,  101,    0
 11779, 81361,20140312,   79,    0
 11779, 81361,20140313,   82,    0
 11779, 81361,20140314,   83,    0
 11779, 81361,20140315,   73,    0
 11779, 81361,20140316,   86,    0
 11779, 81361,20140317,   91,    0
 11779, 81361,20140318,   87,    0
 11779, 81361,20140319,   92,    0
 11779, 81361,20140320,  111,    0
 11779, 81361,20140321,  102,    0
 11779, 81361,20140322,   65,    0
 11779, 81361,20140323,   47,    0
 11779, 81361,20140324,   35,    0
 11779, 81361,20140325,   23,    0
 11779, 81361,20140326,   41,    0
 11779, 81361,20140327,   76,    0
 11779, 81361,20140328,   78,    0
 11779, 81361,20140329,   94,    0
 11779, 81361,20140330,  113,    0
 11779, 81361,20140331,  109,    0
 11779, 81361,20140401,  129,    0
 11779, 81361,20140402,  131,    0
 11779, 81361,20140403,  145,    0
 11779, 81361,20140404,  139,    0
 11779, 81361,20140405,  109,    0
 11779, 81361,20140406,  113,    0
 11779, 81361,20140407,  147,    0
 11779, 81361,20140408,   94,    0
 11779, 81361,20140409,   70,    0
 11779, 81361,20140410,   89,    0
 11779, 81361,20140411,   99,    0
 11779, 81361,20140412,  101,    0
 11779, 81361,20140413,   91,    0
 11779, 81361,20140414,   56,    0
 11779, 81361,20140415,   43,    0
 11779, 81361,20140416,   57,    0
 11779, 81361,20140417,   80,    0
 11779, 81361,20140418,   67,    0
 11779, 81361,20140419,   91,    0
 11779, 81361,20140420,  138,    0
 11779, 81361,20140421,  115,    0
 11779, 81361,20140422,  100,    0
 11779, 81361,20140423,  117,    0
 11779, 81361,20140424,  147,    0
 11779, 81361,20140425,  157,    0
 11779, 81361,20140426,  134,    0
 11779, 81361,20140427,  112,    0
 11779, 81361,20140428,  120,    0
 11779, 81361,20140429,  135,    0
 11779, 81361,20140430,  136,    0
 11779, 81361,20140501,  119,    0
 11779, 81361,20140502,   83,    0
 11779, 81361,20140503,   72,    0
 11779, 81361,20140504,   66,    0
 11779, 81361,20140505,   90,    0
 11779, 81361,20140506,  121,    0
 11779, 81361,20140507,  115,    0
 11779, 81361,20140508,  104,    0
 11779, 81361,20140509,  124,    0
 11779, 81361,20140510,   93,    0
 11779, 81361,20140511,   96,    0
 11779, 81361,20140512,   91,    0
 11779, 81361,20140513,   85,    0
 11779, 81361,20140514,   72,    0
 11779, 81361,20140515,   82,    0
 11779, 81361,20140516,  116,    0
 11779, 81361,20140517,  121,    0
 11779, 81361,20140518,  131,    0
 11779, 81361,20140519,  150,    0
 11779, 81361,20140520,  186,    0
 11779, 81361,20140521,  199,    0
 11779, 81361,20140522,  203,    0
 11779, 81361,20140523,  138,    0
 11779, 81361,20140524,  141,    0
 11779, 81361,20140525,  148,    0
 11779, 81361,20140526,  171,    0
 11779, 81361,20140527,  146,    0
 11779, 81361,20140528,  117,    0
 11779, 81361,20140529,   86,    0
 11779, 81361,20140530,  112,    0
 11779, 81361,20140531,  130,    0
 11779, 81361,20140601,  124,    0
 11779, 81361,20140602,  138,    0
 11779, 81361,20140603,  146,    0
 11779, 81361,20140604,  151,    0
 11779, 81361,20140605,  130,    0
 11779, 81361,20140606,  156,    0
 11779, 81361,20140607,  204,    0
 11779, 81361,20140608,  229,    0
 11779, 81361,20140609,  234,    0
 11779, 81361,20140610,  214,    0
 11779, 81361,20140611,  179,    0
 11779, 81361,20140612,  164,    0
 11779, 81361,20140613,  153,    0
 11779, 81361,20140614,  130,    0
 11779, 81361,20140615,  142,    0
 11779, 81361,20140616,  123,    0
 11779, 81361,20140617,  144,    0
 11779, 81361,20140618,  148,    0
 11779, 81361,20140619,  121,    0
 11779, 81361,20140620,  124,    0
 11779, 81361,20140621,  124,    0
 11779, 81361,20140622,  138,    0
 11779, 81361,20140623,  129,    0
 11779, 81361,20140624,  138,    0
 11779, 81361,20140625,  113,    0
 11779, 81361,20140626,  125,    0
 11779, 81361,20140627,  154,    0
 11779, 81361,20140628,  154,    0
 11779, 81361,20140629,  133,    0
 11779, 81361,20140630,  125,    0
 11779, 81361,20140701,  126,    0
 11779, 81361,20140702,  137,    0
 11779, 81361,20140703,  172,    0
 11779, 81361,20140704,  199,    0
 11779, 81361,20140705,  192,    0
 11779, 81361,20140706,  215,    0
 11779, 81361,20140707,  176,    0
 11779, 81361,20140708,  162,    0
 11779, 81361,20140709,  127,    0
 11779, 81361,20140710,  176,    0
 11779, 81361,20140711,  192,    0
 11779, 81361,20140712,  164,    0
 11779, 81361,20140713,  161,    0
 11779, 81361,20140714,  177,    0
 11779, 81361,20140715,  183,    0
 11779, 81361,20140716,  195,    0
 11779, 81361,20140717,  210,    0
 11779, 81361,20140718,  228,    0
 11779, 81361,20140719,  240,    0
 11779, 81361,20140720,  228,    0
 11779, 81361,20140721,  198,    0
 11779, 81361,20140722,  219,    0
 11779, 81361,20140723,  218,    0
 11779, 81361,20140724,  183,    0
 11779, 81361,20140725,  169,    0
 11779, 81361,20140726,  189,    0
 11779, 81361,20140727,  210,    0
 11779, 81361,20140728,  217,    0
 11779, 81361,20140729,  204,    0
 11779, 81361,20140730,  181,    0
 11779, 81361,20140731,  183,    0
 11779, 81361,20140801,  196,    0
 11779, 81361,20140802,  206,    0
 11779, 81361,20140803,  183,    0
 11779, 81361,20140804,  187,    0
 11779, 81361,20140805,  164,    0
 11779, 81361,20140806,  170,    0
 11779, 81361,20140807,  173,    0
 11779, 81361,20140808,  194,    0
 11779, 81361,20140809,  189,    0
 11779, 81361,20140810,  182,    0
 11779, 81361,20140811,  158,    0
 11779, 81361,20140812,  153,    0
 11779, 81361,20140813,  152,    0
 11779, 81361,20140814,  142,    0
 11779, 81361,20140815,  134,    0
 11779, 81361,20140816,  143,    0
 11779, 81361,20140817,  142,    0
 11779, 81361,20140818,  138,    0
 11779, 81361,20140819,  113,    0
 11779, 81361,20140820,  112,    0
 11779, 81361,20140821,  122,    0
 11779, 81361,20140822,  132,    0
 11779, 81361,20140823,  120,    0
 11779, 81361,20140824,  105,    0
 11779, 81361,20140825,  112,    0
 11779, 81361,20140826,  126,    0
 11779, 81361,20140827,  130,    0
 11779, 81361,20140828,  153,    0
 11779, 81361,20140829,  166,    0
 11779, 81361,20140830,  152,    0
 11779, 81361,20140831,  138,    0
 11779, 81361,20140901,  136,    0
 11779, 81361,20140902,  142,    0
 11779, 81361,20140903,  145,    0
 11779, 81361,20140904,  170,    0
 11779, 81361,20140905,  187,    0
 11779, 81361,20140906,  176,    0
 11779, 81361,20140907,  156,    0
 11779, 81361,20140908,  144,    0
 11779, 81361,20140909,  129,    0
 11779, 81361,20140910,  131,    0
 11779, 81361,20140911,  130,    0
 11779, 81361,20140912,  142,    0
 11779, 81361,20140913,  143,    0
 11779, 81361,20140914,  162,    0
 11779, 81361,20140915,  168,    0
 11779, 81361,20140916,  173,    0
 11779, 81361,20140917,  173,    0
 11779, 81361,20140918,  160,    0
 11779, 81361,20140919,  172,    0
 11779, 81361,20140920,  156,    0
 11779, 81361,20140921,  136,    0
 11779, 81361,20140922,  103,    0
 11779, 81361,20140923,  102,    0
 11779, 81361,20140924,   97,    0
 11779, 81361,20140925,  120,    0
 11779, 81361,20140926,  131,    0
 11779, 81361,20140927,  135,    0
 11779, 81361,20140928,  135,    0
 11779, 81361,20140929,  159,    0
 11779, 81361,20140930,  159,    0
 11779, 81361,20141001,  139,    0
 11779, 81361,20141002,  135,    0
 11779, 81361,20141003,  142,    0
 11779, 81361,20141004,  130,    0
 11779, 81361,20141005,  113,    0
 11779, 81361,20141006,  110,    0
 11779, 81361,20141007,  118,    0
 11779, 81361,20141008,  127,    0
 11779, 81361,20141009,  153,    0
 11779, 81361,20141010,  127,    0
 11779, 81361,20141011,  136,    0
 11779, 81361,20141012,  123,    0
 11779, 81361,20141013,  141,    0
 11779, 81361,20141014,  132,    0
 11779, 81361,20141015,  115,    0
 11779, 81361,20141016,  123,    0
 11779, 81361,20141017,  122,    0
 11779, 81361,20141018,  130,    0
 11779, 81361,20141019,  146,    0
 11779, 81361,20141020,  127,    0
 11779, 81361,20141021,   97,    0
 11779, 81361,20141022,   70,    0
 11779, 81361,20141023,   89,    0
 11779, 81361,20141024,   94,    0
 11779, 81361,20141025,  103,    0
 11779, 81361,20141026,  114,    0
 11779, 81361,20141027,   97,    0
 11779, 81361,20141028,   55,    0
 11779, 81361,20141029,   70,    0
 11779, 81361,20141030,   93,    0
 11779, 81361,20141031,  119,    0
 11779, 81361,20141101,  112,    0
 11779, 81361,20141102,  103,    0
 11779, 81361,20141103,  124,    0
 11779, 81361,20141104,  115,    0
 11779, 81361,20141105,   84,    0
 11779, 81361,20141106,   67,    0
 11779, 81361,20141107,   49,    0
 11779, 81361,20141108,   74,    0
 11779, 81361,20141109,   56,    0
 11779, 81361,20141110,   66,    0
 11779, 81361,20141111,   84,    0
 11779, 81361,20141112,   76,    0
 11779, 81361,20141113,   85,    0
 11779, 81361,20141114,   90,    0
 11779, 81361,20141115,   85,    0
 11779, 81361,20141116,   80,    0
 11779, 81361,20141117,   74,    0
 11779, 81361,20141118,   68,    0
 11779, 81361,20141119,   56,    0
 11779, 81361,20141120,   50,    0
 11779, 81361,20141121,   43,    0
 11779, 81361,20141122,   35,    0
 11779, 81361,20141123,   65,    0
 11779, 81361,20141124,   56,    0
 11779, 81361,20141125,   24,    0
 11779, 81361,20141126,   23,    0
 11779, 81361,20141127,   22,    0
 11779, 81361,20141128,   18,    0
 11779, 81361,20141129,    9,    0
 11779, 81361,20141130,   10,    0
 11779, 81361,20141201,   -4,    0
 11779, 81361,20141202,  -17,    0
 11779, 81361,20141203,  -18,    0
 11779, 81361,20141204,   -5,    0
 11779, 81361,20141205,   11,    0
 11779, 81361,20141206,   21,    0
 11779, 81361,20141207,   29,    0
 11779, 81361,20141208,   12,    0
 11779, 81361,20141209,    2,    0
 11779, 81361,20141210,   15,    0
 11779, 81361,20141211,   29,    0
 11779, 81361,20141212,   56,    0
 11779, 81361,20141213,   29,    0
 11779, 81361,20141214,   15,    0
 11779, 81361,20141215,   21,    0
 11779, 81361,20141216,   36,    0
 11779, 81361,20141217,   25,    0
 11779, 81361,20141218,   87,    0
 11779, 81361,20141219,   86,    0
 11779, 81361,20141220,   44,    0
 11779, 81361,20141221,   47,    0
 11779, 81361,20141222,   77,    0
 11779, 81361,20141223,   93,    0
 11779, 81361,20141224,   66,    0
 11779, 81361,20141225,   33,    0
 11779, 81361,20141226,    3,    0
 11779, 81361,20141227,  -18,    0
 11779, 81361,20141228,  -41,    0
 11779, 81361,20141229,  -12,    0
 11779, 81361,20141230,    7,    0
 11779, 81361,20141231,   18,    0
 11779, 81361,20150101,    2,    0
 11779, 81361,20150102,   30,    0
 11779, 81361,20150103,   18,    0
 11779, 81361,20150104,   25,    0
 11779, 81361,20150105,    6,    0
 11779, 81361,20150106,   -4,    0
 11779, 81361,20150107,    7,    0
 11779, 81361,20150108,   32,    0
 11779, 81361,20150109,   64,    0
 11779, 81361,20150110,   97,    0
 11779, 81361,20150111,   30,    0
 11779, 81361,20150112,   47,    0
 11779, 81361,20150113,   70,    0
 11779, 81361,20150114,   32,    0
 11779, 81361,20150115,   54,    0
 11779, 81361,20150116,   50,    0
 11779, 81361,20150117,   18,    0
 11779, 81361,20150118,   -6,    0
 11779, 81361,20150119,   -6,    0
 11779, 81361,20150120,  -11,    0
 11779, 81361,20150121,  -26,    0
 11779, 81361,20150122,   -9,    0
 11779, 81361,20150123,  -18,    0
 11779, 81361,20150124,  -16,    0
 11779, 81361,20150125,   12,    0
 11779, 81361,20150126,    7,    0
 11779, 81361,20150127,   17,    0
 11779, 81361,20150128,   17,    0
 11779, 81361,20150129,    6,    0
 11779, 81361,20150130,   -8,    0
 11779, 81361,20150131,   -9,    0
 11779, 81361,20150201,  -17,    0
 11779, 81361,20150202,    1,    0
 11779, 81361,20150203,   -7,    0
 11779, 81361,20150204,  -30,    0
 11779, 81361,20150205,  -30,    0
 11779, 81361,20150206,  -29,    0
 11779, 81361,20150207,  -25,    0
 11779, 81361,20150208,    3,    0
 11779, 81361,20150209,   26,    0
 11779, 81361,20150210,   34,    0
 11779, 81361,20150211,   14,    0
 11779, 81361,20150212,  -13,    0
 11779, 81361,20150213,   -4,    0
 11779, 81361,20150214,   12,    0
 11779, 81361,20150215,   11,    0
 11779, 81361,20150216,    3,    0
 11779, 81361,20150217,   10,    0
 11779, 81361,20150218,   21,    0
 11779, 81361,20150219,   -6,    0
 11779, 81361,20150220,   39,    0
 11779, 81361,20150221,   37,    0
 11779, 81361,20150222,   19,    0
 11779, 81361,20150223,    7,    0
 11779, 81361,20150224,   25,    0
 11779, 81361,20150225,   23,    0
 11779, 81361,20150226,   37,    0
 11779, 81361,20150227,   24,    0
 11779, 81361,20150228,   18,    0
 11779, 81361,20150301,   43,    0
 11779, 81361,20150302,   42,    0
 11779, 81361,20150303,   32,    0
 11779, 81361,20150304,   19,    0
 11779, 81361,20150305,   29,    0
 11779, 81361,20150306,   25,    0
 11779, 81361,20150307,   43,    0
 11779, 81361,20150308,   77,    0
 11779, 81361,20150309,   78,    0
 11779, 81361,20150310,   47,    0
 11779, 81361,20150311,   36,    0
 11779, 81361,20150312,   39,    0
 11779, 81361,20150313,   24,    0
 11779, 81361,20150314,   21,    0
 11779, 81361,20150315,   36,    0
 11779, 81361,20150316,   61,    0
 11779, 81361,20150317,   85,    0
 11779, 81361,20150318,   89,    0
 11779, 81361,20150319,   73,    0
 11779, 81361,20150320,   46,    0
 11779, 81361,20150321,   22,    0
 11779, 81361,20150322,    8,    0
 11779, 81361,20150323,   33,    0
 11779, 81361,20150324,   51,    0
 11779, 81361,20150325,   86,    0
 11779, 81361,20150326,   49,    0
 11779, 81361,20150327,   47,    0
 11779, 81361,20150328,   61,    0
 11779, 81361,20150329,   86,    0
 11779, 81361,20150330,   45,    0
 11779, 81361,20150331,   57,    0
 11779, 81361,20150401,   17,    0
 11779, 81361,20150402,   18,    0
 11779, 81361,20150403,   36,    0
 11779, 81361,20150404,   30,    0
 11779, 81361,20150405,   32,    0
 11779, 81361,20150406,   38,    0
 11779, 81361,20150407,   54,    0
 11779, 81361,20150408,   80,    0
 11779, 81361,20150409,  102,    0
 11779, 81361,20150410,  126,    0
 11779, 81361,20150411,  119,    0
 11779, 81361,20150412,   88,    0
 11779, 81361,20150413,   79,    0
 11779, 81361,20150414,  110,    0
 11779, 81361,20150415,  160,    0
 11779, 81361,20150416,  104,    0
 11779, 81361,20150417,   67,    0
 11779, 81361,20150418,   63,    0
 11779, 81361,20150419,   82,    0
 11779, 81361,20150420,  110,    0
 11779, 81361,20150421,  125,    0
 11779, 81361,20150422,   64,    0
 11779, 81361,20150423,   92,    0
 11779, 81361,20150424,  121,    0
 11779, 81361,20150425,  115,    0
 11779, 81361,20150426,  118,    0
 11779, 81361,20150427,   84,    0
 11779, 81361,20150428,   56,    0
 11779, 81361,20150429,   69,    0
 11779, 81361,20150430,   78,    0
 11779, 81361,20150501,   65,    0
 11779, 81361,20150502,   83,    0
 11779, 81361,20150503,  111,    0
 11779, 81361,20150504,  153,    0
 11779, 81361,20150505,  165,    0
 11779, 81361,20150506,  120,    0
 11779, 81361,20150507,  105,    0
 11779, 81361,20150508,  131,    0
 11779, 81361,20150509,  137,    0
 11779, 81361,20150510,  125,    0
 11779, 81361,20150511,  148,    0
 11779, 81361,20150512,  166,    0
 11779, 81361,20150513,  122,    0
 11779, 81361,20150514,  101,    0
 11779, 81361,20150515,  116,    0
 11779, 81361,20150516,   96,    0
 11779, 81361,20150517,   98,    0
 11779, 81361,20150518,  139,    0
 11779, 81361,20150519,  119,    0
 11779, 81361,20150520,   93,    0
 11779, 81361,20150521,   94,    0
 11779, 81361,20150522,  130,    0
 11779, 81361,20150523,  138,    0
 11779, 81361,20150524,  127,    0
 11779, 81361,20150525,  115,    0
 11779, 81361,20150526,   94,    0
 11779, 81361,20150527,   94,    0
 11779, 81361,20150528,  118,    0
 11779, 81361,20150529,  115,    0
 11779, 81361,20150530,   88,    0
 11779, 81361,20150531,  127,    0
 11779, 81361,20150601,  116,    0
 11779, 81361,20150602,  160,    0
 11779, 81361,20150603,  158,    0
 11779, 81361,20150604,  156,    0
 11779, 81361,20150605,  213,    0
 11779, 81361,20150606,  200,    0
 11779, 81361,20150607,  161,    0
 11779, 81361,20150608,  125,    0
 11779, 81361,20150609,  119,    0
 11779, 81361,20150610,  154,    0
 11779, 81361,20150611,  168,    0
 11779, 81361,20150612,  192,    0
 11779, 81361,20150613,  193,    0
 11779, 81361,20150614,  169,    0
 11779, 81361,20150615,  130,    0
 11779, 81361,20150616,  114,    0
 11779, 81361,20150617,  137,    0
 11779, 81361,20150618,  147,    0
 11779, 81361,20150619,  108,    0
 11779, 81361,20150620,  109,    0
 11779, 81361,20150621,  120,    0
 11779, 81361,20150622,  117,    0
 11779, 81361,20150623,  108,    0
 11779, 81361,20150624,  123,    0
 11779, 81361,20150625,  152,    0
 11779, 81361,20150626,  186,    0
 11779, 81361,20150627,  170,    0
 11779, 81361,20150628,  158,    0
 11779, 81361,20150629,  190,    0
 11779, 81361,20150630,  204,    0
 11779, 81361,20150701,  230,    0
 11779, 81361,20150702,  258,    0
 11779, 81361,20150703,  250,    0
 11779, 81361,20150704,  271,    0
 11779, 81361,20150705,  244,    0
 11779, 81361,20150706,  189,    0
 11779, 81361,20150707,  208,    0
 11779, 81361,20150708,  157,    0
 11779, 81361,20150709,  124,    0
 11779, 81361,20150710,  131,    0
 11779, 81361,20150711,  181,    0
 11779, 81361,20150712,  167,    0
 11779, 81361,20150713,  152,    0
 11779, 81361,20150714,  180,    0
 11779, 81361,20150715,  190,    0
 11779, 81361,20150716,  209,    0
 11779, 81361,20150717,  242,    0
 11779, 81361,20150718,  204,    0
 11779, 81361,20150719,  179,    0
 11779, 81361,20150720,  179,    0
 11779, 81361,20150721,  219,    0
 11779, 81361,20150722,  217,    0
 11779, 81361,20150723,  177,    0
 11779, 81361,20150724,  204,    0
 11779, 81361,20150725,  161,    0
 11779, 81361,20150726,  142,    0
 11779, 81361,20150727,  149,    0
 11779, 81361,20150728,  143,    0
 11779, 81361,20150729,  129,    0
 11779, 81361,20150730,  129,    0
 11779, 81361,20150731,  131,    0
 11779, 81361,20150801,  175,    0
 11779, 81361,20150802,  199,    0
 11779, 81361,20150803,  228,    0
 11779, 81361,20150804,  205,    0
 11779, 81361,20150805,  173,    0
 11779, 81361,20150806,  235,    0
 11779, 81361,20150807,  251,    0
 11779, 81361,20150808,  211,    0
 11779, 81361,20150809,  209,    0
 11779, 81361,20150810,  234,    0
 11779, 81361,20150811,  205,    0
 11779, 81361,20150812,  214,    0
 11779, 81361,20150813,  236,    0
 11779, 81361,20150814,  226,    0
 11779, 81361,20150815,  206,    0
 11779, 81361,20150816,  165,    0
 11779, 81361,20150817,  141,    0
 11779, 81361,20150818,  139,    0
 11779, 81361,20150819,  146,    0
 11779, 81361,20150820,  158,    0
 11779, 81361,20150821,  170,    0
 11779, 81361,20150822,  187,    0
 11779, 81361,20150823,  190,    0
 11779, 81361,20150824,  181,    0
 11779, 81361,20150825,  153,    0
 11779, 81361,20150826,  187,    0
 11779, 81361,20150827,  182,    0
 11779, 81361,20150828,  148,    0
 11779, 81361,20150829,  167,    0
 11779, 81361,20150830,  230,    0
 11779, 81361,20150831,  240,    0
 11779, 81361,20150901,  159,    0
 11779, 81361,20150902,  133,    0
 11779, 81361,20150903,  131,    0
 11779, 81361,20150904,  122,    0
 11779, 81361,20150905,  117,    0
 11779, 81361,20150906,  107,    0
 11779, 81361,20150907,  123,    0
 11779, 81361,20150908,  130,    0
 11779, 81361,20150909,  132,    0
 11779, 81361,20150910,  125,    0
 11779, 81361,20150911,  120,    0
 11779, 81361,20150912,  150,    0
 11779, 81361,20150913,  164,    0
 11779, 81361,20150914,  148,    0
 11779, 81361,20150915,  120,    0
 11779, 81361,20150916,  137,    0
 11779, 81361,20150917,  140,    0
 11779, 81361,20150918,  125,    0
 11779, 81361,20150919,  126,    0
 11779, 81361,20150920,  120,    0
 11779, 81361,20150921,  122,    0
 11779, 81361,20150922,  116,    0
 11779, 81361,20150923,  105,    0
 11779, 81361,20150924,  117,    0
 11779, 81361,20150925,  120,    0
 11779, 81361,20150926,  109,    0
 11779, 81361,20150927,  103,    0
 11779, 81361,20150928,  107,    0
 11779, 81361,20150929,  111,    0
 11779, 81361,20150930,  109,    0
 11779, 81361,20151001,   96,    0
 11779, 81361,20151002,  104,    0
 11779, 81361,20151003,  113,    0
 11779, 81361,20151004,  112,    0
 11779, 81361,20151005,  128,    0
 11779, 81361,20151006,  138,    0
 11779, 81361,20151007,  149,    0
 11779, 81361,20151008,  123,    0
 11779, 81361,20151009,  115,    0
 11779, 81361,20151010,   83,    0
 11779, 81361,20151011,   50,    0
 11779, 81361,20151012,   33,    0
 11779, 81361,20151013,   19,    0
 11779, 81361,20151014,   15,    0
 11779, 81361,20151015,   42,    0
 11779, 81361,20151016,   60,    0
 11779, 81361,20151017,   56,    0
 11779, 81361,20151018,   49,    0
 11779, 81361,20151019,   58,    0
 11779, 81361,20151020,   78,    0
 11779, 81361,20151021,   73,    0
 11779, 81361,20151022,   84,    0
 11779, 81361,20151023,   88,    0
 11779, 81361,20151024,   66,    0
 11779, 81361,20151025,   89,    0
 11779, 81361,20151026,   87,    0
 11779, 81361,20151027,   74,    0
 11779, 81361,20151028,   78,    0
 11779, 81361,20151029,   93,    0
 11779, 81361,20151030,   93,    0
 11779, 81361,20151031,   85,    0
 11779, 81361,20151101,   81,    0
 11779, 81361,20151102,   67,    0
 11779, 81361,20151103,   45,    0
 11779, 81361,20151104,   62,    0
 11779, 81361,20151105,  110,    0
 11779, 81361,20151106,  123,    0
 11779, 81361,20151107,  152,    0
 11779, 81361,20151108,  128,    0
 11779, 81361,20151109,  137,    0
 11779, 81361,20151110,  132,    0
 11779, 81361,20151111,  115,    0
 11779, 81361,20151112,  108,    0
 11779, 81361,20151113,   93,    0
 11779, 81361,20151114,   62,    0
 11779, 81361,20151115,  106,    0
 11779, 81361,20151116,  100,    0
 11779, 81361,20151117,  115,    0
 11779, 81361,20151118,  116,    0
 11779, 81361,20151119,   98,    0
 11779, 81361,20151120,   59,    0
 11779, 81361,20151121,   24,    0
 11779, 81361,20151122,    8,    0
 11779, 81361,20151123,    2,    0
 11779, 81361,20151124,   -4,    0
 11779, 81361,20151125,    7,    0
 11779, 81361,20151126,   30,    0
 11779, 81361,20151127,   -8,    0
 11779, 81361,20151128,   19,    0
 11779, 81361,20151129,   58,    0
 11779, 81361,20151130,   73,    0
 11779, 81361,20151201,   75,    0
 11779, 81361,20151202,   80,    0
 11779, 81361,20151203,   46,    0
 11779, 81361,20151204,   43,    0
 11779, 81361,20151205,   41,    0
 11779, 81361,20151206,   64,    0
 11779, 81361,20151207,   82,    0
 11779, 81361,20151208,   60,    0
 11779, 81361,20151209,   40,    0
 11779, 81361,20151210,   14,    0
 11779, 81361,20151211,   23,    0
 11779, 81361,20151212,   48,    0
 11779, 81361,20151213,   49,    0
 11779, 81361,20151214,   41,    0
 11779, 81361,20151215,   48,    0
 11779, 81361,20151216,   69,    0
 11779, 81361,20151217,  106,    0
 11779, 81361,20151218,  100,    0
 11779, 81361,20151219,   96,    0
 11779, 81361,20151220,   81,    0
 11779, 81361,20151221,   85,    0
 11779, 81361,20151222,   96,    0
 11779, 81361,20151223,   79,    0
 11779, 81361,20151224,   84,    0
 11779, 81361,20151225,   86,    0
 11779, 81361,20151226,  103,    0
 11779, 81361,20151227,   75,    0
 11779, 81361,20151228,   56,    0
 11779, 81361,20151229,   46,    0
 11779, 81361,20151230,   32,    0
 11779, 81361,20151231,   22,    0
 11779, 81361,20160101,   37,    0
 11779, 81361,20160102,    5,    0
 11779, 81361,20160103,   -4,    0
 11779, 81361,20160104,   -9,    0
 11779, 81361,20160105,   26,    0
 11779, 81361,20160106,   22,    0
 11779, 81361,20160107,   27,    0
 11779, 81361,20160108,   31,    0
 11779, 81361,20160109,    7,    0
 11779, 81361,20160110,   47,    0
 11779, 81361,20160111,   37,    0
 11779, 81361,20160112,   40,    0
 11779, 81361,20160113,   29,    0
 11779, 81361,20160114,   10,    0
 11779, 81361,20160115,    5,    0
 11779, 81361,20160116,   -9,    0
 11779, 81361,20160117,  -30,    0
 11779, 81361,20160118,  -70,    0
 11779, 81361,20160119,  -85,    0
 11779, 81361,20160120,  -37,    0
 11779, 81361,20160121,  -61,    0
 11779, 81361,20160122,  -67,    0
 11779, 81361,20160123,    9,    0
 11779, 81361,20160124,   23,    0
 11779, 81361,20160125,   49,    0
 11779, 81361,20160126,   68,    0
 11779, 81361,20160127,   87,    0
 11779, 81361,20160128,   59,    0
 11779, 81361,20160129,   38,    0
 11779, 81361,20160130,   51,    0
 11779, 81361,20160131,   32,    0
 11779, 81361,20160201,   98,    0
 11779, 81361,20160202,   74,    0
 11779, 81361,20160203,   33,    0
 11779, 81361,20160204,   16,    0
 11779, 81361,20160205,   35,    0
 11779, 81361,20160206,   77,    0
 11779, 81361,20160207,   80,    0
 11779, 81361,20160208,   58,    0
 11779, 81361,20160209,   53,    0
 11779, 81361,20160210,   23,    0
 11779, 81361,20160211,   22,    0
 11779, 81361,20160212,   14,    0
 11779, 81361,20160213,    9,    0
 11779, 81361,20160214,   30,    0
 11779, 81361,20160215,    4,    0
 11779, 81361,20160216,  -24,    0
 11779, 81361,20160217,   -8,    0
 11779, 81361,20160218,    3,    0
 11779, 81361,20160219,   -1,    0
 11779, 81361,20160220,   26,    0
 11779, 81361,20160221,   95,    0
 11779, 81361,20160222,   67,    0
 11779, 81361,20160223,   24,    0
 11779, 81361,20160224,   13,    0
 11779, 81361,20160225,   -4,    0
 11779, 81361,20160226,   -6,    0
 11779, 81361,20160227,    8,    0
 11779, 81361,20160228,   11,    0
 11779, 81361,20160229,    9,    0
 11779, 81361,20160301,   -2,    0
 11779, 81361,20160302,   30,    0
 11779, 81361,20160303,   21,    0
 11779, 81361,20160304,   18,    0
 11779, 81361,20160305,   37,    0
 11779, 81361,20160306,   16,    0
 11779, 81361,20160307,    1,    0
 11779, 81361,20160308,    0,    0
 11779, 81361,20160309,   20,    0
 11779, 81361,20160310,   24,    0
 11779, 81361,20160311,   38,    0
 11779, 81361,20160312,   20,    0
 11779, 81361,20160313,   20,    0
 11779, 81361,20160314,   28,    0
 11779, 81361,20160315,   35,    0
 11779, 81361,20160316,   35,    0
 11779, 81361,20160317,   52,    0
 11779, 81361,20160318,   31,    0
 11779, 81361,20160319,   36,    0
 11779, 81361,20160320,   43,    0
 11779, 81361,20160321,   50,    0
 11779, 81361,20160322,   49,    0
 11779, 81361,20160323,   50,    0
 11779, 81361,20160324,   46,    0
 11779, 81361,20160325,   51,    0
 11779, 81361,20160326,   75,    0
 11779, 81361,20160327,   72,    0
 11779, 81361,20160328,   59,    0
 11779, 81361,20160329,   57,    0
 11779, 81361,20160330,   73,    0
 11779, 81361,20160331,   48,    0
 11779, 81361,20160401,   58,    0
 11779, 81361,20160402,   79,    0
 11779, 81361,20160403,  131,    0
 11779, 81361,20160404,  135,    0
 11779, 81361,20160405,  108,    0
 11779, 81361,20160406,   95,    0
 11779, 81361,20160407,   69,    0
 11779, 81361,20160408,   54,    0
 11779, 81361,20160409,   78,    0
 11779, 81361,20160410,   94,    0
 11779, 81361,20160411,   80,    0
 11779, 81361,20160412,   88,    0
 11779, 81361,20160413,   87,    0
 11779, 81361,20160414,   95,    0
 11779, 81361,20160415,  102,    0
 11779, 81361,20160416,   98,    0
 11779, 81361,20160417,   60,    0
 11779, 81361,20160418,   67,    0
 11779, 81361,20160419,   80,    0
 11779, 81361,20160420,   64,    0
 11779, 81361,20160421,  101,    0
 11779, 81361,20160422,   86,    0
 11779, 81361,20160423,   42,    0
 11779, 81361,20160424,   20,    0
 11779, 81361,20160425,   30,    0
 11779, 81361,20160426,   29,    0
 11779, 81361,20160427,   31,    0
 11779, 81361,20160428,   40,    0
 11779, 81361,20160429,   59,    0
 11779, 81361,20160430,   72,    0
 11779, 81361,20160501,  102,    0
 11779, 81361,20160502,  121,    0
 11779, 81361,20160503,   85,    0
 11779, 81361,20160504,   74,    0
 11779, 81361,20160505,  111,    0
 11779, 81361,20160506,  158,    0
 11779, 81361,20160507,  174,    0
 11779, 81361,20160508,  169,    0
 11779, 81361,20160509,  174,    0
 11779, 81361,20160510,  182,    0
 11779, 81361,20160511,  172,    0
 11779, 81361,20160512,  182,    0
 11779, 81361,20160513,  159,    0
 11779, 81361,20160514,   70,    0
 11779, 81361,20160515,   58,    0
 11779, 81361,20160516,   66,    0
 11779, 81361,20160517,   96,    0
 11779, 81361,20160518,  119,    0
 11779, 81361,20160519,  117,    0
 11779, 81361,20160520,  128,    0
 11779, 81361,20160521,  150,    0
 11779, 81361,20160522,  183,    0
 11779, 81361,20160523,  137,    0
 11779, 81361,20160524,   98,    0
 11779, 81361,20160525,  111,    0
 11779, 81361,20160526,  145,    0
 11779, 81361,20160527,  154,    0
 11779, 81361,20160528,  170,    0
 11779, 81361,20160529,  178,    0
 11779, 81361,20160530,  169,    0
 11779, 81361,20160531,  166,    0
 11779, 81361,20160601,  160,    0
 11779, 81361,20160602,  164,    0
 11779, 81361,20160603,  163,    0
 11779, 81361,20160604,  188,    0
 11779, 81361,20160605,  187,    0
 11779, 81361,20160606,  202,    0
 11779, 81361,20160607,  199,    0
 11779, 81361,20160608,  179,    0
 11779, 81361,20160609,  131,    0
 11779, 81361,20160610,  147,    0
 11779, 81361,20160611,  160,    0
 11779, 81361,20160612,  148,    0
 11779, 81361,20160613,  139,    0
 11779, 81361,20160614,  149,    0
 11779, 81361,20160615,  133,    0
 11779, 81361,20160616,  131,    0
 11779, 81361,20160617,  141,    0
 11779, 81361,20160618,  144,    0
 11779, 81361,20160619,  127,    0
 11779, 81361,20160620,  138,    0
 11779, 81361,20160621,  176,    0
 11779, 81361,20160622,  199,    0
 11779, 81361,20160623,  236,    0
 11779, 81361,20160624,  228,    0
 11779, 81361,20160625,  177,    0
 11779, 81361,20160626,  148,    0
 11779, 81361,20160627,  145,    0
 11779, 81361,20160628,  164,    0
 11779, 81361,20160629,  179,    0
 11779, 81361,20160630,  170,    0
 11779, 81361,20160701,  189,    0
 11779, 81361,20160702,  147,    0
 11779, 81361,20160703,  129,    0
 11779, 81361,20160704,  150,    0
 11779, 81361,20160705,  164,    0
 11779, 81361,20160706,  142,    0
 11779, 81361,20160707,  160,    0
 11779, 81361,20160708,  186,    0
 11779, 81361,20160709,  185,    0
 11779, 81361,20160710,  217,    0
 11779, 81361,20160711,  209,    0
 11779, 81361,20160712,  178,    0
 11779, 81361,20160713,  152,    0
 11779, 81361,20160714,  133,    0
 11779, 81361,20160715,  138,    0
 11779, 81361,20160716,  165,    0
 11779, 81361,20160717,  188,    0
 11779, 81361,20160718,  190,    0
 11779, 81361,20160719,  219,    0
 11779, 81361,20160720,  239,    0
 11779, 81361,20160721,  205,    0
 11779, 81361,20160722,  202,    0
 11779, 81361,20160723,  186,    0
 11779, 81361,20160724,  213,    0
 11779, 81361,20160725,  213,    0
 11779, 81361,20160726,  202,    0
 11779, 81361,20160727,  185,    0
 11779, 81361,20160728,  176,    0
 11779, 81361,20160729,  170,    0
 11779, 81361,20160730,  181,    0
 11779, 81361,20160731,  160,    0
 11779, 81361,20160801,  150,    0
 11779, 81361,20160802,  148,    0
 11779, 81361,20160803,  173,    0
 11779, 81361,20160804,  168,    0
 11779, 81361,20160805,  162,    0
 11779, 81361,20160806,  166,    0
 11779, 81361,20160807,  187,    0
 11779, 81361,20160808,  187,    0
 11779, 81361,20160809,  141,    0
 11779, 81361,20160810,  114,    0
 11779, 81361,20160811,  111,    0
 11779, 81361,20160812,  153,    0
 11779, 81361,20160813,  188,    0
 11779, 81361,20160814,  171,    0
 11779, 81361,20160815,  164,    0
 11779, 81361,20160816,  169,    0
 11779, 81361,20160817,  155,    0
 11779, 81361,20160818,  165,    0
 11779, 81361,20160819,  181,    0
 11779, 81361,20160820,  173,    0
 11779, 81361,20160821,  158,    0
 11779, 81361,20160822,  155,    0
 11779, 81361,20160823,  196,    0
 11779, 81361,20160824,  221,    0
 11779, 81361,20160825,  227,    0
 11779, 81361,20160826,  243,    0
 11779, 81361,20160827,  248,    0
 11779, 81361,20160828,  222,    0
 11779, 81361,20160829,  170,    0
 11779, 81361,20160830,  159,    0
 11779, 81361,20160831,  181,    0
 11779, 81361,20160901,  192,    0
 11779, 81361,20160902,  185,    0
 11779, 81361,20160903,  192,    0
 11779, 81361,20160904,  167,    0
 11779, 81361,20160905,  153,    0
 11779, 81361,20160906,  157,    0
 11779, 81361,20160907,  180,    0
 11779, 81361,20160908,  204,    0
 11779, 81361,20160909,  186,    0
 11779, 81361,20160910,  203,    0
 11779, 81361,20160911,  202,    0
 11779, 81361,20160912,  225,    0
 11779, 81361,20160913,  237,    0
 11779, 81361,20160914,  232,    0
 11779, 81361,20160915,  218,    0
 11779, 81361,20160916,  184,    0
 11779, 81361,20160917,  154,    0
 11779, 81361,20160918,  153,    0
 11779, 81361,20160919,  124,    0
 11779, 81361,20160920,  129,    0
 11779, 81361,20160921,  125,    0
 11779, 81361,20160922,  131,    0
 11779, 81361,20160923,  140,    0
 11779, 81361,20160924,  142,    0
 11779, 81361,20160925,  158,    0
 11779, 81361,20160926,  154,    0
 11779, 81361,20160927,  149,    0
 11779, 81361,20160928,  150,    0
 11779, 81361,20160929,  172,    0
 11779, 81361,20160930,  134,    0
 11779, 81361,20161001,  117,    0
 11779, 81361,20161002,  116,    0
 11779, 81361,20161003,  106,    0
 11779, 81361,20161004,  114,    0
 11779, 81361,20161005,   79,    0
 11779, 81361,20161006,   78,    0
 11779, 81361,20161007,   97,    0
 11779, 81361,20161008,   77,    0
 11779, 81361,20161009,   68,    0
 11779, 81361,20161010,   64,    0
 11779, 81361,20161011,   63,    0
 11779, 81361,20161012,   64,    0
 11779, 81361,20161013,   67,    0
 11779, 81361,20161014,   82,    0
 11779, 81361,20161015,   87,    0
 11779, 81361,20161016,  101,    0
 11779, 81361,20161017,  114,    0
 11779, 81361,20161018,  103,    0
 11779, 81361,20161019,   66,    0
 11779, 81361,20161020,   59,    0
 11779, 81361,20161021,   55,    0
 11779, 81361,20161022,   55,    0
 11779, 81361,20161023,   57,    0
 11779, 81361,20161024,   73,    0
 11779, 81361,20161025,   85,    0
 11779, 81361,20161026,   76,    0
 11779, 81361,20161027,   81,    0
 11779, 81361,20161028,  102,    0
 11779, 81361,20161029,   81,    0
 11779, 81361,20161030,   77,    0
 11779, 81361,20161031,   84,    0
 11779, 81361,20161101,   62,    0
 11779, 81361,20161102,   59,    0
 11779, 81361,20161103,   50,    0
 11779, 81361,20161104,   40,    0
 11779, 81361,20161105,   54,    0
 11779, 81361,20161106,   40,    0
 11779, 81361,20161107,   28,    0
 11779, 81361,20161108,    9,    0
 11779, 81361,20161109,    3,    0
 11779, 81361,20161110,   15,    0
 11779, 81361,20161111,   17,    0
 11779, 81361,20161112,  -11,    0
 11779, 81361,20161113,  -13,    0
 11779, 81361,20161114,   -9,    0
 11779, 81361,20161115,    8,    0
 11779, 81361,20161116,   65,    0
 11779, 81361,20161117,   87,    0
 11779, 81361,20161118,   73,    0
 11779, 81361,20161119,   45,    0
 11779, 81361,20161120,   76,    0
 11779, 81361,20161121,  105,    0
 11779, 81361,20161122,   91,    0
 11779, 81361,20161123,   94,    0
 11779, 81361,20161124,   80,    0
 11779, 81361,20161125,   29,    0
 11779, 81361,20161126,   -4,    0
 11779, 81361,20161127,   26,    0
 11779, 81361,20161128,  -10,    0
 11779, 81361,20161129,  -38,    0
 11779, 81361,20161130,  -22,    0
 11779, 81361,20161201,   44,    0
 11779, 81361,20161202,   34,    0
 11779, 81361,20161203,  -27,    0
 11779, 81361,20161204,  -38,    0
 11779, 81361,20161205,  -32,    0
 11779, 81361,20161206,  -41,    0
 11779, 81361,20161207,  -24,    0
 11779, 81361,20161208,  -13,    0
 11779, 81361,20161209,   17,    0
 11779, 81361,20161210,   35,    0
 11779, 81361,20161211,   58,    0
 11779, 81361,20161212,   55,    0
 11779, 81361,20161213,   34,    0
 11779, 81361,20161214,   40,    0
 11779, 81361,20161215,   41,    0
 11779, 81361,20161216,   13,    0
 11779, 81361,20161217,   -6,    0
 11779, 81361,20161218,   26,    0
 11779, 81361,20161219,   20,    0
 11779, 81361,20161220,  -19,    0
 11779, 81361,20161221,  -16,    0
 11779, 81361,20161222,   -6,    0
 11779, 81361,20161223,   12,    0
 11779, 81361,20161224,   48,    0
 11779, 81361,20161225,   74,    0
 11779, 81361,20161226,   62,    0
 11779, 81361,20161227,   48,    0
 11779, 81361,20161228,   39,    0
 11779, 81361,20161229,    9,    0
 11779, 81361,20161230,  -15,    0
 11779, 81361,20161231,  -46,    0
 11779, 81361,20170101,  -49,    0
 11779, 81361,20170102,   -8,    0
 11779, 81361,20170103,    9,    0
 11779, 81361,20170104,   19,    0
 11779, 81361,20170105,  -35,    0
 11779, 81361,20170106,  -90,    0
 11779, 81361,20170107,  -69,    0
 11779, 81361,20170108,  -12,    0
 11779, 81361,20170109,   -7,    0
 11779, 81361,20170110,   -6,    0
 11779, 81361,20170111,    8,    0
 11779, 81361,20170112,   25,    0
 11779, 81361,20170113,    3,    0
 11779, 81361,20170114,    5,    0
 11779, 81361,20170115,  -15,    0
 11779, 81361,20170116,  -39,    0
 11779, 81361,20170117,  -40,    0
 11779, 81361,20170118,  -58,    0
 11779, 81361,20170119,  -56,    0
 11779, 81361,20170120,  -34,    0
 11779, 81361,20170121,  -28,    0
 11779, 81361,20170122,  -51,    0
 11779, 81361,20170123,  -68,    0
 11779, 81361,20170124,  -21,    0
 11779, 81361,20170125,  -18,    0
 11779, 81361,20170126,  -21,    0
 11779, 81361,20170127,  -26,    0
 11779, 81361,20170128,  -23,    0
 11779, 81361,20170129,    5,    0
 11779, 81361,20170130,   23,    0
 11779, 81361,20170131,    7,    0
 11779, 81361,20170201,    0,    0
 11779, 81361,20170202,   22,    0
 11779, 81361,20170203,   42,    0
 11779, 81361,20170204,   47,    0
 11779, 81361,20170205,   30,    0
 11779, 81361,20170206,   18,    0
 11779, 81361,20170207,   -6,    0
 11779, 81361,20170208,  -20,    0
 11779, 81361,20170209,  -32,    0
 11779, 81361,20170210,  -28,    0
 11779, 81361,20170211,   -1,    0
 11779, 81361,20170212,   -5,    0
 11779, 81361,20170213,   17,    0
 11779, 81361,20170214,   24,    0
 11779, 81361,20170215,   25,    0
 11779, 81361,20170216,   35,    0
 11779, 81361,20170217,   41,    0
 11779, 81361,20170218,   34,    0
 11779, 81361,20170219,   18,    0
 11779, 81361,20170220,   63,    0
 11779, 81361,20170221,   78,    0
 11779, 81361,20170222,   86,    0
 11779, 81361,20170223,   70,    0
 11779, 81361,20170224,   22,    0
 11779, 81361,20170225,   23,    0
 11779, 81361,20170226,   72,    0
 11779, 81361,20170227,   87,    0
 11779, 81361,20170228,   44,    0
 11779, 81361,20170301,   35,    0
 11779, 81361,20170302,   53,    0
 11779, 81361,20170303,   51,    0
 11779, 81361,20170304,   89,    0
 11779, 81361,20170305,   60,    0
 11779, 81361,20170306,   41,    0
 11779, 81361,20170307,   41,    0
 11779, 81361,20170308,   30,    0
 11779, 81361,20170309,   65,    0
 11779, 81361,20170310,   47,    0
 11779, 81361,20170311,   47,    0
 11779, 81361,20170312,   46,    0
 11779, 81361,20170313,   48,    0
 11779, 81361,20170314,   84,    0
 11779, 81361,20170315,   85,    0
 11779, 81361,20170316,   78,    0
 11779, 81361,20170317,   66,    0
 11779, 81361,20170318,   68,    0
 11779, 81361,20170319,   92,    0
 11779, 81361,20170320,   97,    0
 11779, 81361,20170321,   76,    0
 11779, 81361,20170322,   50,    0
 11779, 81361,20170323,   78,    0
 11779, 81361,20170324,   75,    0
 11779, 81361,20170325,   80,    0
 11779, 81361,20170326,   76,    0
 11779, 81361,20170327,   87,    0
 11779, 81361,20170328,  117,    0
 11779, 81361,20170329,  118,    0
 11779, 81361,20170330,  133,    0
 11779, 81361,20170331,  141,    0
 11779, 81361,20170401,  133,    0
 11779, 81361,20170402,  114,    0
 11779, 81361,20170403,   76,    0
 11779, 81361,20170404,   74,    0
 11779, 81361,20170405,   80,    0
 11779, 81361,20170406,   64,    0
 11779, 81361,20170407,   78,    0
 11779, 81361,20170408,   97,    0
 11779, 81361,20170409,  112,    0
 11779, 81361,20170410,   97,    0
 11779, 81361,20170411,   73,    0
 11779, 81361,20170412,   96,    0
 11779, 81361,20170413,   75,    0
 11779, 81361,20170414,   67,    0
 11779, 81361,20170415,   69,    0
 11779, 81361,20170416,   58,    0
 11779, 81361,20170417,   43,    0
 11779, 81361,20170418,   26,    0
 11779, 81361,20170419,   15,    0
 11779, 81361,20170420,   37,    0
 11779, 81361,20170421,   78,    0
 11779, 81361,20170422,   62,    0
 11779, 81361,20170423,   44,    0
 11779, 81361,20170424,   72,    0
 11779, 81361,20170425,   58,    0
 11779, 81361,20170426,   50,    0
 11779, 81361,20170427,   51,    0
 11779, 81361,20170428,   58,    0
 11779, 81361,20170429,   57,    0
 11779, 81361,20170430,   96,    0
 11779, 81361,20170501,   92,    0
 11779, 81361,20170502,   72,    0
 11779, 81361,20170503,   95,    0
 11779, 81361,20170504,   86,    0
 11779, 81361,20170505,   78,    0
 11779, 81361,20170506,  113,    0
 11779, 81361,20170507,  128,    0
 11779, 81361,20170508,   75,    0
 11779, 81361,20170509,   57,    0
 11779, 81361,20170510,   88,    0
 11779, 81361,20170511,  133,    0
 11779, 81361,20170512,  137,    0
 11779, 81361,20170513,  137,    0
 11779, 81361,20170514,  145,    0
 11779, 81361,20170515,  141,    0
 11779, 81361,20170516,  165,    0
 11779, 81361,20170517,  199,    0
 11779, 81361,20170518,  183,    0
 11779, 81361,20170519,  134,    0
 11779, 81361,20170520,  117,    0
 11779, 81361,20170521,  133,    0
 11779, 81361,20170522,  152,    0
 11779, 81361,20170523,  166,    0
 11779, 81361,20170524,  128,    0
 11779, 81361,20170525,  146,    0
 11779, 81361,20170526,  179,    0
 11779, 81361,20170527,  201,    0
 11779, 81361,20170528,  210,    0
 11779, 81361,20170529,  231,    0
 11779, 81361,20170530,  195,    0
 11779, 81361,20170531,  165,    0
 11779, 81361,20170601,  166,    0
 11779, 81361,20170602,  178,    0
 11779, 81361,20170603,  179,    0
 11779, 81361,20170604,  148,    0
 11779, 81361,20170605,  147,    0
 11779, 81361,20170606,  136,    0
 11779, 81361,20170607,  111,    0
 11779, 81361,20170608,  141,    0
 11779, 81361,20170609,  147,    0
 11779, 81361,20170610,  149,    0
 11779, 81361,20170611,  197,    0
 11779, 81361,20170612,  173,    0
 11779, 81361,20170613,  141,    0
 11779, 81361,20170614,  165,    0
 11779, 81361,20170615,  191,    0
 11779, 81361,20170616,  153,    0
 11779, 81361,20170617,  141,    0
 11779, 81361,20170618,  184,    0
 11779, 81361,20170619,  213,    0
 11779, 81361,20170620,  220,    0
 11779, 81361,20170621,  204,    0
 11779, 81361,20170622,  221,    0
 11779, 81361,20170623,  195,    0
 11779, 81361,20170624,  176,    0
 11779, 81361,20170625,  181,    0
 11779, 81361,20170626,  168,    0
 11779, 81361,20170627,  168,    0
 11779, 81361,20170628,  178,    0
 11779, 81361,20170629,  155,    0
 11779, 81361,20170630,  159,    0
 11779, 81361,20170701,  144,    0
 11779, 81361,20170702,  147,    0
 11779, 81361,20170703,  160,    0
 11779, 81361,20170704,  168,    0
 11779, 81361,20170705,  186,    0
 11779, 81361,20170706,  198,    0
 11779, 81361,20170707,  214,    0
 11779, 81361,20170708,  205,    0
 11779, 81361,20170709,  209,    0
 11779, 81361,20170710,  189,    0
 11779, 81361,20170711,  184,    0
 11779, 81361,20170712,  146,    0
 11779, 81361,20170713,  132,    0
 11779, 81361,20170714,  146,    0
 11779, 81361,20170715,  137,    0
 11779, 81361,20170716,  161,    0
 11779, 81361,20170717,  179,    0
 11779, 81361,20170718,  197,    0
 11779, 81361,20170719,  220,    0
 11779, 81361,20170720,  194,    0
 11779, 81361,20170721,  193,    0
 11779, 81361,20170722,  198,    0
 11779, 81361,20170723,  173,    0
 11779, 81361,20170724,  127,    0
 11779, 81361,20170725,  130,    0
 11779, 81361,20170726,  145,    0
 11779, 81361,20170727,  164,    0
 11779, 81361,20170728,  159,    0
 11779, 81361,20170729,  194,    0
 11779, 81361,20170730,  219,    0
 11779, 81361,20170731,  204,    0
 11779, 81361,20170801,  189,    0
 11779, 81361,20170802,  194,    0
 11779, 81361,20170803,  207,    0
 11779, 81361,20170804,  193,    0
 11779, 81361,20170805,  162,    0
 11779, 81361,20170806,  153,    0
 11779, 81361,20170807,  169,    0
 11779, 81361,20170808,  178,    0
 11779, 81361,20170809,  170,    0
 11779, 81361,20170810,  149,    0
 11779, 81361,20170811,  131,    0
 11779, 81361,20170812,  130,    0
 11779, 81361,20170813,  161,    0
 11779, 81361,20170814,  177,    0
 11779, 81361,20170815,  192,    0
 11779, 81361,20170816,  186,    0
 11779, 81361,20170817,  190,    0
 11779, 81361,20170818,  172,    0
 11779, 81361,20170819,  140,    0
 11779, 81361,20170820,  132,    0
 11779, 81361,20170821,  133,    0
 11779, 81361,20170822,  142,    0
 11779, 81361,20170823,  162,    0
 11779, 81361,20170824,  173,    0
 11779, 81361,20170825,  172,    0
 11779, 81361,20170826,  188,    0
 11779, 81361,20170827,  174,    0
 11779, 81361,20170828,  173,    0
 11779, 81361,20170829,  193,    0
 11779, 81361,20170830,  215,    0
 11779, 81361,20170831,  160,    0
 11779, 81361,20170901,  129,    0
 11779, 81361,20170902,  124,    0
 11779, 81361,20170903,  116,    0
 11779, 81361,20170904,  132,    0
 11779, 81361,20170905,  160,    0
 11779, 81361,20170906,  156,    0
 11779, 81361,20170907,  134,    0
 11779, 81361,20170908,  139,    0
 11779, 81361,20170909,  135,    0
 11779, 81361,20170910,  118,    0
 11779, 81361,20170911,  126,    0
 11779, 81361,20170912,  119,    0
 11779, 81361,20170913,  124,    0
 11779, 81361,20170914,  109,    0
 11779, 81361,20170915,  105,    0
 11779, 81361,20170916,   86,    0
 11779, 81361,20170917,   93,    0
 11779, 81361,20170918,   84,    0
 11779, 81361,20170919,   98,    0
 11779, 81361,20170920,  101,    0
 11779, 81361,20170921,   98,    0
 11779, 81361,20170922,  119,    0
 11779, 81361,20170923,  135,    0
 11779, 81361,20170924,  131,    0
 11779, 81361,20170925,  130,    0
 11779, 81361,20170926,  121,    0
 11779, 81361,20170927,  120,    0
 11779, 81361,20170928,  131,    0
 11779, 81361,20170929,  155,    0
 11779, 81361,20170930,  149,    0
 11779, 81361,20171001,  109,    0
 11779, 81361,20171002,  119,    0
 11779, 81361,20171003,  112,    0
 11779, 81361,20171004,  101,    0
 11779, 81361,20171005,  104,    0
 11779, 81361,20171006,   92,    0
 11779, 81361,20171007,   89,    0
 11779, 81361,20171008,   97,    0
 11779, 81361,20171009,   94,    0
 11779, 81361,20171010,  114,    0
 11779, 81361,20171011,  127,    0
 11779, 81361,20171012,  123,    0
 11779, 81361,20171013,  124,    0
 11779, 81361,20171014,  148,    0
 11779, 81361,20171015,  141,    0
 11779, 81361,20171016,  141,    0
 11779, 81361,20171017,  142,    0
 11779, 81361,20171018,  123,    0
 11779, 81361,20171019,  126,    0
 11779, 81361,20171020,  124,    0
 11779, 81361,20171021,  109,    0
 11779, 81361,20171022,   89,    0
 11779, 81361,20171023,   91,    0
 11779, 81361,20171024,  102,    0
 11779, 81361,20171025,  138,    0
 11779, 81361,20171026,  119,    0
 11779, 81361,20171027,   98,    0
 11779, 81361,20171028,   88,    0
 11779, 81361,20171029,   83,    0
 11779, 81361,20171030,   60,    0
 11779, 81361,20171031,   61,    0
 11779, 81361,20171101,   81,    0
 11779, 81361,20171102,   85,    0
 11779, 81361,20171103,   66,    0
 11779, 81361,20171104,   77,    0
 11779, 81361,20171105,   78,    0
 11779, 81361,20171106,   41,    0
 11779, 81361,20171107,   40,    0
 11779, 81361,20171108,   63,    0
 11779, 81361,20171109,   61,    0
 11779, 81361,20171110,   56,    0
 11779, 81361,20171111,   43,    0
 11779, 81361,20171112,   22,    0
 11779, 81361,20171113,   39,    0
 11779, 81361,20171114,   41,    0
 11779, 81361,20171115,   53,    0
 11779, 81361,20171116,   42,    0
 11779, 81361,20171117,   33,    0
 11779, 81361,20171118,   25,    0
 11779, 81361,20171119,   37,    0
 11779, 81361,20171120,   31,    0
 11779, 81361,20171121,   78,    0
 11779, 81361,20171122,   70,    0
 11779, 81361,20171123,   99,    0
 11779, 81361,20171124,   79,    0
 11779, 81361,20171125,   30,    0
 11779, 81361,20171126,   18,    0
 11779, 81361,20171127,   27,    0
 11779, 81361,20171128,   32,    0
 11779, 81361,20171129,   10,    0
 11779, 81361,20171130,   -3,    0
 11779, 81361,20171201,    3,    0
 11779, 81361,20171202,   -2,    0
 11779, 81361,20171203,  -11,    0
 11779, 81361,20171204,   31,    0
 11779, 81361,20171205,   49,    0
 11779, 81361,20171206,   49,    0
 11779, 81361,20171207,   27,    0
 11779, 81361,20171208,   16,    0
 11779, 81361,20171209,   -2,    0
 11779, 81361,20171210,   -7,    0
 11779, 81361,20171211,   34,    0
 11779, 81361,20171212,   20,    0
 11779, 81361,20171213,    6,    0
 11779, 81361,20171214,   22,    0
 11779, 81361,20171215,   12,    0
 11779, 81361,20171216,   13,    0
 11779, 81361,20171217,   12,    0
 11779, 81361,20171218,    2,    0
 11779, 81361,20171219,   14,    0
 11779, 81361,20171220,   29,    0
 11779, 81361,20171221,   56,    0
 11779, 81361,20171222,   58,    0
 11779, 81361,20171223,   70,    0
 11779, 81361,20171224,   77,    0
 11779, 81361,20171225,   49,    0
 11779, 81361,20171226,   36,    0
 11779, 81361,20171227,   34,    0
 11779, 81361,20171228,   19,    0
 11779, 81361,20171229,    1,    0
 11779, 81361,20171230,   40,    0
 11779, 81361,20171231,   99,    0
 11779, 81361,20180101,   53,    0
 11779, 81361,20180102,   32,    0
 11779, 81361,20180103,   52,    0
 11779, 81361,20180104,   57,    0
 11779, 81361,20180105,   65,    0
 11779, 81361,20180106,   41,    0
 11779, 81361,20180107,   15,    0
 11779, 81361,20180108,   12,    0
 11779, 81361,20180109,   26,    0
 11779, 81361,20180110,   40,    0
 11779, 81361,20180111,   48,    0
 11779, 81361,20180112,   41,    0
 11779, 81361,20180113,   24,    0
 11779, 81361,20180114,   -2,    0
 11779, 81361,20180115,   10,    0
 11779, 81361,20180116,   25,    0
 11779, 81361,20180117,    4,    0
 11779, 81361,20180118,   23,    0
 11779, 81361,20180119,    6,    0
 11779, 81361,20180120,    3,    0
 11779, 81361,20180121,    3,    0
 11779, 81361,20180122,   12,    0
 11779, 81361,20180123,   44,    0
 11779, 81361,20180124,   80,    0
 11779, 81361,20180125,   74,    0
 11779, 81361,20180126,   48,    0
 11779, 81361,20180127,   32,    0
 11779, 81361,20180128,   61,    0
 11779, 81361,20180129,   83,    0
 11779, 81361,20180130,   31,    0
 11779, 81361,20180131,   54,    0
 11779, 81361,20180201,   15,    0
 11779, 81361,20180202,   10,    0
 11779, 81361,20180203,   11,    0
 11779, 81361,20180204,  -22,    0
 11779, 81361,20180205,  -28,    0
 11779, 81361,20180206,  -35,    0
 11779, 81361,20180207,  -18,    0
 11779, 81361,20180208,  -41,    0
 11779, 81361,20180209,  -36,    0
 11779, 81361,20180210,   -7,    0
 11779, 81361,20180211,    2,    0
 11779, 81361,20180212,   -6,    0
 11779, 81361,20180213,  -28,    0
 11779, 81361,20180214,  -28,    0
 11779, 81361,20180215,   -5,    0
 11779, 81361,20180216,    4,    0
 11779, 81361,20180217,   -7,    0
 11779, 81361,20180218,   -8,    0
 11779, 81361,20180219,  -11,    0
 11779, 81361,20180220,   -6,    0
 11779, 81361,20180221,   -6,    0
 11779, 81361,20180222,  -14,    0
 11779, 81361,20180223,  -27,    0
 11779, 81361,20180224,  -40,    0
 11779, 81361,20180225,  -60,    0
 11779, 81361,20180226,  -63,    0
 11779, 81361,20180227,  -83,    0
 11779, 81361,20180228, -102,    0
 11779, 81361,20180301,  -75,    0
 11779, 81361,20180302,  -66,    0
 11779, 81361,20180303,  -46,    0
 11779, 81361,20180304,    1,    0
 11779, 81361,20180305,   47,    0
 11779, 81361,20180306,   27,    0
 11779, 81361,20180307,   45,    0
 11779, 81361,20180308,   38,    0
 11779, 81361,20180309,   37,    0
 11779, 81361,20180310,   90,    0
 11779, 81361,20180311,  112,    0
 11779, 81361,20180312,   92,    0
 11779, 81361,20180313,   61,    0
 11779, 81361,20180314,   31,    0
 11779, 81361,20180315,   44,    0
 11779, 81361,20180316,    7,    0
 11779, 81361,20180317,  -51,    0
 11779, 81361,20180318,  -45,    0
 11779, 81361,20180319,  -35,    0
 11779, 81361,20180320,  -10,    0
 11779, 81361,20180321,   -2,    0
 11779, 81361,20180322,   14,    0
 11779, 81361,20180323,   39,    0
 11779, 81361,20180324,   46,    0
 11779, 81361,20180325,   42,    0
 11779, 81361,20180326,   41,    0
 11779, 81361,20180327,   42,    0
 11779, 81361,20180328,   61,    0
 11779, 81361,20180329,   34,    0
 11779, 81361,20180330,   61,    0
 11779, 81361,20180331,   66,    0
 11779, 81361,20180401,   35,    0
 11779, 81361,20180402,   63,    0
 11779, 81361,20180403,  120,    0
 11779, 81361,20180404,  116,    0
 11779, 81361,20180405,   65,    0
 11779, 81361,20180406,   57,    0
 11779, 81361,20180407,  113,    0
 11779, 81361,20180408,  144,    0
 11779, 81361,20180409,  147,    0
 11779, 81361,20180410,  158,    0
 11779, 81361,20180411,  115,    0
 11779, 81361,20180412,  143,    0
 11779, 81361,20180413,  112,    0
 11779, 81361,20180414,  121,    0
 11779, 81361,20180415,  136,    0
 11779, 81361,20180416,  133,    0
 11779, 81361,20180417,  132,    0
 11779, 81361,20180418,  158,    0
 11779, 81361,20180419,  181,    0
 11779, 81361,20180420,  180,    0
 11779, 81361,20180421,  173,    0
 11779, 81361,20180422,  165,    0
 11779, 81361,20180423,  148,    0
 11779, 81361,20180424,  115,    0
 11779, 81361,20180425,  116,    0
 11779, 81361,20180426,   82,    0
 11779, 81361,20180427,   93,    0
 11779, 81361,20180428,  118,    0
 11779, 81361,20180429,  153,    0
 11779, 81361,20180430,  135,    0
 11779, 81361,20180501,   82,    0
 11779, 81361,20180502,   91,    0
 11779, 81361,20180503,  112,    0
 11779, 81361,20180504,  125,    0
 11779, 81361,20180505,  142,    0
 11779, 81361,20180506,  156,    0
 11779, 81361,20180507,  169,    0
 11779, 81361,20180508,  182,    0
 11779, 81361,20180509,  185,    0
 11779, 81361,20180510,  142,    0
 11779, 81361,20180511,  138,    0
 11779, 81361,20180512,  167,    0
 11779, 81361,20180513,  175,    0
 11779, 81361,20180514,  189,    0
 11779, 81361,20180515,  160,    0
 11779, 81361,20180516,  134,    0
 11779, 81361,20180517,  112,    0
 11779, 81361,20180518,   92,    0
 11779, 81361,20180519,  116,    0
 11779, 81361,20180520,  161,    0
 11779, 81361,20180521,  177,    0
 11779, 81361,20180522,  164,    0
 11779, 81361,20180523,  189,    0
 11779, 81361,20180524,  163,    0
 11779, 81361,20180525,  182,    0
 11779, 81361,20180526,  207,    0
 11779, 81361,20180527,  199,    0
 11779, 81361,20180528,  225,    0
 11779, 81361,20180529,  216,    0
 11779, 81361,20180530,  203,    0
 11779, 81361,20180531,  220,    0
 11779, 81361,20180601,  192,    0
 11779, 81361,20180602,  178,    0
 11779, 81361,20180603,  177,    0
 11779, 81361,20180604,  195,    0
 11779, 81361,20180605,  171,    0
 11779, 81361,20180606,  209,    0
 11779, 81361,20180607,  207,    0
 11779, 81361,20180608,  206,    0
 11779, 81361,20180609,  224,    0
 11779, 81361,20180610,  194,    0
 11779, 81361,20180611,  173,    0
 11779, 81361,20180612,  146,    0
 11779, 81361,20180613,  125,    0
 11779, 81361,20180614,  145,    0
 11779, 81361,20180615,  164,    0
 11779, 81361,20180616,  192,    0
 11779, 81361,20180617,  169,    0
 11779, 81361,20180618,  167,    0
 11779, 81361,20180619,  175,    0
 11779, 81361,20180620,  200,    0
 11779, 81361,20180621,  158,    0
 11779, 81361,20180622,  108,    0
 11779, 81361,20180623,  122,    0
 11779, 81361,20180624,  117,    0
 11779, 81361,20180625,  148,    0
 11779, 81361,20180626,  145,    0
 11779, 81361,20180627,  179,    0
 11779, 81361,20180628,  208,    0
 11779, 81361,20180629,  223,    0
 11779, 81361,20180630,  193,    0
 11779, 81361,20180701,  174,    0
 11779, 81361,20180702,  181,    0
 11779, 81361,20180703,  197,    0
 11779, 81361,20180704,  219,    0
 11779, 81361,20180705,  211,    0
 11779, 81361,20180706,  176,    0
 11779, 81361,20180707,  177,    0
 11779, 81361,20180708,  176,    0
 11779, 81361,20180709,  169,    0
 11779, 81361,20180710,  129,    0
 11779, 81361,20180711,  143,    0
 11779, 81361,20180712,  173,    0
 11779, 81361,20180713,  195,    0
 11779, 81361,20180714,  199,    0
 11779, 81361,20180715,  202,    0
 11779, 81361,20180716,  218,    0
 11779, 81361,20180717,  225,    0
 11779, 81361,20180718,  194,    0
 11779, 81361,20180719,  201,    0
 11779, 81361,20180720,  225,    0
 11779, 81361,20180721,  223,    0
 11779, 81361,20180722,  202,    0
 11779, 81361,20180723,  217,    0
 11779, 81361,20180724,  248,    0
 11779, 81361,20180725,  258,    0
 11779, 81361,20180726,  267,    0
 11779, 81361,20180727,  267,    0
 11779, 81361,20180728,  235,    0
 11779, 81361,20180729,  223,    0
 11779, 81361,20180730,  256,    0
 11779, 81361,20180731,  268,    0
 11779, 81361,20180801,  245,    0
 11779, 81361,20180802,  256,    0
 11779, 81361,20180803,  265,    0
 11779, 81361,20180804,  259,    0
 11779, 81361,20180805,  211,    0
 11779, 81361,20180806,  227,    0
 11779, 81361,20180807,  260,    0
 11779, 81361,20180808,  240,    0
 11779, 81361,20180809,  217,    0
 11779, 81361,20180810,  175,    0
 11779, 81361,20180811,  161,    0
 11779, 81361,20180812,  180,    0
 11779, 81361,20180813,  163,    0
 11779, 81361,20180814,  168,    0
 11779, 81361,20180815,  180,    0
 11779, 81361,20180816,  205,    0
 11779, 81361,20180817,  204,    0
 11779, 81361,20180818,  201,    0
 11779, 81361,20180819,  209,    0
 11779, 81361,20180820,  196,    0
 11779, 81361,20180821,  200,    0
 11779, 81361,20180822,  233,    0
 11779, 81361,20180823,  231,    0
 11779, 81361,20180824,  168,    0
 11779, 81361,20180825,  123,    0
 11779, 81361,20180826,  130,    0
 11779, 81361,20180827,  160,    0
 11779, 81361,20180828,  167,    0
 11779, 81361,20180829,  196,    0
 11779, 81361,20180830,  154,    0
 11779, 81361,20180831,  136,    0
 11779, 81361,20180901,  144,    0
 11779, 81361,20180902,  157,    0
 11779, 81361,20180903,  167,    0
 11779, 81361,20180904,  194,    0
 11779, 81361,20180905,  200,    0
 11779, 81361,20180906,  177,    0
 11779, 81361,20180907,  149,    0
 11779, 81361,20180908,  131,    0
 11779, 81361,20180909,  161,    0
 11779, 81361,20180910,  163,    0
 11779, 81361,20180911,  186,    0
 11779, 81361,20180912,  186,    0
 11779, 81361,20180913,  138,    0
 11779, 81361,20180914,  134,    0
 11779, 81361,20180915,  134,    0
 11779, 81361,20180916,  142,    0
 11779, 81361,20180917,  169,    0
 11779, 81361,20180918,  207,    0
 11779, 81361,20180919,  205,    0
 11779, 81361,20180920,  199,    0
 11779, 81361,20180921,  164,    0
 11779, 81361,20180922,  114,    0
 11779, 81361,20180923,   92,    0
 11779, 81361,20180924,   84,    0
 11779, 81361,20180925,   76,    0
 11779, 81361,20180926,   93,    0
 11779, 81361,20180927,  130,    0
 11779, 81361,20180928,   98,    0
 11779, 81361,20180929,   76,    0
 11779, 81361,20180930,   96,    0
 11779, 81361,20181001,   77,    0
 11779, 81361,20181002,   65,    0
 11779, 81361,20181003,  102,    0
 11779, 81361,20181004,   86,    0
 11779, 81361,20181005,  117,    0
 11779, 81361,20181006,  143,    0
 11779, 81361,20181007,  105,    0
 11779, 81361,20181008,   98,    0
 11779, 81361,20181009,  121,    0
 11779, 81361,20181010,  147,    0
 11779, 81361,20181011,  150,    0
 11779, 81361,20181012,  167,    0
 11779, 81361,20181013,  173,    0
 11779, 81361,20181014,  155,    0
 11779, 81361,20181015,  156,    0
 11779, 81361,20181016,  123,    0
 11779, 81361,20181017,  134,    0
 11779, 81361,20181018,  122,    0
 11779, 81361,20181019,  115,    0
 11779, 81361,20181020,   83,    0
 11779, 81361,20181021,   78,    0
 11779, 81361,20181022,   68,    0
 11779, 81361,20181023,   78,    0
 11779, 81361,20181024,  114,    0
 11779, 81361,20181025,  107,    0
 11779, 81361,20181026,   83,    0
 11779, 81361,20181027,   55,    0
 11779, 81361,20181028,   35,    0
 11779, 81361,20181029,   33,    0
 11779, 81361,20181030,   51,    0
 11779, 81361,20181031,   71,    0
 11779, 81361,20181101,   71,    0
 11779, 81361,20181102,   87,    0
 11779, 81361,20181103,   56,    0
 11779, 81361,20181104,   80,    0
 11779, 81361,20181105,   97,    0
 11779, 81361,20181106,  101,    0
 11779, 81361,20181107,   94,    0
 11779, 81361,20181108,   98,    0
 11779, 81361,20181109,  100,    0
 11779, 81361,20181110,   96,    0
 11779, 81361,20181111,  110,    0
 11779, 81361,20181112,  122,    0
 11779, 81361,20181113,   99,    0
 11779, 81361,20181114,   47,    0
 11779, 81361,20181115,   35,    0
 11779, 81361,20181116,   36,    0
 11779, 81361,20181117,   29,    0
 11779, 81361,20181118,   13,    0
 11779, 81361,20181119,   22,    0
 11779, 81361,20181120,    5,    0
 11779, 81361,20181121,    9,    0
 11779, 81361,20181122,    9,    0
 11779, 81361,20181123,    3,    0
 11779, 81361,20181124,   18,    0
 11779, 81361,20181125,   50,    0
 11779, 81361,20181126,   33,    0
 11779, 81361,20181127,    2,    0
 11779, 81361,20181128,    9,    0
 11779, 81361,20181129,   33,    0
 11779, 81361,20181130,   40,    0
 11779, 81361,20181201,   58,    0
 11779, 81361,20181202,   82,    0
 11779, 81361,20181203,  105,    0
 11779, 81361,20181204,   45,    0
 11779, 81361,20181205,   13,    0
 11779, 81361,20181206,   64,    0
 11779, 81361,20181207,   92,    0
 11779, 81361,20181208,   53,    0
 11779, 81361,20181209,   54,    0
 11779, 81361,20181210,   31,    0
 11779, 81361,20181211,   29,    0
 11779, 81361,20181212,   18,    0
 11779, 81361,20181213,   -1,    0
 11779, 81361,20181214,   -4,    0
 11779, 81361,20181215,  -16,    0
 11779, 81361,20181216,  -25,    0
 11779, 81361,20181217,   15,    0
 11779, 81361,20181218,   27,    0
 11779, 81361,20181219,   25,    0
 11779, 81361,20181220,   48,    0
 11779, 81361,20181221,   75,    0
 11779, 81361,20181222,   75,    0
 11779, 81361,20181223,   55,    0
 11779, 81361,20181224,   22,    0
 11779, 81361,20181225,   26,    0
 11779, 81361,20181226,   11,    0
 11779, 81361,20181227,    9,    0
 11779, 81361,20181228,  -16,    0
 11779, 81361,20181229,   14,    0
 11779, 81361,20181230,   53,    0
 11779, 81361,20181231,   65,    0
 11779, 81361,20190101,   51,    0
 11779, 81361,20190102,   16,    0
 11779, 81361,20190103,   -1,    0
 11779, 81361,20190104,   11,    0
 11779, 81361,20190105,   54,    0
 11779, 81361,20190106,   53,    0
 11779, 81361,20190107,   39,    0
 11779, 81361,20190108,   41,    0
 11779, 81361,20190109,    7,    0
 11779, 81361,20190110,   -7,    0
 11779, 81361,20190111,   11,    0
 11779, 81361,20190112,   41,    0
 11779, 81361,20190113,   56,    0
 11779, 81361,20190114,   23,    0
 11779, 81361,20190115,   30,    0
 11779, 81361,20190116,   34,    0
 11779, 81361,20190117,   28,    0
 11779, 81361,20190118,  -14,    0
 11779, 81361,20190119,  -35,    0
 11779, 81361,20190120,  -40,    0
 11779, 81361,20190121,  -60,    0
 11779, 81361,20190122,  -63,    0
 11779, 81361,20190123,  -53,    0
 11779, 81361,20190124,  -60,    0
 11779, 81361,20190125,  -43,    0
 11779, 81361,20190126,   23,    0
 11779, 81361,20190127,   32,    0
 11779, 81361,20190128,    9,    0
 11779, 81361,20190129,    0,    0
 11779, 81361,20190130,  -16,    0
 11779, 81361,20190131,   -8,    0
 11779, 81361,20190201,    2,    0
 11779, 81361,20190202,    9,    0
 11779, 81361,20190203,    1,    0
 11779, 81361,20190204,   -2,    0
 11779, 81361,20190205,   10,    0
 11779, 81361,20190206,   11,    0
 11779, 81361,20190207,   13,    0
 11779, 81361,20190208,   42,    0
 11779, 81361,20190209,   63,    0
 11779, 81361,20190210,   54,    0
 11779, 81361,20190211,   26,    0
 11779, 81361,20190212,   27,    0
 11779, 81361,20190213,   30,    0
 11779, 81361,20190214,   30,    0
 11779, 81361,20190215,   52,    0
 11779, 81361,20190216,   66,    0
 11779, 81361,20190217,   63,    0
 11779, 81361,20190218,   69,    0
 11779, 81361,20190219,   54,    0
 11779, 81361,20190220,   51,    0
 11779, 81361,20190221,   65,    0
 11779, 81361,20190222,   68,    0
 11779, 81361,20190223,   18,    0
 11779, 81361,20190224,   41,    0
 11779, 81361,20190225,   64,    0
 11779, 81361,20190226,   73,    0
 11779, 81361,20190227,   74,    0
 11779, 81361,20190228,   89,    0
 11779, 81361,20190301,   63,    0
 11779, 81361,20190302,   48,    0
 11779, 81361,20190303,   86,    0
 11779, 81361,20190304,   75,    0
 11779, 81361,20190305,   40,    0
 11779, 81361,20190306,   73,    0
 11779, 81361,20190307,   92,    0
 11779, 81361,20190308,   63,    0
 11779, 81361,20190309,   71,    0
 11779, 81361,20190310,   52,    0
 11779, 81361,20190311,   21,    0
 11779, 81361,20190312,   44,    0
 11779, 81361,20190313,   43,    0
 11779, 81361,20190314,   48,    0
 11779, 81361,20190315,   70,    0
 11779, 81361,20190316,   75,    0
 11779, 81361,20190317,   60,    0
 11779, 81361,20190318,   34,    0
 11779, 81361,20190319,   27,    0
 11779, 81361,20190320,   51,    0
 11779, 81361,20190321,   82,    0
 11779, 81361,20190322,  108,    0
 11779, 81361,20190323,   77,    0
 11779, 81361,20190324,   69,    0
 11779, 81361,20190325,   37,    0
 11779, 81361,20190326,   44,    0
 11779, 81361,20190327,   62,    0
 11779, 81361,20190328,   83,    0
 11779, 81361,20190329,   98,    0
 11779, 81361,20190330,  103,    0
 11779, 81361,20190331,   74,    0
 11779, 81361,20190401,   68,    0
 11779, 81361,20190402,   94,    0
 11779, 81361,20190403,   90,    0
 11779, 81361,20190404,   48,    0
 11779, 81361,20190405,   59,    0
 11779, 81361,20190406,  119,    0
 11779, 81361,20190407,  130,    0
 11779, 81361,20190408,  138,    0
 11779, 81361,20190409,   99,    0
 11779, 81361,20190410,   60,    0
 11779, 81361,20190411,   41,    0
 11779, 81361,20190412,   17,    0
 11779, 81361,20190413,   11,    0
 11779, 81361,20190414,   27,    0
 11779, 81361,20190415,   85,    0
 11779, 81361,20190416,  103,    0
 11779, 81361,20190417,  124,    0
 11779, 81361,20190418,  143,    0
 11779, 81361,20190419,  156,    0
 11779, 81361,20190420,  156,    0
 11779, 81361,20190421,  148,    0
 11779, 81361,20190422,  145,    0
 11779, 81361,20190423,  142,    0
 11779, 81361,20190424,  163,    0
 11779, 81361,20190425,  144,    0
 11779, 81361,20190426,   95,    0
 11779, 81361,20190427,   74,    0
 11779, 81361,20190428,   70,    0
 11779, 81361,20190429,   73,    0
 11779, 81361,20190430,  109,    0
