EUROPEAN CLIMATE ASSESSMENT & DATASET (ECA&D), file created on: 13-05-2019
THESE DATA CAN BE USED FOR NON-COMMERCIAL RESEARCH AND EDUCATION PROVIDED THAT THE FOLLOWING SOURCE IS ACKNOWLEDGED: 

Klein Tank, A.M.G. and Coauthors, 2002. Daily dataset of 20th-century surface
air temperature and precipitation series for the European Climate Assessment.
Int. J. of Climatol., 22, 1441-1453.
Data and metadata available at http://www.ecad.eu

FILE FORMAT (MISSING VALUE CODE = -9999):

01-06 STAID: Station identifier
08-13 SOUID: Source identifier
15-22 DATE : Date YYYYMMDD
24-28 TG   : Mean temperature in 0.1 &#176;C
30-34 Q_TG : quality code for TG (0='valid'; 1='suspect'; 9='missing')

This is the blended series of station BULKEN, NORWAY (STAID: 197)
Blended and updated with sources:9430 
See files sources.txt and stations.txt for more info.

STAID, SOUID,    DATE,   TG, Q_TG
   197,  9430,20140501,-9999,    9
   197,  9430,20140502,-9999,    9
   197,  9430,20140503,-9999,    9
   197,  9430,20140504,-9999,    9
   197,  9430,20140505,-9999,    9
   197,  9430,20140506,-9999,    9
   197,  9430,20140507,-9999,    9
   197,  9430,20140508,-9999,    9
   197,  9430,20140509,-9999,    9
   197,  9430,20140510,-9999,    9
   197,  9430,20140511,-9999,    9
   197,  9430,20140512,-9999,    9
   197,  9430,20140513,-9999,    9
   197,  9430,20140514,-9999,    9
   197,  9430,20140515,-9999,    9
   197,  9430,20140516,-9999,    9
   197,  9430,20140517,-9999,    9
   197,  9430,20140518,-9999,    9
   197,  9430,20140519,-9999,    9
   197,  9430,20140520,-9999,    9
   197,  9430,20140521,  148,    0
   197,  9430,20140522,-9999,    9
   197,  9430,20140523,-9999,    9
   197,  9430,20140524,  125,    0
   197,  9430,20140525,  119,    0
   197,  9430,20140526,  117,    0
   197,  9430,20140527,  148,    0
   197,  9430,20140528,  148,    0
   197,  9430,20140529,  144,    0
   197,  9430,20140530,  135,    0
   197,  9430,20140531,  140,    0
   197,  9430,20140601,  144,    0
   197,  9430,20140602,  160,    0
   197,  9430,20140603,  152,    0
   197,  9430,20140604,  129,    0
   197,  9430,20140605,  144,    0
   197,  9430,20140606,  132,    0
   197,  9430,20140607,  147,    0
   197,  9430,20140608,  143,    0
   197,  9430,20140609,  152,    0
   197,  9430,20140610,  159,    0
   197,  9430,20140611,  121,    0
   197,  9430,20140612,   98,    0
   197,  9430,20140613,  134,    0
   197,  9430,20140614,  148,    0
   197,  9430,20140615,  138,    0
   197,  9430,20140616,  146,    0
   197,  9430,20140617,  132,    0
   197,  9430,20140618,  134,    0
   197,  9430,20140619,  112,    0
   197,  9430,20140620,  101,    0
   197,  9430,20140621,   98,    0
   197,  9430,20140622,   98,    0
   197,  9430,20140623,  117,    0
   197,  9430,20140624,  131,    0
   197,  9430,20140625,  141,    0
   197,  9430,20140626,  130,    0
   197,  9430,20140627,  118,    0
   197,  9430,20140628,  130,    0
   197,  9430,20140629,  124,    0
   197,  9430,20140630,  122,    0
   197,  9430,20140701,  138,    0
   197,  9430,20140702,  136,    0
   197,  9430,20140703,  110,    0
   197,  9430,20140704,  126,    0
   197,  9430,20140705,  158,    0
   197,  9430,20140706,  161,    0
   197,  9430,20140707,  153,    0
   197,  9430,20140708,  171,    0
   197,  9430,20140709,  231,    0
   197,  9430,20140710,-9999,    9
   197,  9430,20140711,  223,    0
   197,  9430,20140712,  205,    0
   197,  9430,20140713,  192,    0
   197,  9430,20140714,  176,    0
   197,  9430,20140715,  144,    0
   197,  9430,20140716,  132,    0
   197,  9430,20140717,  131,    0
   197,  9430,20140718,  175,    0
   197,  9430,20140719,  199,    0
   197,  9430,20140720,  215,    0
   197,  9430,20140721,  218,    0
   197,  9430,20140722,  217,    0
   197,  9430,20140723,  231,    0
   197,  9430,20140724,  233,    0
   197,  9430,20140725,  203,    0
   197,  9430,20140726,  194,    0
   197,  9430,20140727,  174,    0
   197,  9430,20140728,  179,    0
   197,  9430,20140729,  175,    0
   197,  9430,20140730,  135,    0
   197,  9430,20140731,  128,    0
   197,  9430,20140801,  133,    0
   197,  9430,20140802,  165,    0
   197,  9430,20140803,  164,    0
   197,  9430,20140804,  175,    0
   197,  9430,20140805,  156,    0
   197,  9430,20140806,  164,    0
   197,  9430,20140807,  152,    0
   197,  9430,20140808,  164,    0
   197,  9430,20140809,  162,    0
   197,  9430,20140810,  162,    0
   197,  9430,20140811,  161,    0
   197,  9430,20140812,  129,    0
   197,  9430,20140813,  134,    0
   197,  9430,20140814,-9999,    9
   197,  9430,20140815,  124,    0
   197,  9430,20140816,  112,    0
   197,  9430,20140817,  108,    0
   197,  9430,20140818,  109,    0
   197,  9430,20140819,  120,    0
   197,  9430,20140820,  116,    0
   197,  9430,20140821,  105,    0
   197,  9430,20140822,  108,    0
   197,  9430,20140823,  108,    0
   197,  9430,20140824,   97,    0
   197,  9430,20140825,  122,    0
   197,  9430,20140826,  125,    0
   197,  9430,20140827,  132,    0
   197,  9430,20140828,  135,    0
   197,  9430,20140829,  148,    0
   197,  9430,20140830,  134,    0
   197,  9430,20140831,  143,    0
   197,  9430,20140901,  133,    0
   197,  9430,20140902,  127,    0
   197,  9430,20140903,  130,    0
   197,  9430,20140904,  139,    0
   197,  9430,20140905,  125,    0
   197,  9430,20140906,  124,    0
   197,  9430,20140907,  135,    0
   197,  9430,20140908,  133,    0
   197,  9430,20140909,  123,    0
   197,  9430,20140910,  119,    0
   197,  9430,20140911,  122,    0
   197,  9430,20140912,  148,    0
   197,  9430,20140913,  137,    0
   197,  9430,20140914,  136,    0
   197,  9430,20140915,  131,    0
   197,  9430,20140916,  136,    0
   197,  9430,20140917,  125,    0
   197,  9430,20140918,  106,    0
   197,  9430,20140919,  107,    0
   197,  9430,20140920,   95,    0
   197,  9430,20140921,   91,    0
   197,  9430,20140922,   70,    0
   197,  9430,20140923,   55,    0
   197,  9430,20140924,   73,    0
   197,  9430,20140925,   68,    0
   197,  9430,20140926,   90,    0
   197,  9430,20140927,   90,    0
   197,  9430,20140928,  100,    0
   197,  9430,20140929,   80,    0
   197,  9430,20140930,   94,    0
   197,  9430,20141001,  109,    0
   197,  9430,20141002,   68,    0
   197,  9430,20141003,  108,    0
   197,  9430,20141004,  150,    0
   197,  9430,20141005,  112,    0
   197,  9430,20141006,  120,    0
   197,  9430,20141007,   90,    0
   197,  9430,20141008,   74,    0
   197,  9430,20141009,   69,    0
   197,  9430,20141010,   73,    0
   197,  9430,20141011,   81,    0
   197,  9430,20141012,   74,    0
   197,  9430,20141013,   70,    0
   197,  9430,20141014,   50,    0
   197,  9430,20141015,   34,    0
   197,  9430,20141016,   33,    0
   197,  9430,20141017,   37,    0
   197,  9430,20141018,   54,    0
   197,  9430,20141019,  107,    0
   197,  9430,20141020,   83,    0
   197,  9430,20141021,   79,    0
   197,  9430,20141022,   63,    0
   197,  9430,20141023,   79,    0
   197,  9430,20141024,   87,    0
   197,  9430,20141025,   76,    0
   197,  9430,20141026,   92,    0
   197,  9430,20141027,   79,    0
   197,  9430,20141028,  102,    0
   197,  9430,20141029,   34,    0
   197,  9430,20141030,   22,    0
   197,  9430,20141031,   33,    0
   197,  9430,20141101,   91,    0
   197,  9430,20141102,   82,    0
   197,  9430,20141103,   58,    0
   197,  9430,20141104,   38,    0
   197,  9430,20141105,   39,    0
   197,  9430,20141106,   34,    0
   197,  9430,20141107,   48,    0
   197,  9430,20141108,   67,    0
   197,  9430,20141109,   64,    0
   197,  9430,20141110,   63,    0
   197,  9430,20141111,   16,    0
   197,  9430,20141112,   52,    0
   197,  9430,20141113,   54,    0
   197,  9430,20141114,   75,    0
   197,  9430,20141115,   79,    0
   197,  9430,20141116,   65,    0
   197,  9430,20141117,   41,    0
   197,  9430,20141118,   30,    0
   197,  9430,20141119,   15,    0
   197,  9430,20141120,    4,    0
   197,  9430,20141121,   -5,    0
   197,  9430,20141122,  -17,    0
   197,  9430,20141123,   15,    0
   197,  9430,20141124,   25,    0
   197,  9430,20141125,   36,    0
   197,  9430,20141126,   -1,    0
   197,  9430,20141127,   24,    0
   197,  9430,20141128,   27,    0
   197,  9430,20141129,   19,    0
   197,  9430,20141130,    7,    0
   197,  9430,20141201,    9,    0
   197,  9430,20141202,   -1,    0
   197,  9430,20141203,   27,    0
   197,  9430,20141204,   23,    0
   197,  9430,20141205,   10,    0
   197,  9430,20141206,    1,    0
   197,  9430,20141207,   15,    0
   197,  9430,20141208,    4,    0
   197,  9430,20141209,    7,    0
   197,  9430,20141210,   12,    0
   197,  9430,20141211,    5,    0
   197,  9430,20141212,    4,    0
   197,  9430,20141213,   -5,    0
   197,  9430,20141214,    9,    0
   197,  9430,20141215,   -5,    0
   197,  9430,20141216,   -7,    0
   197,  9430,20141217,  -15,    0
   197,  9430,20141218,   14,    0
   197,  9430,20141219,    8,    0
   197,  9430,20141220,   -1,    0
   197,  9430,20141221,   -5,    0
   197,  9430,20141222,   18,    0
   197,  9430,20141223,   10,    0
   197,  9430,20141224,  -16,    0
   197,  9430,20141225,  -94,    0
   197,  9430,20141226,  -86,    0
   197,  9430,20141227, -106,    0
   197,  9430,20141228,  -86,    0
   197,  9430,20141229,  -37,    0
   197,  9430,20141230,    3,    0
   197,  9430,20141231,   25,    0
   197,  9430,20150101,   34,    0
   197,  9430,20150102,   19,    0
   197,  9430,20150103,   -3,    0
   197,  9430,20150104,  -16,    0
   197,  9430,20150105,  -14,    0
   197,  9430,20150106,   23,    0
   197,  9430,20150107,   14,    0
   197,  9430,20150108,   18,    0
   197,  9430,20150109,   -9,    0
   197,  9430,20150110,    2,    0
   197,  9430,20150111,   -4,    0
   197,  9430,20150112,   12,    0
   197,  9430,20150113,   12,    0
   197,  9430,20150114,    2,    0
   197,  9430,20150115,   11,    0
   197,  9430,20150116,   17,    0
   197,  9430,20150117,    8,    0
   197,  9430,20150118,    3,    0
   197,  9430,20150119,  -43,    0
   197,  9430,20150120,  -55,    0
   197,  9430,20150121,  -33,    0
   197,  9430,20150122,  -92,    0
   197,  9430,20150123,  -42,    0
   197,  9430,20150124,    1,    0
   197,  9430,20150125,   -2,    0
   197,  9430,20150126,   11,    0
   197,  9430,20150127,    6,    0
   197,  9430,20150128,   19,    0
   197,  9430,20150129,   -3,    0
   197,  9430,20150130,   -5,    0
   197,  9430,20150131,  -28,    0
   197,  9430,20150201,  -92,    0
   197,  9430,20150202,  -97,    0
   197,  9430,20150203,  -72,    0
   197,  9430,20150204,  -93,    0
   197,  9430,20150205,  -62,    0
   197,  9430,20150206,  -18,    0
   197,  9430,20150207,    2,    0
   197,  9430,20150208,    6,    0
   197,  9430,20150209,   29,    0
   197,  9430,20150210,   41,    0
   197,  9430,20150211,   31,    0
   197,  9430,20150212,   25,    0
   197,  9430,20150213,    7,    0
   197,  9430,20150214,    5,    0
   197,  9430,20150215,   19,    0
   197,  9430,20150216,   20,    0
   197,  9430,20150217,   13,    0
   197,  9430,20150218,   42,    0
   197,  9430,20150219,   45,    0
   197,  9430,20150220,   14,    0
   197,  9430,20150221,    8,    0
   197,  9430,20150222,   -6,    0
   197,  9430,20150223,    9,    0
   197,  9430,20150224,   11,    0
   197,  9430,20150225,   15,    0
   197,  9430,20150226,   13,    0
   197,  9430,20150227,   17,    0
   197,  9430,20150228,   25,    0
   197,  9430,20150301,   37,    0
   197,  9430,20150302,   10,    0
   197,  9430,20150303,   -8,    0
   197,  9430,20150304,   -4,    0
   197,  9430,20150305,   13,    0
   197,  9430,20150306,   36,    0
   197,  9430,20150307,   45,    0
   197,  9430,20150308,   38,    0
   197,  9430,20150309,   26,    0
   197,  9430,20150310,   33,    0
   197,  9430,20150311,   26,    0
   197,  9430,20150312,   35,    0
   197,  9430,20150313,   38,    0
   197,  9430,20150314,   14,    0
   197,  9430,20150315,   25,    0
   197,  9430,20150316,   39,    0
   197,  9430,20150317,   57,    0
   197,  9430,20150318,   57,    0
   197,  9430,20150319,   34,    0
   197,  9430,20150320,   15,    0
   197,  9430,20150321,    4,    0
   197,  9430,20150322,   12,    0
   197,  9430,20150323,   28,    0
   197,  9430,20150324,   23,    0
   197,  9430,20150325,   14,    0
   197,  9430,20150326,    6,    0
   197,  9430,20150327,   16,    0
   197,  9430,20150328,   23,    0
   197,  9430,20150329,   22,    0
   197,  9430,20150330,    9,    0
   197,  9430,20150331,    4,    0
   197,  9430,20150401,   -1,    0
   197,  9430,20150402,    0,    0
   197,  9430,20150403,   10,    0
   197,  9430,20150404,    2,    0
   197,  9430,20150405,    0,    0
   197,  9430,20150406,   33,    0
   197,  9430,20150407,   47,    0
   197,  9430,20150408,   52,    0
   197,  9430,20150409,   47,    0
   197,  9430,20150410,   67,    0
   197,  9430,20150411,   49,    0
   197,  9430,20150412,   18,    0
   197,  9430,20150413,   11,    0
   197,  9430,20150414,   21,    0
   197,  9430,20150415,   30,    0
   197,  9430,20150416,   24,    0
   197,  9430,20150417,   43,    0
   197,  9430,20150418,   43,    0
   197,  9430,20150419,   75,    0
   197,  9430,20150420,   93,    0
   197,  9430,20150421,   44,    0
   197,  9430,20150422,   52,    0
   197,  9430,20150423,   41,    0
   197,  9430,20150424,   17,    0
   197,  9430,20150425,   20,    0
   197,  9430,20150426,   17,    0
   197,  9430,20150427,   30,    0
   197,  9430,20150428,-9999,    9
   197,  9430,20150429,   41,    0
   197,  9430,20150430,   40,    0
   197,  9430,20150501,   37,    0
   197,  9430,20150502,   39,    0
   197,  9430,20150503,   56,    0
   197,  9430,20150504,   63,    0
   197,  9430,20150505,   83,    0
   197,  9430,20150506,   85,    0
   197,  9430,20150507,   55,    0
   197,  9430,20150508,   33,    0
   197,  9430,20150509,   51,    0
   197,  9430,20150510,   58,    0
   197,  9430,20150511,   68,    0
   197,  9430,20150512,   71,    0
   197,  9430,20150513,   76,    0
   197,  9430,20150514,   70,    0
   197,  9430,20150515,   77,    0
   197,  9430,20150516,   44,    0
   197,  9430,20150517,   49,    0
   197,  9430,20150518,   75,    0
   197,  9430,20150519,   83,    0
   197,  9430,20150520,   67,    0
   197,  9430,20150521,   61,    0
   197,  9430,20150522,   56,    0
   197,  9430,20150523,   51,    0
   197,  9430,20150524,   36,    0
   197,  9430,20150525,   60,    0
   197,  9430,20150526,   62,    0
   197,  9430,20150527,   61,    0
   197,  9430,20150528,   58,    0
   197,  9430,20150529,   57,    0
   197,  9430,20150530,   54,    0
   197,  9430,20150531,   62,    0
   197,  9430,20150601,   54,    0
   197,  9430,20150602,   54,    0
   197,  9430,20150603,   56,    0
   197,  9430,20150604,   63,    0
   197,  9430,20150605,  103,    0
   197,  9430,20150606,   99,    0
   197,  9430,20150607,   63,    0
   197,  9430,20150608,   76,    0
   197,  9430,20150609,   84,    0
   197,  9430,20150610,   84,    0
   197,  9430,20150611,   99,    0
   197,  9430,20150612,  103,    0
   197,  9430,20150613,   95,    0
   197,  9430,20150614,   60,    0
   197,  9430,20150615,   63,    0
   197,  9430,20150616,   91,    0
   197,  9430,20150617,   71,    0
   197,  9430,20150618,   91,    0
   197,  9430,20150619,  109,    0
   197,  9430,20150620,  124,    0
   197,  9430,20150621,  140,    0
   197,  9430,20150622,  146,    0
   197,  9430,20150623,  141,    0
   197,  9430,20150624,   90,    0
   197,  9430,20150625,   78,    0
   197,  9430,20150626,  115,    0
   197,  9430,20150627,  142,    0
   197,  9430,20150628,  121,    0
   197,  9430,20150629,  111,    0
   197,  9430,20150630,  134,    0
   197,  9430,20150701,  170,    0
   197,  9430,20150702,  197,    0
   197,  9430,20150703,  174,    0
   197,  9430,20150704,  189,    0
   197,  9430,20150705,  189,    0
   197,  9430,20150706,  117,    0
   197,  9430,20150707,  106,    0
   197,  9430,20150708,  124,    0
   197,  9430,20150709,  101,    0
   197,  9430,20150710,  105,    0
   197,  9430,20150711,  114,    0
   197,  9430,20150712,  138,    0
   197,  9430,20150713,  116,    0
   197,  9430,20150714,  104,    0
   197,  9430,20150715,  103,    0
   197,  9430,20150716,  103,    0
   197,  9430,20150717,  121,    0
   197,  9430,20150718,   98,    0
   197,  9430,20150719,  110,    0
   197,  9430,20150720,  116,    0
   197,  9430,20150721,  101,    0
   197,  9430,20150722,  107,    0
   197,  9430,20150723,   94,    0
   197,  9430,20150724,   88,    0
   197,  9430,20150725,  123,    0
   197,  9430,20150726,  120,    0
   197,  9430,20150727,  121,    0
   197,  9430,20150728,  130,    0
   197,  9430,20150729,  148,    0
   197,  9430,20150730,  125,    0
   197,  9430,20150731,   97,    0
   197,  9430,20150801,   85,    0
   197,  9430,20150802,  100,    0
   197,  9430,20150803,  108,    0
   197,  9430,20150804,  152,    0
   197,  9430,20150805,  134,    0
   197,  9430,20150806,  131,    0
   197,  9430,20150807,  132,    0
   197,  9430,20150808,  119,    0
   197,  9430,20150809,  119,    0
   197,  9430,20150810,  143,    0
   197,  9430,20150811,  128,    0
   197,  9430,20150812,  102,    0
   197,  9430,20150813,  128,    0
   197,  9430,20150814,  164,    0
   197,  9430,20150815,  158,    0
   197,  9430,20150816,  148,    0
   197,  9430,20150817,  175,    0
   197,  9430,20150818,  184,    0
   197,  9430,20150819,  196,    0
   197,  9430,20150820,  179,    0
   197,  9430,20150821,  179,    0
   197,  9430,20150822,  183,    0
   197,  9430,20150823,  181,    0
   197,  9430,20150824,  177,    0
   197,  9430,20150825,  152,    0
   197,  9430,20150826,  140,    0
   197,  9430,20150827,  119,    0
   197,  9430,20150828,  107,    0
   197,  9430,20150829,  106,    0
   197,  9430,20150830,  105,    0
   197,  9430,20150831,  122,    0
   197,  9430,20150901,  108,    0
   197,  9430,20150902,  129,    0
   197,  9430,20150903,  143,    0
   197,  9430,20150904,  103,    0
   197,  9430,20150905,  101,    0
   197,  9430,20150906,   91,    0
   197,  9430,20150907,  100,    0
   197,  9430,20150908,  119,    0
   197,  9430,20150909,  138,    0
   197,  9430,20150910,  132,    0
   197,  9430,20150911,  132,    0
   197,  9430,20150912,  142,    0
   197,  9430,20150913,  124,    0
   197,  9430,20150914,  157,    0
   197,  9430,20150915,  129,    0
   197,  9430,20150916,  115,    0
   197,  9430,20150917,  116,    0
   197,  9430,20150918,  112,    0
   197,  9430,20150919,   91,    0
   197,  9430,20150920,   85,    0
   197,  9430,20150921,   74,    0
   197,  9430,20150922,   98,    0
   197,  9430,20150923,  113,    0
   197,  9430,20150924,  104,    0
   197,  9430,20150925,   68,    0
   197,  9430,20150926,   78,    0
   197,  9430,20150927,   78,    0
   197,  9430,20150928,   79,    0
   197,  9430,20150929,   98,    0
   197,  9430,20150930,  103,    0
   197,  9430,20151001,   97,    0
   197,  9430,20151002,   89,    0
   197,  9430,20151003,   78,    0
   197,  9430,20151004,   81,    0
   197,  9430,20151005,   91,    0
   197,  9430,20151006,  102,    0
   197,  9430,20151007,   86,    0
   197,  9430,20151008,   74,    0
   197,  9430,20151009,   71,    0
   197,  9430,20151010,   75,    0
   197,  9430,20151011,   61,    0
   197,  9430,20151012,   63,    0
   197,  9430,20151013,   60,    0
   197,  9430,20151014,   27,    0
   197,  9430,20151015,   22,    0
   197,  9430,20151016,   28,    0
   197,  9430,20151017,   31,    0
   197,  9430,20151018,   28,    0
   197,  9430,20151019,   25,    0
   197,  9430,20151020,   35,    0
   197,  9430,20151021,   67,    0
   197,  9430,20151022,   89,    0
   197,  9430,20151023,   80,    0
   197,  9430,20151024,   79,    0
   197,  9430,20151025,   40,    0
   197,  9430,20151026,   49,    0
   197,  9430,20151027,   51,    0
   197,  9430,20151028,   44,    0
   197,  9430,20151029,   41,    0
   197,  9430,20151030,   74,    0
   197,  9430,20151031,   97,    0
   197,  9430,20151101,   97,    0
   197,  9430,20151102,   80,    0
   197,  9430,20151103,   83,    0
   197,  9430,20151104,   82,    0
   197,  9430,20151105,   86,    0
   197,  9430,20151106,   99,    0
   197,  9430,20151107,   74,    0
   197,  9430,20151108,   60,    0
   197,  9430,20151109,   53,    0
   197,  9430,20151110,   53,    0
   197,  9430,20151111,   53,    0
   197,  9430,20151112,   38,    0
   197,  9430,20151113,   41,    0
   197,  9430,20151114,   28,    0
   197,  9430,20151115,   41,    0
   197,  9430,20151116,   31,    0
   197,  9430,20151117,   29,    0
   197,  9430,20151118,   29,    0
   197,  9430,20151119,    2,    0
   197,  9430,20151120,  -41,    0
   197,  9430,20151121,  -65,    0
   197,  9430,20151122,  -78,    0
   197,  9430,20151123,  -38,    0
   197,  9430,20151124,   16,    0
   197,  9430,20151125,    8,    0
   197,  9430,20151126,   16,    0
   197,  9430,20151127,   65,    0
   197,  9430,20151128,    5,    0
   197,  9430,20151129,    2,    0
   197,  9430,20151130,    6,    0
   197,  9430,20151201,   -4,    0
   197,  9430,20151202,   16,    0
   197,  9430,20151203,   16,    0
   197,  9430,20151204,   12,    0
   197,  9430,20151205,   50,    0
   197,  9430,20151206,   32,    0
   197,  9430,20151207,    9,    0
   197,  9430,20151208,   31,    0
   197,  9430,20151209,   31,    0
   197,  9430,20151210,   36,    0
   197,  9430,20151211,   10,    0
   197,  9430,20151212,   -4,    0
   197,  9430,20151213,  -18,    0
   197,  9430,20151214,  -33,    0
   197,  9430,20151215,  -68,    0
   197,  9430,20151216,  -55,    0
   197,  9430,20151217,   12,    0
   197,  9430,20151218,   60,    0
   197,  9430,20151219,   61,    0
   197,  9430,20151220,   63,    0
   197,  9430,20151221,   49,    0
   197,  9430,20151222,   33,    0
   197,  9430,20151223,   38,    0
   197,  9430,20151224,   53,    0
   197,  9430,20151225,   18,    0
   197,  9430,20151226,  -45,    0
   197,  9430,20151227,  -26,    0
   197,  9430,20151228,  -27,    0
   197,  9430,20151229,   32,    0
   197,  9430,20151230,   70,    0
   197,  9430,20151231,   45,    0
   197,  9430,20160101,   16,    0
   197,  9430,20160102,   -6,    0
   197,  9430,20160103,  -54,    0
   197,  9430,20160104,  -84,    0
   197,  9430,20160105, -105,    0
   197,  9430,20160106, -118,    0
   197,  9430,20160107,  -98,    0
   197,  9430,20160108, -108,    0
   197,  9430,20160109,  -96,    0
   197,  9430,20160110,  -33,    0
   197,  9430,20160111,  -21,    0
   197,  9430,20160112,  -61,    0
   197,  9430,20160113,  -45,    0
   197,  9430,20160114,  -42,    0
   197,  9430,20160115,  -34,    0
   197,  9430,20160116,  -90,    0
   197,  9430,20160117, -121,    0
   197,  9430,20160118,  -60,    0
   197,  9430,20160119, -111,    0
   197,  9430,20160120, -132,    0
   197,  9430,20160121, -128,    0
   197,  9430,20160122,  -67,    0
   197,  9430,20160123,    2,    0
   197,  9430,20160124,   21,    0
   197,  9430,20160125,   42,    0
   197,  9430,20160126,   22,    0
   197,  9430,20160127,   29,    0
   197,  9430,20160128,   14,    0
   197,  9430,20160129,   34,    0
   197,  9430,20160130,   -1,    0
   197,  9430,20160131,  -11,    0
   197,  9430,20160201,   -4,    0
   197,  9430,20160202,   12,    0
   197,  9430,20160203,   -4,    0
   197,  9430,20160204,  -17,    0
   197,  9430,20160205,  -16,    0
   197,  9430,20160206,   21,    0
   197,  9430,20160207,   20,    0
   197,  9430,20160208,   20,    0
   197,  9430,20160209,   10,    0
   197,  9430,20160210,   -3,    0
   197,  9430,20160211,  -25,    0
   197,  9430,20160212,  -79,    0
   197,  9430,20160213,  -97,    0
   197,  9430,20160214, -108,    0
   197,  9430,20160215,  -94,    0
   197,  9430,20160216,  -42,    0
   197,  9430,20160217,    9,    0
   197,  9430,20160218,  -38,    0
   197,  9430,20160219,  -12,    0
   197,  9430,20160220,    3,    0
   197,  9430,20160221,    0,    0
   197,  9430,20160222,    3,    0
   197,  9430,20160223,    4,    0
   197,  9430,20160224,  -16,    0
   197,  9430,20160225,  -33,    0
   197,  9430,20160226,   -5,    0
   197,  9430,20160227,   -7,    0
   197,  9430,20160228,  -12,    0
   197,  9430,20160229,  -40,    0
   197,  9430,20160301,   -8,    0
   197,  9430,20160302,    2,    0
   197,  9430,20160303,  -17,    0
   197,  9430,20160304,   11,    0
   197,  9430,20160305,   -3,    0
   197,  9430,20160306,  -16,    0
   197,  9430,20160307,  -14,    0
   197,  9430,20160308,  -35,    0
   197,  9430,20160309,   -6,    0
   197,  9430,20160310,    7,    0
   197,  9430,20160311,  -11,    0
   197,  9430,20160312,  -11,    0
   197,  9430,20160313,   16,    0
   197,  9430,20160314,   41,    0
   197,  9430,20160315,   42,    0
   197,  9430,20160316,   57,    0
   197,  9430,20160317,   51,    0
   197,  9430,20160318,   41,    0
   197,  9430,20160319,   26,    0
   197,  9430,20160320,   29,    0
   197,  9430,20160321,   21,    0
   197,  9430,20160322,   23,    0
   197,  9430,20160323,   13,    0
   197,  9430,20160324,  -10,    0
   197,  9430,20160325,   20,    0
   197,  9430,20160326,   44,    0
   197,  9430,20160327,   49,    0
   197,  9430,20160328,   58,    0
   197,  9430,20160329,   33,    0
   197,  9430,20160330,    3,    0
   197,  9430,20160331,    4,    0
   197,  9430,20160401,    8,    0
   197,  9430,20160402,   31,    0
   197,  9430,20160403,   41,    0
   197,  9430,20160404,   73,    0
   197,  9430,20160405,   53,    0
   197,  9430,20160406,   38,    0
   197,  9430,20160407,   40,    0
   197,  9430,20160408,   29,    0
   197,  9430,20160409,   27,    0
   197,  9430,20160410,   34,    0
   197,  9430,20160411,   45,    0
   197,  9430,20160412,   45,    0
   197,  9430,20160413,   47,    0
   197,  9430,20160414,   32,    0
   197,  9430,20160415,   19,    0
   197,  9430,20160416,   29,    0
   197,  9430,20160417,   35,    0
   197,  9430,20160418,   28,    0
   197,  9430,20160419,-9999,    9
   197,  9430,20160420,-9999,    9
   197,  9430,20160421,-9999,    9
   197,  9430,20160422,-9999,    9
   197,  9430,20160423,-9999,    9
   197,  9430,20160424,-9999,    9
   197,  9430,20160425,   10,    0
   197,  9430,20160426,   28,    0
   197,  9430,20160427,   37,    0
   197,  9430,20160428,   42,    0
   197,  9430,20160429,   43,    0
   197,  9430,20160430,   58,    0
   197,  9430,20160501,   55,    0
   197,  9430,20160502,   63,    0
   197,  9430,20160503,   54,    0
   197,  9430,20160504,   76,    0
   197,  9430,20160505,   91,    0
   197,  9430,20160506,   95,    0
   197,  9430,20160507,  121,    0
   197,  9430,20160508,  145,    0
   197,  9430,20160509,  140,    0
   197,  9430,20160510,  135,    0
   197,  9430,20160511,  136,    0
   197,  9430,20160512,  107,    0
   197,  9430,20160513,   54,    0
   197,  9430,20160514,   52,    0
   197,  9430,20160515,   68,    0
   197,  9430,20160516,   72,    0
   197,  9430,20160517,   64,    0
   197,  9430,20160518,   55,    0
   197,  9430,20160519,   97,    0
   197,  9430,20160520,   80,    0
   197,  9430,20160521,   92,    0
   197,  9430,20160522,   96,    0
   197,  9430,20160523,  107,    0
   197,  9430,20160524,  119,    0
   197,  9430,20160525,  126,    0
   197,  9430,20160526,  134,    0
   197,  9430,20160527,  144,    0
   197,  9430,20160528,   96,    0
   197,  9430,20160529,  116,    0
   197,  9430,20160530,  113,    0
   197,  9430,20160531,  165,    0
   197,  9430,20160601,  147,    0
   197,  9430,20160602,  180,    0
   197,  9430,20160603,  195,    0
   197,  9430,20160604,  193,    0
   197,  9430,20160605,  184,    0
   197,  9430,20160606,  180,    0
   197,  9430,20160607,  159,    0
   197,  9430,20160608,  137,    0
   197,  9430,20160609,  118,    0
   197,  9430,20160610,  107,    0
   197,  9430,20160611,  121,    0
   197,  9430,20160612,  133,    0
   197,  9430,20160613,  145,    0
   197,  9430,20160614,  160,    0
   197,  9430,20160615,  154,    0
   197,  9430,20160616,  144,    0
   197,  9430,20160617,  146,    0
   197,  9430,20160618,  144,    0
   197,  9430,20160619,  115,    0
   197,  9430,20160620,   97,    0
   197,  9430,20160621,  123,    0
   197,  9430,20160622,  138,    0
   197,  9430,20160623,  159,    0
   197,  9430,20160624,  129,    0
   197,  9430,20160625,  156,    0
   197,  9430,20160626,  134,    0
   197,  9430,20160627,  118,    0
   197,  9430,20160628,   98,    0
   197,  9430,20160629,  106,    0
   197,  9430,20160630,  116,    0
   197,  9430,20160701,  102,    0
   197,  9430,20160702,  105,    0
   197,  9430,20160703,   88,    0
   197,  9430,20160704,   99,    0
   197,  9430,20160705,  109,    0
   197,  9430,20160706,  101,    0
   197,  9430,20160707,  105,    0
   197,  9430,20160708,  133,    0
   197,  9430,20160709,  114,    0
   197,  9430,20160710,  115,    0
   197,  9430,20160711,  136,    0
   197,  9430,20160712,  134,    0
   197,  9430,20160713,  151,    0
   197,  9430,20160714,  140,    0
   197,  9430,20160715,  133,    0
   197,  9430,20160716,  105,    0
   197,  9430,20160717,  100,    0
   197,  9430,20160718,  120,    0
   197,  9430,20160719,  112,    0
   197,  9430,20160720,  179,    0
   197,  9430,20160721,  183,    0
   197,  9430,20160722,  183,    0
   197,  9430,20160723,  179,    0
   197,  9430,20160724,  188,    0
   197,  9430,20160725,  165,    0
   197,  9430,20160726,  130,    0
   197,  9430,20160727,  124,    0
   197,  9430,20160728,  118,    0
   197,  9430,20160729,  118,    0
   197,  9430,20160730,  111,    0
   197,  9430,20160731,  104,    0
   197,  9430,20160801,  107,    0
   197,  9430,20160802,  113,    0
   197,  9430,20160803,  136,    0
   197,  9430,20160804,  142,    0
   197,  9430,20160805,  139,    0
   197,  9430,20160806,  118,    0
   197,  9430,20160807,  107,    0
   197,  9430,20160808,  107,    0
   197,  9430,20160809,   93,    0
   197,  9430,20160810,   81,    0
   197,  9430,20160811,   90,    0
   197,  9430,20160812,   89,    0
   197,  9430,20160813,  115,    0
   197,  9430,20160814,  117,    0
   197,  9430,20160815,  130,    0
   197,  9430,20160816,  158,    0
   197,  9430,20160817,  167,    0
   197,  9430,20160818,  161,    0
   197,  9430,20160819,  142,    0
   197,  9430,20160820,  143,    0
   197,  9430,20160821,  149,    0
   197,  9430,20160822,  152,    0
   197,  9430,20160823,  166,    0
   197,  9430,20160824,  139,    0
   197,  9430,20160825,  156,    0
   197,  9430,20160826,  124,    0
   197,  9430,20160827,  111,    0
   197,  9430,20160828,  121,    0
   197,  9430,20160829,  115,    0
   197,  9430,20160830,  118,    0
   197,  9430,20160831,  134,    0
   197,  9430,20160901,  113,    0
   197,  9430,20160902,  108,    0
   197,  9430,20160903,  104,    0
   197,  9430,20160904,  120,    0
   197,  9430,20160905,  124,    0
   197,  9430,20160906,  150,    0
   197,  9430,20160907,  131,    0
   197,  9430,20160908,  162,    0
   197,  9430,20160909,  150,    0
   197,  9430,20160910,  136,    0
   197,  9430,20160911,  120,    0
   197,  9430,20160912,  132,    0
   197,  9430,20160913,  168,    0
   197,  9430,20160914,  149,    0
   197,  9430,20160915,  166,    0
   197,  9430,20160916,  182,    0
   197,  9430,20160917,  159,    0
   197,  9430,20160918,  156,    0
   197,  9430,20160919,  143,    0
   197,  9430,20160920,  129,    0
   197,  9430,20160921,  140,    0
   197,  9430,20160922,  123,    0
   197,  9430,20160923,  105,    0
   197,  9430,20160924,  104,    0
   197,  9430,20160925,  162,    0
   197,  9430,20160926,  110,    0
   197,  9430,20160927,   95,    0
   197,  9430,20160928,   90,    0
   197,  9430,20160929,   85,    0
   197,  9430,20160930,   59,    0
   197,  9430,20161001,   60,    0
   197,  9430,20161002,   65,    0
   197,  9430,20161003,   61,    0
   197,  9430,20161004,   61,    0
   197,  9430,20161005,   58,    0
   197,  9430,20161006,   61,    0
   197,  9430,20161007,   82,    0
   197,  9430,20161008,   58,    0
   197,  9430,20161009,   36,    0
   197,  9430,20161010,   61,    0
   197,  9430,20161011,   40,    0
   197,  9430,20161012,   21,    0
   197,  9430,20161013,   12,    0
   197,  9430,20161014,   40,    0
   197,  9430,20161015,   61,    0
   197,  9430,20161016,   72,    0
   197,  9430,20161017,   85,    0
   197,  9430,20161018,   96,    0
   197,  9430,20161019,   64,    0
   197,  9430,20161020,   40,    0
   197,  9430,20161021,   29,    0
   197,  9430,20161022,   31,    0
   197,  9430,20161023,   36,    0
   197,  9430,20161024,   43,    0
   197,  9430,20161025,   34,    0
   197,  9430,20161026,   55,    0
   197,  9430,20161027,   77,    0
   197,  9430,20161028,-9999,    9
   197,  9430,20161029,   30,    0
   197,  9430,20161030,   19,    0
   197,  9430,20161031,   45,    0
   197,  9430,20161101,   37,    0
   197,  9430,20161102,   -5,    0
   197,  9430,20161103,  -17,    0
   197,  9430,20161104,  -10,    0
   197,  9430,20161105,   -2,    0
   197,  9430,20161106,  -31,    0
   197,  9430,20161107,  -77,    0
   197,  9430,20161108,  -93,    0
   197,  9430,20161109,  -59,    0
   197,  9430,20161110,  -70,    0
   197,  9430,20161111,  -55,    0
   197,  9430,20161112,    6,    0
   197,  9430,20161113,   21,    0
   197,  9430,20161114,   36,    0
   197,  9430,20161115,   54,    0
   197,  9430,20161116,   35,    0
   197,  9430,20161117,    4,    0
   197,  9430,20161118,    7,    0
   197,  9430,20161119,    9,    0
   197,  9430,20161120,   -4,    0
   197,  9430,20161121,   -5,    0
   197,  9430,20161122,    6,    0
   197,  9430,20161123,   18,    0
   197,  9430,20161124,   14,    0
   197,  9430,20161125,   51,    0
   197,  9430,20161126,   35,    0
   197,  9430,20161127,    2,    0
   197,  9430,20161128,  -44,    0
   197,  9430,20161129,   -9,    0
   197,  9430,20161130,    6,    0
   197,  9430,20161201,   15,    0
   197,  9430,20161202,  -25,    0
   197,  9430,20161203,  -11,    0
   197,  9430,20161204,   21,    0
   197,  9430,20161205,   30,    0
   197,  9430,20161206,  -29,    0
   197,  9430,20161207,   11,    0
   197,  9430,20161208,   75,    0
   197,  9430,20161209,   52,    0
   197,  9430,20161210,   38,    0
   197,  9430,20161211,   23,    0
   197,  9430,20161212,   -5,    0
   197,  9430,20161213,    1,    0
   197,  9430,20161214,  -41,    0
   197,  9430,20161215,    4,    0
   197,  9430,20161216,   28,    0
   197,  9430,20161217,   28,    0
   197,  9430,20161218,   14,    0
   197,  9430,20161219,   39,    0
   197,  9430,20161220,   57,    0
   197,  9430,20161221,   40,    0
   197,  9430,20161222,   25,    0
   197,  9430,20161223,   14,    0
   197,  9430,20161224,   15,    0
   197,  9430,20161225,   32,    0
   197,  9430,20161226,   19,    0
   197,  9430,20161227,    5,    0
   197,  9430,20161228,   17,    0
   197,  9430,20161229,   50,    0
   197,  9430,20161230,   63,    0
   197,  9430,20161231,   32,    0
   197,  9430,20170101,   -6,    0
   197,  9430,20170102,  -33,    0
   197,  9430,20170103,  -14,    0
   197,  9430,20170104,  -34,    0
   197,  9430,20170105, -114,    0
   197,  9430,20170106,  -38,    0
   197,  9430,20170107,    2,    0
   197,  9430,20170108,  -13,    0
   197,  9430,20170109,   28,    0
   197,  9430,20170110,   11,    0
   197,  9430,20170111,   12,    0
   197,  9430,20170112,    1,    0
   197,  9430,20170113,  -13,    0
   197,  9430,20170114,  -50,    0
   197,  9430,20170115, -113,    0
   197,  9430,20170116, -108,    0
   197,  9430,20170117,  -28,    0
   197,  9430,20170118,   25,    0
   197,  9430,20170119,   54,    0
   197,  9430,20170120,   57,    0
   197,  9430,20170121,   20,    0
   197,  9430,20170122,   -4,    0
   197,  9430,20170123,    9,    0
   197,  9430,20170124,    7,    0
   197,  9430,20170125,   59,    0
   197,  9430,20170126,   20,    0
   197,  9430,20170127,   16,    0
   197,  9430,20170128,   16,    0
   197,  9430,20170129,   24,    0
   197,  9430,20170130,  -14,    0
   197,  9430,20170131,  -51,    0
   197,  9430,20170201,  -33,    0
   197,  9430,20170202,   34,    0
   197,  9430,20170203,   39,    0
   197,  9430,20170204,   44,    0
   197,  9430,20170205,   27,    0
   197,  9430,20170206,   11,    0
   197,  9430,20170207,  -47,    0
   197,  9430,20170208,  -71,    0
   197,  9430,20170209,  -64,    0
   197,  9430,20170210,  -36,    0
   197,  9430,20170211,  -26,    0
   197,  9430,20170212,  -40,    0
   197,  9430,20170213,  -31,    0
   197,  9430,20170214,  -14,    0
   197,  9430,20170215,  -16,    0
   197,  9430,20170216,   19,    0
   197,  9430,20170217,   18,    0
   197,  9430,20170218,    8,    0
   197,  9430,20170219,   45,    0
   197,  9430,20170220,   42,    0
   197,  9430,20170221,   13,    0
   197,  9430,20170222,   11,    0
   197,  9430,20170223,  -29,    0
   197,  9430,20170224,  -53,    0
   197,  9430,20170225,  -44,    0
   197,  9430,20170226,    0,    0
   197,  9430,20170227,   39,    0
   197,  9430,20170228,   24,    0
   197,  9430,20170301,   -2,    0
   197,  9430,20170302,  -10,    0
   197,  9430,20170303,   -9,    0
   197,  9430,20170304,    4,    0
   197,  9430,20170305,    8,    0
   197,  9430,20170306,  -25,    0
   197,  9430,20170307,  -55,    0
   197,  9430,20170308,  -70,    0
   197,  9430,20170309,    8,    0
   197,  9430,20170310,   11,    0
   197,  9430,20170311,   11,    0
   197,  9430,20170312,   19,    0
   197,  9430,20170313,   33,    0
   197,  9430,20170314,   38,    0
   197,  9430,20170315,   21,    0
   197,  9430,20170316,   24,    0
   197,  9430,20170317,    5,    0
   197,  9430,20170318,   -9,    0
   197,  9430,20170319,  -16,    0
   197,  9430,20170320,   21,    0
   197,  9430,20170321,   21,    0
   197,  9430,20170322,   -3,    0
   197,  9430,20170323,   -9,    0
   197,  9430,20170324,   20,    0
   197,  9430,20170325,   34,    0
   197,  9430,20170326,   41,    0
   197,  9430,20170327,   49,    0
   197,  9430,20170328,   53,    0
   197,  9430,20170329,   40,    0
   197,  9430,20170330,   12,    0
   197,  9430,20170331,   41,    0
   197,  9430,20170401,   68,    0
   197,  9430,20170402,   51,    0
   197,  9430,20170403,   64,    0
   197,  9430,20170404,   54,    0
   197,  9430,20170405,   32,    0
   197,  9430,20170406,   44,    0
   197,  9430,20170407,   64,    0
   197,  9430,20170408,   58,    0
   197,  9430,20170409,   65,    0
   197,  9430,20170410,   22,    0
   197,  9430,20170411,   16,    0
   197,  9430,20170412,   26,    0
   197,  9430,20170413,   26,    0
   197,  9430,20170414,   24,    0
   197,  9430,20170415,   28,    0
   197,  9430,20170416,   21,    0
   197,  9430,20170417,   16,    0
   197,  9430,20170418,   13,    0
   197,  9430,20170419,   27,    0
   197,  9430,20170420,   54,    0
   197,  9430,20170421,   13,    0
   197,  9430,20170422,   23,    0
   197,  9430,20170423,    9,    0
   197,  9430,20170424,    4,    0
   197,  9430,20170425,   19,    0
   197,  9430,20170426,   23,    0
   197,  9430,20170427,   25,    0
   197,  9430,20170428,   46,    0
   197,  9430,20170429,   51,    0
   197,  9430,20170430,   46,    0
   197,  9430,20170501,   66,    0
   197,  9430,20170502,   87,    0
   197,  9430,20170503,   97,    0
   197,  9430,20170504,   96,    0
   197,  9430,20170505,  120,    0
   197,  9430,20170506,  132,    0
   197,  9430,20170507,  105,    0
   197,  9430,20170508,   61,    0
   197,  9430,20170509,   36,    0
   197,  9430,20170510,   41,    0
   197,  9430,20170511,   52,    0
   197,  9430,20170512,   80,    0
   197,  9430,20170513,   88,    0
   197,  9430,20170514,   89,    0
   197,  9430,20170515,  111,    0
   197,  9430,20170516,   96,    0
   197,  9430,20170517,  118,    0
   197,  9430,20170518,   96,    0
   197,  9430,20170519,  136,    0
   197,  9430,20170520,  139,    0
   197,  9430,20170521,   97,    0
   197,  9430,20170522,   98,    0
   197,  9430,20170523,  115,    0
   197,  9430,20170524,  100,    0
   197,  9430,20170525,   91,    0
   197,  9430,20170526,  128,    0
   197,  9430,20170527,  174,    0
   197,  9430,20170528,  161,    0
   197,  9430,20170529,  143,    0
   197,  9430,20170530,  128,    0
   197,  9430,20170531,   91,    0
   197,  9430,20170601,   95,    0
   197,  9430,20170602,   91,    0
   197,  9430,20170603,  131,    0
   197,  9430,20170604,  104,    0
   197,  9430,20170605,   96,    0
   197,  9430,20170606,  112,    0
   197,  9430,20170607,  150,    0
   197,  9430,20170608,  110,    0
   197,  9430,20170609,  113,    0
   197,  9430,20170610,  126,    0
   197,  9430,20170611,  120,    0
   197,  9430,20170612,  112,    0
   197,  9430,20170613,  108,    0
   197,  9430,20170614,  123,    0
   197,  9430,20170615,  129,    0
   197,  9430,20170616,  125,    0
   197,  9430,20170617,  117,    0
   197,  9430,20170618,  114,    0
   197,  9430,20170619,   98,    0
   197,  9430,20170620,   82,    0
   197,  9430,20170621,  100,    0
   197,  9430,20170622,  103,    0
   197,  9430,20170623,  112,    0
   197,  9430,20170624,   90,    0
   197,  9430,20170625,   74,    0
   197,  9430,20170626,   92,    0
   197,  9430,20170627,  108,    0
   197,  9430,20170628,  149,    0
   197,  9430,20170629,  157,    0
   197,  9430,20170630,  185,    0
   197,  9430,20170701,  150,    0
   197,  9430,20170702,  101,    0
   197,  9430,20170703,  105,    0
   197,  9430,20170704,  121,    0
   197,  9430,20170705,  124,    0
   197,  9430,20170706,  123,    0
   197,  9430,20170707,  114,    0
   197,  9430,20170708,  114,    0
   197,  9430,20170709,  101,    0
   197,  9430,20170710,  117,    0
   197,  9430,20170711,  109,    0
   197,  9430,20170712,  101,    0
   197,  9430,20170713,  108,    0
   197,  9430,20170714,  113,    0
   197,  9430,20170715,  138,    0
   197,  9430,20170716,  107,    0
   197,  9430,20170717,   91,    0
   197,  9430,20170718,  116,    0
   197,  9430,20170719,  151,    0
   197,  9430,20170720,  188,    0
   197,  9430,20170721,  168,    0
   197,  9430,20170722,  179,    0
   197,  9430,20170723,  194,    0
   197,  9430,20170724,  152,    0
   197,  9430,20170725,  162,    0
   197,  9430,20170726,  166,    0
   197,  9430,20170727,  149,    0
   197,  9430,20170728,  127,    0
   197,  9430,20170729,  131,    0
   197,  9430,20170730,  142,    0
   197,  9430,20170731,  121,    0
   197,  9430,20170801,  120,    0
   197,  9430,20170802,  120,    0
   197,  9430,20170803,  125,    0
   197,  9430,20170804,  131,    0
   197,  9430,20170805,  139,    0
   197,  9430,20170806,  120,    0
   197,  9430,20170807,  112,    0
   197,  9430,20170808,  118,    0
   197,  9430,20170809,  140,    0
   197,  9430,20170810,  125,    0
   197,  9430,20170811,  127,    0
   197,  9430,20170812,  121,    0
   197,  9430,20170813,   93,    0
   197,  9430,20170814,  110,    0
   197,  9430,20170815,  117,    0
   197,  9430,20170816,  131,    0
   197,  9430,20170817,  126,    0
   197,  9430,20170818,  140,    0
   197,  9430,20170819,  119,    0
   197,  9430,20170820,  127,    0
   197,  9430,20170821,  123,    0
   197,  9430,20170822,  130,    0
   197,  9430,20170823,  119,    0
   197,  9430,20170824,  125,    0
   197,  9430,20170825,  137,    0
   197,  9430,20170826,  128,    0
   197,  9430,20170827,  121,    0
   197,  9430,20170828,  135,    0
   197,  9430,20170829,  107,    0
   197,  9430,20170830,   97,    0
   197,  9430,20170831,  106,    0
   197,  9430,20170901,  106,    0
   197,  9430,20170902,  105,    0
   197,  9430,20170903,  119,    0
   197,  9430,20170904,  126,    0
   197,  9430,20170905,  127,    0
   197,  9430,20170906,  136,    0
   197,  9430,20170907,  111,    0
   197,  9430,20170908,  115,    0
   197,  9430,20170909,  102,    0
   197,  9430,20170910,  103,    0
   197,  9430,20170911,  101,    0
   197,  9430,20170912,  101,    0
   197,  9430,20170913,  100,    0
   197,  9430,20170914,   89,    0
   197,  9430,20170915,   93,    0
   197,  9430,20170916,  101,    0
   197,  9430,20170917,  100,    0
   197,  9430,20170918,  110,    0
   197,  9430,20170919,  104,    0
   197,  9430,20170920,  100,    0
   197,  9430,20170921,   95,    0
   197,  9430,20170922,  109,    0
   197,  9430,20170923,  117,    0
   197,  9430,20170924,  124,    0
   197,  9430,20170925,  141,    0
   197,  9430,20170926,  137,    0
   197,  9430,20170927,  143,    0
   197,  9430,20170928,  138,    0
   197,  9430,20170929,  130,    0
   197,  9430,20170930,  109,    0
   197,  9430,20171001,  118,    0
   197,  9430,20171002,  104,    0
   197,  9430,20171003,   76,    0
   197,  9430,20171004,   47,    0
   197,  9430,20171005,   53,    0
   197,  9430,20171006,   66,    0
   197,  9430,20171007,   49,    0
   197,  9430,20171008,   29,    0
   197,  9430,20171009,   27,    0
   197,  9430,20171010,   44,    0
   197,  9430,20171011,   54,    0
   197,  9430,20171012,   66,    0
   197,  9430,20171013,   68,    0
   197,  9430,20171014,   89,    0
   197,  9430,20171015,   98,    0
   197,  9430,20171016,   77,    0
   197,  9430,20171017,   70,    0
   197,  9430,20171018,   40,    0
   197,  9430,20171019,   32,    0
   197,  9430,20171020,   98,    0
   197,  9430,20171021,   95,    0
   197,  9430,20171022,   86,    0
   197,  9430,20171023,   64,    0
   197,  9430,20171024,   49,    0
   197,  9430,20171025,   58,    0
   197,  9430,20171026,   49,    0
   197,  9430,20171027,   49,    0
   197,  9430,20171028,   56,    0
   197,  9430,20171029,   33,    0
   197,  9430,20171030,   18,    0
   197,  9430,20171031,   22,    0
   197,  9430,20171101,   66,    0
   197,  9430,20171102,   59,    0
   197,  9430,20171103,   48,    0
   197,  9430,20171104,   58,    0
   197,  9430,20171105,   40,    0
   197,  9430,20171106,    6,    0
   197,  9430,20171107,   55,    0
   197,  9430,20171108,   50,    0
   197,  9430,20171109,   38,    0
   197,  9430,20171110,    8,    0
   197,  9430,20171111,    5,    0
   197,  9430,20171112,   14,    0
   197,  9430,20171113,  -12,    0
   197,  9430,20171114,   -7,    0
   197,  9430,20171115,   19,    0
   197,  9430,20171116,   16,    0
   197,  9430,20171117,   23,    0
   197,  9430,20171118,   11,    0
   197,  9430,20171119,   -7,    0
   197,  9430,20171120,  -22,    0
   197,  9430,20171121,  -39,    0
   197,  9430,20171122,  -18,    0
   197,  9430,20171123,   13,    0
   197,  9430,20171124,    9,    0
   197,  9430,20171125,    4,    0
   197,  9430,20171126,    0,    0
   197,  9430,20171127,  -37,    0
   197,  9430,20171128,  -28,    0
   197,  9430,20171129,  -88,    0
   197,  9430,20171130,  -93,    0
   197,  9430,20171201,  -83,    0
   197,  9430,20171202,  -27,    0
   197,  9430,20171203,    8,    0
   197,  9430,20171204,   -4,    0
   197,  9430,20171205,   34,    0
   197,  9430,20171206,   24,    0
   197,  9430,20171207,   45,    0
   197,  9430,20171208,    9,    0
   197,  9430,20171209,  -11,    0
   197,  9430,20171210,  -30,    0
   197,  9430,20171211,  -47,    0
   197,  9430,20171212,  -50,    0
   197,  9430,20171213,  -46,    0
   197,  9430,20171214,  -38,    0
   197,  9430,20171215,  -91,    0
   197,  9430,20171216, -106,    0
   197,  9430,20171217,  -73,    0
   197,  9430,20171218,    4,    0
   197,  9430,20171219,   10,    0
   197,  9430,20171220,   37,    0
   197,  9430,20171221,   23,    0
   197,  9430,20171222,   20,    0
   197,  9430,20171223,   57,    0
   197,  9430,20171224,   13,    0
   197,  9430,20171225,   15,    0
   197,  9430,20171226,    8,    0
   197,  9430,20171227,    5,    0
   197,  9430,20171228,  -35,    0
   197,  9430,20171229,  -34,    0
   197,  9430,20171230,  -27,    0
   197,  9430,20171231,   -8,    0
   197,  9430,20180101,    7,    0
   197,  9430,20180102,    1,    0
   197,  9430,20180103,  -11,    0
   197,  9430,20180104,  -22,    0
   197,  9430,20180105,  -47,    0
   197,  9430,20180106,  -88,    0
   197,  9430,20180107,  -35,    0
   197,  9430,20180108,   -3,    0
   197,  9430,20180109,  -39,    0
   197,  9430,20180110,   48,    0
   197,  9430,20180111,   16,    0
   197,  9430,20180112,  -16,    0
   197,  9430,20180113,  -34,    0
   197,  9430,20180114,   -9,    0
   197,  9430,20180115,    5,    0
   197,  9430,20180116,   -7,    0
   197,  9430,20180117,  -41,    0
   197,  9430,20180118,  -59,    0
   197,  9430,20180119,  -36,    0
   197,  9430,20180120,  -32,    0
   197,  9430,20180121,  -66,    0
   197,  9430,20180122,  -29,    0
   197,  9430,20180123,    3,    0
   197,  9430,20180124,   30,    0
   197,  9430,20180125,   23,    0
   197,  9430,20180126,   -8,    0
   197,  9430,20180127,  -16,    0
   197,  9430,20180128,   15,    0
   197,  9430,20180129,    7,    0
   197,  9430,20180130,    4,    0
   197,  9430,20180131,    8,    0
   197,  9430,20180201,  -17,    0
   197,  9430,20180202,  -51,    0
   197,  9430,20180203,  -99,    0
   197,  9430,20180204,  -96,    0
   197,  9430,20180205,  -56,    0
   197,  9430,20180206,  -47,    0
   197,  9430,20180207,  -46,    0
   197,  9430,20180208,  -12,    0
   197,  9430,20180209,    6,    0
   197,  9430,20180210,   -2,    0
   197,  9430,20180211,   -1,    0
   197,  9430,20180212,  -36,    0
   197,  9430,20180213,  -21,    0
   197,  9430,20180214,   15,    0
   197,  9430,20180215,    5,    0
   197,  9430,20180216,  -11,    0
   197,  9430,20180217,   -8,    0
   197,  9430,20180218,    4,    0
   197,  9430,20180219,  -14,    0
   197,  9430,20180220,  -38,    0
   197,  9430,20180221,  -27,    0
   197,  9430,20180222,  -54,    0
   197,  9430,20180223,  -53,    0
   197,  9430,20180224,  -55,    0
   197,  9430,20180225,  -32,    0
   197,  9430,20180226,  -28,    0
   197,  9430,20180227,  -92,    0
   197,  9430,20180228, -127,    0
   197,  9430,20180301, -122,    0
   197,  9430,20180302,  -87,    0
   197,  9430,20180303,  -46,    0
   197,  9430,20180304,  -51,    0
   197,  9430,20180305,  -40,    0
   197,  9430,20180306,  -53,    0
   197,  9430,20180307,  -29,    0
   197,  9430,20180308,    5,    0
   197,  9430,20180309,  -12,    0
   197,  9430,20180310,  -22,    0
   197,  9430,20180311,   -4,    0
   197,  9430,20180312,   -7,    0
   197,  9430,20180313,  -21,    0
   197,  9430,20180314,  -30,    0
   197,  9430,20180315,  -19,    0
   197,  9430,20180316,  -57,    0
   197,  9430,20180317,  -71,    0
   197,  9430,20180318,  -51,    0
   197,  9430,20180319,   -4,    0
   197,  9430,20180320,  -16,    0
   197,  9430,20180321,    4,    0
   197,  9430,20180322,   11,    0
   197,  9430,20180323,   36,    0
   197,  9430,20180324,   43,    0
   197,  9430,20180325,   20,    0
   197,  9430,20180326,   11,    0
   197,  9430,20180327,  -13,    0
   197,  9430,20180328,  -22,    0
   197,  9430,20180329,  -26,    0
   197,  9430,20180330,  -35,    0
   197,  9430,20180331,  -43,    0
   197,  9430,20180401,  -47,    0
   197,  9430,20180402,  -40,    0
   197,  9430,20180403,  -34,    0
   197,  9430,20180404,    6,    0
   197,  9430,20180405,   11,    0
   197,  9430,20180406,   15,    0
   197,  9430,20180407,   26,    0
   197,  9430,20180408,   30,    0
   197,  9430,20180409,   27,    0
   197,  9430,20180410,   40,    0
   197,  9430,20180411,   49,    0
   197,  9430,20180412,   63,    0
   197,  9430,20180413,   85,    0
   197,  9430,20180414,   98,    0
   197,  9430,20180415,   92,    0
   197,  9430,20180416,   70,    0
   197,  9430,20180417,   70,    0
   197,  9430,20180418,   74,    0
   197,  9430,20180419,   99,    0
   197,  9430,20180420,   88,    0
   197,  9430,20180421,   52,    0
   197,  9430,20180422,   62,    0
   197,  9430,20180423,   56,    0
   197,  9430,20180424,   43,    0
   197,  9430,20180425,   43,    0
   197,  9430,20180426,   46,    0
   197,  9430,20180427,   49,    0
   197,  9430,20180428,   41,    0
   197,  9430,20180429,   43,    0
   197,  9430,20180430,   67,    0
   197,  9430,20180501,   60,    0
   197,  9430,20180502,   69,    0
   197,  9430,20180503,   55,    0
   197,  9430,20180504,   52,    0
   197,  9430,20180505,   95,    0
   197,  9430,20180506,   98,    0
   197,  9430,20180507,  108,    0
   197,  9430,20180508,  143,    0
   197,  9430,20180509,  169,    0
   197,  9430,20180510,  130,    0
   197,  9430,20180511,  106,    0
   197,  9430,20180512,  128,    0
   197,  9430,20180513,  135,    0
   197,  9430,20180514,  164,    0
   197,  9430,20180515,  167,    0
   197,  9430,20180516,  105,    0
   197,  9430,20180517,   99,    0
   197,  9430,20180518,  121,    0
   197,  9430,20180519,  131,    0
   197,  9430,20180520,  131,    0
   197,  9430,20180521,  157,    0
   197,  9430,20180522,  150,    0
   197,  9430,20180523,  158,    0
   197,  9430,20180524,  159,    0
   197,  9430,20180525,  171,    0
   197,  9430,20180526,  184,    0
   197,  9430,20180527,  201,    0
   197,  9430,20180528,  194,    0
   197,  9430,20180529,  197,    0
   197,  9430,20180530,  219,    0
   197,  9430,20180531,  222,    0
   197,  9430,20180601,  212,    0
   197,  9430,20180602,  214,    0
   197,  9430,20180603,  200,    0
   197,  9430,20180604,  166,    0
   197,  9430,20180605,  171,    0
   197,  9430,20180606,  161,    0
   197,  9430,20180607,  175,    0
   197,  9430,20180608,  193,    0
   197,  9430,20180609,  200,    0
   197,  9430,20180610,  169,    0
   197,  9430,20180611,  120,    0
   197,  9430,20180612,  125,    0
   197,  9430,20180613,  128,    0
   197,  9430,20180614,  107,    0
   197,  9430,20180615,   90,    0
   197,  9430,20180616,  125,    0
   197,  9430,20180617,  118,    0
   197,  9430,20180618,  102,    0
   197,  9430,20180619,   79,    0
   197,  9430,20180620,   85,    0
   197,  9430,20180621,   84,    0
   197,  9430,20180622,  102,    0
   197,  9430,20180623,  107,    0
   197,  9430,20180624,  113,    0
   197,  9430,20180625,  132,    0
   197,  9430,20180626,  147,    0
   197,  9430,20180627,  171,    0
   197,  9430,20180628,  155,    0
   197,  9430,20180629,  164,    0
   197,  9430,20180630,  177,    0
   197,  9430,20180701,  185,    0
   197,  9430,20180702,  166,    0
   197,  9430,20180703,  163,    0
   197,  9430,20180704,  206,    0
   197,  9430,20180705,  151,    0
   197,  9430,20180706,  127,    0
   197,  9430,20180707,  142,    0
   197,  9430,20180708,  149,    0
   197,  9430,20180709,  153,    0
   197,  9430,20180710,  206,    0
   197,  9430,20180711,  211,    0
   197,  9430,20180712,  191,    0
   197,  9430,20180713,  147,    0
   197,  9430,20180714,  160,    0
   197,  9430,20180715,  193,    0
   197,  9430,20180716,  204,    0
   197,  9430,20180717,  189,    0
   197,  9430,20180718,  167,    0
   197,  9430,20180719,  160,    0
   197,  9430,20180720,  161,    0
   197,  9430,20180721,  157,    0
   197,  9430,20180722,  162,    0
   197,  9430,20180723,  175,    0
   197,  9430,20180724,  169,    0
   197,  9430,20180725,  164,    0
   197,  9430,20180726,  185,    0
   197,  9430,20180727,  232,    0
   197,  9430,20180728,  225,    0
   197,  9430,20180729,  190,    0
   197,  9430,20180730,  200,    0
   197,  9430,20180731,  172,    0
   197,  9430,20180801,  160,    0
   197,  9430,20180802,  140,    0
   197,  9430,20180803,  155,    0
   197,  9430,20180804,  140,    0
   197,  9430,20180805,  108,    0
   197,  9430,20180806,  109,    0
   197,  9430,20180807,  163,    0
   197,  9430,20180808,  158,    0
   197,  9430,20180809,  133,    0
   197,  9430,20180810,  107,    0
   197,  9430,20180811,  112,    0
   197,  9430,20180812,  106,    0
   197,  9430,20180813,  123,    0
   197,  9430,20180814,  141,    0
   197,  9430,20180815,  136,    0
   197,  9430,20180816,  131,    0
   197,  9430,20180817,  107,    0
   197,  9430,20180818,  117,    0
   197,  9430,20180819,  119,    0
   197,  9430,20180820,  101,    0
   197,  9430,20180821,  116,    0
   197,  9430,20180822,  120,    0
   197,  9430,20180823,  110,    0
   197,  9430,20180824,   91,    0
   197,  9430,20180825,   87,    0
   197,  9430,20180826,   93,    0
   197,  9430,20180827,  111,    0
   197,  9430,20180828,  119,    0
   197,  9430,20180829,  110,    0
   197,  9430,20180830,   99,    0
   197,  9430,20180831,  107,    0
   197,  9430,20180901,  119,    0
   197,  9430,20180902,  134,    0
   197,  9430,20180903,  144,    0
   197,  9430,20180904,  143,    0
   197,  9430,20180905,  136,    0
   197,  9430,20180906,  123,    0
   197,  9430,20180907,  153,    0
   197,  9430,20180908,  145,    0
   197,  9430,20180909,  115,    0
   197,  9430,20180910,   98,    0
   197,  9430,20180911,   91,    0
   197,  9430,20180912,   79,    0
   197,  9430,20180913,   75,    0
   197,  9430,20180914,   77,    0
   197,  9430,20180915,   65,    0
   197,  9430,20180916,   74,    0
   197,  9430,20180917,   90,    0
   197,  9430,20180918,  146,    0
   197,  9430,20180919,  135,    0
   197,  9430,20180920,   83,    0
   197,  9430,20180921,   71,    0
   197,  9430,20180922,   65,    0
   197,  9430,20180923,   52,    0
   197,  9430,20180924,   34,    0
   197,  9430,20180925,   67,    0
   197,  9430,20180926,   86,    0
   197,  9430,20180927,   53,    0
   197,  9430,20180928,   40,    0
   197,  9430,20180929,   65,    0
   197,  9430,20180930,   53,    0
   197,  9430,20181001,   53,    0
   197,  9430,20181002,   23,    0
   197,  9430,20181003,   39,    0
   197,  9430,20181004,   45,    0
   197,  9430,20181005,   57,    0
   197,  9430,20181006,   43,    0
   197,  9430,20181007,   34,    0
   197,  9430,20181008,   70,    0
   197,  9430,20181009,   99,    0
   197,  9430,20181010,  109,    0
   197,  9430,20181011,  123,    0
   197,  9430,20181012,  150,    0
   197,  9430,20181013,  138,    0
   197,  9430,20181014,  129,    0
   197,  9430,20181015,   46,    0
   197,  9430,20181016,   53,    0
   197,  9430,20181017,   93,    0
   197,  9430,20181018,   54,    0
   197,  9430,20181019,   54,    0
   197,  9430,20181020,   58,    0
   197,  9430,20181021,   68,    0
   197,  9430,20181022,   34,    0
   197,  9430,20181023,   40,    0
   197,  9430,20181024,   27,    0
   197,  9430,20181025,   42,    0
   197,  9430,20181026,   13,    0
   197,  9430,20181027,   -5,    0
   197,  9430,20181028,  -33,    0
   197,  9430,20181029,  -19,    0
   197,  9430,20181030,   22,    0
   197,  9430,20181031,   50,    0
   197,  9430,20181101,   62,    0
   197,  9430,20181102,   43,    0
   197,  9430,20181103,   35,    0
   197,  9430,20181104,   92,    0
   197,  9430,20181105,   71,    0
   197,  9430,20181106,   54,    0
   197,  9430,20181107,   83,    0
   197,  9430,20181108,   85,    0
   197,  9430,20181109,   46,    0
   197,  9430,20181110,   90,    0
   197,  9430,20181111,   88,    0
   197,  9430,20181112,   59,    0
   197,  9430,20181113,   48,    0
   197,  9430,20181114,   59,    0
   197,  9430,20181115,   94,    0
   197,  9430,20181116,   96,    0
   197,  9430,20181117,   57,    0
   197,  9430,20181118,   19,    0
   197,  9430,20181119,  -23,    0
   197,  9430,20181120,  -22,    0
   197,  9430,20181121,    8,    0
   197,  9430,20181122,  -20,    0
   197,  9430,20181123,  -45,    0
   197,  9430,20181124,  -53,    0
   197,  9430,20181125,  -70,    0
   197,  9430,20181126,  -90,    0
   197,  9430,20181127,  -79,    0
   197,  9430,20181128,  -14,    0
   197,  9430,20181129,   45,    0
   197,  9430,20181130,   55,    0
   197,  9430,20181201,   28,    0
   197,  9430,20181202,   22,    0
   197,  9430,20181203,   21,    0
   197,  9430,20181204,   -9,    0
   197,  9430,20181205,  -21,    0
   197,  9430,20181206,  -16,    0
   197,  9430,20181207,    5,    0
   197,  9430,20181208,    1,    0
   197,  9430,20181209,   -3,    0
   197,  9430,20181210,   11,    0
   197,  9430,20181211,  -43,    0
   197,  9430,20181212,  -81,    0
   197,  9430,20181213,  -90,    0
   197,  9430,20181214,  -92,    0
   197,  9430,20181215,  -33,    0
   197,  9430,20181216,   17,    0
   197,  9430,20181217,  -19,    0
   197,  9430,20181218,  -33,    0
   197,  9430,20181219,   37,    0
   197,  9430,20181220,   36,    0
   197,  9430,20181221,   11,    0
   197,  9430,20181222,  -18,    0
   197,  9430,20181223,  -26,    0
   197,  9430,20181224,   -8,    0
   197,  9430,20181225,   34,    0
   197,  9430,20181226,   21,    0
   197,  9430,20181227,   35,    0
   197,  9430,20181228,   24,    0
   197,  9430,20181229,   10,    0
   197,  9430,20181230,   -1,    0
   197,  9430,20181231,   36,    0
   197,  9430,20190101,   15,    0
   197,  9430,20190102,   -4,    0
   197,  9430,20190103,  -10,    0
   197,  9430,20190104,   26,    0
   197,  9430,20190105,   43,    0
   197,  9430,20190106,   23,    0
   197,  9430,20190107,   -4,    0
   197,  9430,20190108,    2,    0
   197,  9430,20190109,  -39,    0
   197,  9430,20190110,  -16,    0
   197,  9430,20190111,   17,    0
   197,  9430,20190112,  -11,    0
   197,  9430,20190113,   -5,    0
   197,  9430,20190114,  -38,    0
   197,  9430,20190115,  -18,    0
   197,  9430,20190116,   -5,    0
   197,  9430,20190117,  -55,    0
   197,  9430,20190118,  -58,    0
   197,  9430,20190119,   -4,    0
   197,  9430,20190120,  -36,    0
   197,  9430,20190121,  -39,    0
   197,  9430,20190122,-9999,    9
   197,  9430,20190123,   -9,    0
   197,  9430,20190124,  -26,    0
   197,  9430,20190125,  -28,    0
   197,  9430,20190126,  -26,    0
   197,  9430,20190127,  -37,    0
   197,  9430,20190128,  -73,    0
   197,  9430,20190129,  -52,    0
   197,  9430,20190130,    6,    0
   197,  9430,20190131,  -10,    0
   197,  9430,20190201,  -14,    0
   197,  9430,20190202,  -59,    0
   197,  9430,20190203,  -72,    0
   197,  9430,20190204,  -39,    0
   197,  9430,20190205,  -53,    0
   197,  9430,20190206,  -49,    0
   197,  9430,20190207,    5,    0
   197,  9430,20190208,    4,    0
   197,  9430,20190209,   20,    0
   197,  9430,20190210,   -1,    0
   197,  9430,20190211,  -15,    0
   197,  9430,20190212,   -5,    0
   197,  9430,20190213,   43,    0
   197,  9430,20190214,   50,    0
   197,  9430,20190215,   56,    0
   197,  9430,20190216,   47,    0
   197,  9430,20190217,   31,    0
   197,  9430,20190218,   52,    0
   197,  9430,20190219,   24,    0
   197,  9430,20190220,   11,    0
   197,  9430,20190221,   20,    0
   197,  9430,20190222,   42,    0
   197,  9430,20190223,   62,    0
   197,  9430,20190224,   53,    0
   197,  9430,20190225,   16,    0
   197,  9430,20190226,   37,    0
   197,  9430,20190227,   19,    0
   197,  9430,20190228,   18,    0
   197,  9430,20190301,   -6,    0
   197,  9430,20190302,  -19,    0
   197,  9430,20190303,   16,    0
   197,  9430,20190304,   23,    0
   197,  9430,20190305,   10,    0
   197,  9430,20190306,    9,    0
   197,  9430,20190307,    5,    0
   197,  9430,20190308,   -4,    0
   197,  9430,20190309,  -25,    0
   197,  9430,20190310,  -53,    0
   197,  9430,20190311,  -48,    0
   197,  9430,20190312,   -8,    0
   197,  9430,20190313,   -1,    0
   197,  9430,20190314,    8,    0
   197,  9430,20190315,   -2,    0
   197,  9430,20190316,   19,    0
   197,  9430,20190317,   16,    0
   197,  9430,20190318,   15,    0
   197,  9430,20190319,    3,    0
   197,  9430,20190320,   41,    0
   197,  9430,20190321,   46,    0
   197,  9430,20190322,   29,    0
   197,  9430,20190323,   27,    0
   197,  9430,20190324,   19,    0
   197,  9430,20190325,   14,    0
   197,  9430,20190326,    8,    0
   197,  9430,20190327,   39,    0
   197,  9430,20190328,   58,    0
   197,  9430,20190329,   59,    0
   197,  9430,20190330,   17,    0
   197,  9430,20190331,   -6,    0
   197,  9430,20190401,   12,    0
   197,  9430,20190402,   29,    0
   197,  9430,20190403,   49,    0
   197,  9430,20190404,   77,    0
   197,  9430,20190405,   79,    0
   197,  9430,20190406,   67,    0
   197,  9430,20190407,   56,    0
   197,  9430,20190408,   34,    0
   197,  9430,20190409,   16,    0
   197,  9430,20190410,   12,    0
   197,  9430,20190411,   21,    0
   197,  9430,20190412,   24,    0
   197,  9430,20190413,   34,    0
   197,  9430,20190414,   41,    0
   197,  9430,20190415,   50,    0
   197,  9430,20190416,   60,    0
   197,  9430,20190417,   71,    0
   197,  9430,20190418,   78,    0
   197,  9430,20190419,   95,    0
   197,  9430,20190420,   96,    0
   197,  9430,20190421,   94,    0
   197,  9430,20190422,  118,    0
   197,  9430,20190423,  132,    0
   197,  9430,20190424,  128,    0
   197,  9430,20190425,  123,    0
   197,  9430,20190426,  112,    0
   197,  9430,20190427,  109,    0
   197,  9430,20190428,  123,    0
   197,  9430,20190429,  139,    0
   197,  9430,20190430,  140,    0
