EUROPEAN CLIMATE ASSESSMENT & DATASET (ECA&D), file created on: 13-05-2019
THESE DATA CAN BE USED FOR NON-COMMERCIAL RESEARCH AND EDUCATION PROVIDED THAT THE FOLLOWING SOURCE IS ACKNOWLEDGED: 

Klein Tank, A.M.G. and Coauthors, 2002. Daily dataset of 20th-century surface
air temperature and precipitation series for the European Climate Assessment.
Int. J. of Climatol., 22, 1441-1453.
Data and metadata available at http://www.ecad.eu

FILE FORMAT (MISSING VALUE CODE = -9999):

01-06 STAID: Station identifier
08-13 SOUID: Source identifier
15-22 DATE : Date YYYYMMDD
24-28 TG   : Mean temperature in 0.1 &#176;C
30-34 Q_TG : quality code for TG (0='valid'; 1='suspect'; 9='missing')

This is the blended series of station WISLEY, UNITED KINGDOM (STAID: 11112)
Blended and updated with sources:56883 
See files sources.txt and stations.txt for more info.

STAID, SOUID,    DATE,   TG, Q_TG
 11112, 56883,20140101,   83,    0
 11112, 56883,20140102,   85,    0
 11112, 56883,20140103,   84,    0
 11112, 56883,20140104,   81,    0
 11112, 56883,20140105,   67,    0
 11112, 56883,20140106,   72,    0
 11112, 56883,20140107,  101,    0
 11112, 56883,20140108,   98,    1
 11112, 56883,20140109,   90,    0
 11112, 56883,20140110,   71,    0
 11112, 56883,20140111,   67,    0
 11112, 56883,20140112,   33,    0
 11112, 56883,20140113,   61,    0
 11112, 56883,20140114,   51,    0
 11112, 56883,20140115,   60,    0
 11112, 56883,20140116,   87,    0
 11112, 56883,20140117,   74,    0
 11112, 56883,20140118,   85,    0
 11112, 56883,20140119,   74,    0
 11112, 56883,20140120,   43,    0
 11112, 56883,20140121,   41,    0
 11112, 56883,20140122,   51,    0
 11112, 56883,20140123,   57,    0
 11112, 56883,20140124,   54,    0
 11112, 56883,20140125,   81,    0
 11112, 56883,20140126,   70,    0
 11112, 56883,20140127,   52,    0
 11112, 56883,20140128,   67,    1
 11112, 56883,20140129,   46,    0
 11112, 56883,20140130,   44,    0
 11112, 56883,20140131,   48,    0
 11112, 56883,20140201,   48,    0
 11112, 56883,20140202,   71,    0
 11112, 56883,20140203,   65,    0
 11112, 56883,20140204,   67,    0
 11112, 56883,20140205,   78,    0
 11112, 56883,20140206,   84,    0
 11112, 56883,20140207,   69,    0
 11112, 56883,20140208,   68,    0
 11112, 56883,20140209,   75,    0
 11112, 56883,20140210,   65,    0
 11112, 56883,20140211,   56,    0
 11112, 56883,20140212,   57,    0
 11112, 56883,20140213,   59,    0
 11112, 56883,20140214,   75,    0
 11112, 56883,20140215,   79,    0
 11112, 56883,20140216,   63,    0
 11112, 56883,20140217,   63,    0
 11112, 56883,20140218,   91,    0
 11112, 56883,20140219,   73,    0
 11112, 56883,20140220,   97,    0
 11112, 56883,20140221,   66,    0
 11112, 56883,20140222,   81,    0
 11112, 56883,20140223,   92,    0
 11112, 56883,20140224,  105,    0
 11112, 56883,20140225,   95,    0
 11112, 56883,20140226,   78,    0
 11112, 56883,20140227,   83,    0
 11112, 56883,20140228,   70,    0
 11112, 56883,20140301,   48,    0
 11112, 56883,20140302,   59,    0
 11112, 56883,20140303,   52,    0
 11112, 56883,20140304,   56,    0
 11112, 56883,20140305,   56,    0
 11112, 56883,20140306,   89,    0
 11112, 56883,20140307,  107,    0
 11112, 56883,20140308,  103,    0
 11112, 56883,20140309,  131,    0
 11112, 56883,20140310,   77,    0
 11112, 56883,20140311,   91,    0
 11112, 56883,20140312,   92,    0
 11112, 56883,20140313,   92,    0
 11112, 56883,20140314,   87,    0
 11112, 56883,20140315,  105,    0
 11112, 56883,20140316,  132,    0
 11112, 56883,20140317,   98,    0
 11112, 56883,20140318,  104,    0
 11112, 56883,20140319,  119,    0
 11112, 56883,20140320,   98,    0
 11112, 56883,20140321,   92,    0
 11112, 56883,20140322,   73,    0
 11112, 56883,20140323,   60,    0
 11112, 56883,20140324,   43,    0
 11112, 56883,20140325,   72,    0
 11112, 56883,20140326,   38,    0
 11112, 56883,20140327,   50,    0
 11112, 56883,20140328,   71,    0
 11112, 56883,20140329,  123,    0
 11112, 56883,20140330,  115,    0
 11112, 56883,20140331,  136,    0
 11112, 56883,20140401,  115,    0
 11112, 56883,20140402,  139,    0
 11112, 56883,20140403,  140,    0
 11112, 56883,20140404,  126,    0
 11112, 56883,20140405,   89,    0
 11112, 56883,20140406,  139,    0
 11112, 56883,20140407,  131,    0
 11112, 56883,20140408,   96,    0
 11112, 56883,20140409,  104,    0
 11112, 56883,20140410,  109,    0
 11112, 56883,20140411,  125,    0
 11112, 56883,20140412,   90,    0
 11112, 56883,20140413,  114,    0
 11112, 56883,20140414,  103,    0
 11112, 56883,20140415,   74,    0
 11112, 56883,20140416,   81,    0
 11112, 56883,20140417,  102,    0
 11112, 56883,20140418,   80,    0
 11112, 56883,20140419,   70,    0
 11112, 56883,20140420,   93,    0
 11112, 56883,20140421,  110,    0
 11112, 56883,20140422,  128,    0
 11112, 56883,20140423,  108,    0
 11112, 56883,20140424,  140,    1
 11112, 56883,20140425,  102,    0
 11112, 56883,20140426,  121,    0
 11112, 56883,20140427,  114,    0
 11112, 56883,20140428,  132,    0
 11112, 56883,20140429,  115,    0
 11112, 56883,20140430,  123,    0
 11112, 56883,20140501,  114,    0
 11112, 56883,20140502,  111,    0
 11112, 56883,20140503,   68,    0
 11112, 56883,20140504,   94,    0
 11112, 56883,20140505,  103,    0
 11112, 56883,20140506,  153,    0
 11112, 56883,20140507,  134,    0
 11112, 56883,20140508,  132,    0
 11112, 56883,20140509,  140,    0
 11112, 56883,20140510,  137,    0
 11112, 56883,20140511,  121,    0
 11112, 56883,20140512,  125,    0
 11112, 56883,20140513,  116,    0
 11112, 56883,20140514,  113,    0
 11112, 56883,20140515,  127,    0
 11112, 56883,20140516,  135,    0
 11112, 56883,20140517,  155,    0
 11112, 56883,20140518,  159,    0
 11112, 56883,20140519,  177,    0
 11112, 56883,20140520,  165,    0
 11112, 56883,20140521,  126,    0
 11112, 56883,20140522,  145,    0
 11112, 56883,20140523,  133,    0
 11112, 56883,20140524,  134,    0
 11112, 56883,20140525,  132,    1
 11112, 56883,20140526,   92,    0
 11112, 56883,20140527,  117,    0
 11112, 56883,20140528,  120,    0
 11112, 56883,20140529,  151,    0
 11112, 56883,20140530,  143,    0
 11112, 56883,20140531,  118,    0
 11112, 56883,20140601,  155,    0
 11112, 56883,20140602,  165,    0
 11112, 56883,20140603,  158,    1
 11112, 56883,20140604,  133,    0
 11112, 56883,20140605,  130,    0
 11112, 56883,20140606,  139,    0
 11112, 56883,20140607,  177,    0
 11112, 56883,20140608,  171,    0
 11112, 56883,20140609,  183,    0
 11112, 56883,20140610,  162,    0
 11112, 56883,20140611,  156,    0
 11112, 56883,20140612,  172,    0
 11112, 56883,20140613,  174,    0
 11112, 56883,20140614,  185,    1
 11112, 56883,20140615,  159,    0
 11112, 56883,20140616,  148,    0
 11112, 56883,20140617,  171,    0
 11112, 56883,20140618,  172,    0
 11112, 56883,20140619,  149,    0
 11112, 56883,20140620,  149,    0
 11112, 56883,20140621,  174,    0
 11112, 56883,20140622,  174,    0
 11112, 56883,20140623,  179,    0
 11112, 56883,20140624,  185,    0
 11112, 56883,20140625,  150,    0
 11112, 56883,20140626,  149,    0
 11112, 56883,20140627,  177,    0
 11112, 56883,20140628,  154,    0
 11112, 56883,20140629,  159,    0
 11112, 56883,20140630,  140,    0
 11112, 56883,20140701,  151,    0
 11112, 56883,20140702,  155,    0
 11112, 56883,20140703,  175,    0
 11112, 56883,20140704,  184,    0
 11112, 56883,20140705,  183,    0
 11112, 56883,20140706,  171,    0
 11112, 56883,20140707,  146,    0
 11112, 56883,20140708,  149,    0
 11112, 56883,20140709,  161,    0
 11112, 56883,20140710,  176,    0
 11112, 56883,20140711,  147,    0
 11112, 56883,20140712,  203,    0
 11112, 56883,20140713,  204,    0
 11112, 56883,20140714,  162,    0
 11112, 56883,20140715,  212,    0
 11112, 56883,20140716,  189,    0
 11112, 56883,20140717,  214,    0
 11112, 56883,20140718,  227,    0
 11112, 56883,20140719,  223,    0
 11112, 56883,20140720,  205,    0
 11112, 56883,20140721,  200,    0
 11112, 56883,20140722,  199,    0
 11112, 56883,20140723,  210,    0
 11112, 56883,20140724,  213,    0
 11112, 56883,20140725,  204,    0
 11112, 56883,20140726,  220,    0
 11112, 56883,20140727,  199,    0
 11112, 56883,20140728,  184,    0
 11112, 56883,20140729,  203,    0
 11112, 56883,20140730,  184,    0
 11112, 56883,20140731,  185,    0
 11112, 56883,20140801,  186,    0
 11112, 56883,20140802,  186,    0
 11112, 56883,20140803,  168,    0
 11112, 56883,20140804,  179,    0
 11112, 56883,20140805,  168,    0
 11112, 56883,20140806,  206,    0
 11112, 56883,20140807,  192,    0
 11112, 56883,20140808,  187,    0
 11112, 56883,20140809,  179,    0
 11112, 56883,20140810,  181,    0
 11112, 56883,20140811,  164,    0
 11112, 56883,20140812,  158,    0
 11112, 56883,20140813,  166,    0
 11112, 56883,20140814,  166,    0
 11112, 56883,20140815,  151,    0
 11112, 56883,20140816,  154,    0
 11112, 56883,20140817,  168,    0
 11112, 56883,20140818,  151,    0
 11112, 56883,20140819,  135,    0
 11112, 56883,20140820,  118,    0
 11112, 56883,20140821,  111,    0
 11112, 56883,20140822,  156,    0
 11112, 56883,20140823,  129,    0
 11112, 56883,20140824,  119,    0
 11112, 56883,20140825,  144,    0
 11112, 56883,20140826,  158,    0
 11112, 56883,20140827,  136,    0
 11112, 56883,20140828,  192,    0
 11112, 56883,20140829,  171,    0
 11112, 56883,20140830,  172,    0
 11112, 56883,20140831,  166,    0
 11112, 56883,20140901,  144,    0
 11112, 56883,20140902,  170,    0
 11112, 56883,20140903,  171,    0
 11112, 56883,20140904,  174,    0
 11112, 56883,20140905,  168,    0
 11112, 56883,20140906,  187,    0
 11112, 56883,20140907,  159,    0
 11112, 56883,20140908,  150,    0
 11112, 56883,20140909,  151,    0
 11112, 56883,20140910,  135,    0
 11112, 56883,20140911,  121,    0
 11112, 56883,20140912,  165,    0
 11112, 56883,20140913,  165,    0
 11112, 56883,20140914,  157,    0
 11112, 56883,20140915,  163,    0
 11112, 56883,20140916,  177,    0
 11112, 56883,20140917,  171,    0
 11112, 56883,20140918,  201,    0
 11112, 56883,20140919,  202,    0
 11112, 56883,20140920,  176,    0
 11112, 56883,20140921,  155,    0
 11112, 56883,20140922,  110,    0
 11112, 56883,20140923,  114,    0
 11112, 56883,20140924,  146,    0
 11112, 56883,20140925,  123,    0
 11112, 56883,20140926,  173,    0
 11112, 56883,20140927,  145,    0
 11112, 56883,20140928,  172,    0
 11112, 56883,20140929,  143,    0
 11112, 56883,20140930,  177,    0
 11112, 56883,20141001,  169,    0
 11112, 56883,20141002,  172,    0
 11112, 56883,20141003,  153,    0
 11112, 56883,20141004,  152,    0
 11112, 56883,20141005,   82,    0
 11112, 56883,20141006,   92,    0
 11112, 56883,20141007,  111,    0
 11112, 56883,20141008,  120,    0
 11112, 56883,20141009,  142,    0
 11112, 56883,20141010,  128,    0
 11112, 56883,20141011,  133,    0
 11112, 56883,20141012,   90,    0
 11112, 56883,20141013,  108,    0
 11112, 56883,20141014,  121,    0
 11112, 56883,20141015,  135,    0
 11112, 56883,20141016,  141,    0
 11112, 56883,20141017,  162,    0
 11112, 56883,20141018,  183,    0
 11112, 56883,20141019,  173,    0
 11112, 56883,20141020,  140,    0
 11112, 56883,20141021,  133,    0
 11112, 56883,20141022,   90,    0
 11112, 56883,20141023,  131,    0
 11112, 56883,20141024,  150,    0
 11112, 56883,20141025,  111,    0
 11112, 56883,20141026,  131,    0
 11112, 56883,20141027,  152,    0
 11112, 56883,20141028,  147,    0
 11112, 56883,20141029,  136,    0
 11112, 56883,20141030,  154,    0
 11112, 56883,20141031,  170,    0
 11112, 56883,20141101,  164,    1
 11112, 56883,20141102,  135,    1
 11112, 56883,20141103,   95,    0
 11112, 56883,20141104,   85,    0
 11112, 56883,20141105,   71,    0
 11112, 56883,20141106,   56,    0
 11112, 56883,20141107,   74,    0
 11112, 56883,20141108,  106,    0
 11112, 56883,20141109,   99,    0
 11112, 56883,20141110,   89,    0
 11112, 56883,20141111,  118,    0
 11112, 56883,20141112,  117,    0
 11112, 56883,20141113,  110,    0
 11112, 56883,20141114,  133,    1
 11112, 56883,20141115,   93,    0
 11112, 56883,20141116,   85,    0
 11112, 56883,20141117,   83,    0
 11112, 56883,20141118,  100,    0
 11112, 56883,20141119,   89,    0
 11112, 56883,20141120,   75,    0
 11112, 56883,20141121,   81,    0
 11112, 56883,20141122,  107,    1
 11112, 56883,20141123,   86,    1
 11112, 56883,20141124,   32,    0
 11112, 56883,20141125,   37,    0
 11112, 56883,20141126,   63,    0
 11112, 56883,20141127,   96,    0
 11112, 56883,20141128,   95,    0
 11112, 56883,20141129,  113,    1
 11112, 56883,20141130,   78,    1
 11112, 56883,20141201,   71,    0
 11112, 56883,20141202,   69,    0
 11112, 56883,20141203,   54,    1
 11112, 56883,20141204,   38,    0
 11112, 56883,20141205,   40,    0
 11112, 56883,20141206,   30,    0
 11112, 56883,20141207,   52,    0
 11112, 56883,20141208,   45,    0
 11112, 56883,20141209,   51,    0
 11112, 56883,20141210,   45,    0
 11112, 56883,20141211,   79,    0
 11112, 56883,20141212,   75,    1
 11112, 56883,20141213,   29,    0
 11112, 56883,20141214,   39,    0
 11112, 56883,20141215,   65,    0
 11112, 56883,20141216,   52,    0
 11112, 56883,20141217,   73,    0
 11112, 56883,20141218,  121,    1
 11112, 56883,20141219,   95,    0
 11112, 56883,20141220,   71,    0
 11112, 56883,20141221,   86,    0
 11112, 56883,20141222,  104,    0
 11112, 56883,20141223,  118,    1
 11112, 56883,20141224,   93,    1
 11112, 56883,20141225,   52,    0
 11112, 56883,20141226,   43,    0
 11112, 56883,20141227,   22,    0
 11112, 56883,20141228,   27,    0
 11112, 56883,20141229,   10,    0
 11112, 56883,20141230,    6,    0
 11112, 56883,20141231,   22,    0
 11112, 56883,20150101,   62,    0
 11112, 56883,20150102,   86,    1
 11112, 56883,20150103,   57,    0
 11112, 56883,20150104,   30,    0
 11112, 56883,20150105,   50,    0
 11112, 56883,20150106,   90,    0
 11112, 56883,20150107,   64,    0
 11112, 56883,20150108,   89,    0
 11112, 56883,20150109,  108,    0
 11112, 56883,20150110,  123,    1
 11112, 56883,20150111,   65,    0
 11112, 56883,20150112,   80,    0
 11112, 56883,20150113,   81,    0
 11112, 56883,20150114,   67,    0
 11112, 56883,20150115,   64,    0
 11112, 56883,20150116,   61,    0
 11112, 56883,20150117,   27,    0
 11112, 56883,20150118,   32,    0
 11112, 56883,20150119,   10,    0
 11112, 56883,20150120,   -6,    0
 11112, 56883,20150121,   -8,    0
 11112, 56883,20150122,   10,    0
 11112, 56883,20150123,    9,    0
 11112, 56883,20150124,   15,    0
 11112, 56883,20150125,   42,    0
 11112, 56883,20150126,   61,    0
 11112, 56883,20150127,   53,    0
 11112, 56883,20150128,   69,    0
 11112, 56883,20150129,   42,    0
 11112, 56883,20150130,   35,    0
 11112, 56883,20150131,   26,    0
 11112, 56883,20150201,   33,    1
 11112, 56883,20150202,  -11,    0
 11112, 56883,20150203,    4,    0
 11112, 56883,20150204,   23,    0
 11112, 56883,20150205,   29,    0
 11112, 56883,20150206,   27,    0
 11112, 56883,20150207,   20,    0
 11112, 56883,20150208,   49,    0
 11112, 56883,20150209,   46,    0
 11112, 56883,20150210,   36,    0
 11112, 56883,20150211,   42,    0
 11112, 56883,20150212,   53,    0
 11112, 56883,20150213,   49,    0
 11112, 56883,20150214,   65,    0
 11112, 56883,20150215,   75,    0
 11112, 56883,20150216,   33,    0
 11112, 56883,20150217,   46,    0
 11112, 56883,20150218,   44,    0
 11112, 56883,20150219,   56,    0
 11112, 56883,20150220,   54,    0
 11112, 56883,20150221,   43,    0
 11112, 56883,20150222,   38,    0
 11112, 56883,20150223,   54,    0
 11112, 56883,20150224,   67,    0
 11112, 56883,20150225,   87,    0
 11112, 56883,20150226,   91,    0
 11112, 56883,20150227,   47,    0
 11112, 56883,20150228,   70,    0
 11112, 56883,20150301,   93,    1
 11112, 56883,20150302,   57,    0
 11112, 56883,20150303,   58,    0
 11112, 56883,20150304,   60,    0
 11112, 56883,20150305,   56,    0
 11112, 56883,20150306,   80,    0
 11112, 56883,20150307,  105,    0
 11112, 56883,20150308,   94,    0
 11112, 56883,20150309,   48,    0
 11112, 56883,20150310,   72,    0
 11112, 56883,20150311,   78,    0
 11112, 56883,20150312,   99,    0
 11112, 56883,20150313,   98,    1
 11112, 56883,20150314,   48,    0
 11112, 56883,20150315,   54,    0
 11112, 56883,20150316,   59,    0
 11112, 56883,20150317,   70,    0
 11112, 56883,20150318,   69,    0
 11112, 56883,20150319,   63,    0
 11112, 56883,20150320,   83,    0
 11112, 56883,20150321,   57,    0
 11112, 56883,20150322,   70,    0
 11112, 56883,20150323,   58,    0
 11112, 56883,20150324,   76,    0
 11112, 56883,20150325,   44,    0
 11112, 56883,20150326,   72,    0
 11112, 56883,20150327,   74,    0
 11112, 56883,20150328,  100,    0
 11112, 56883,20150329,  115,    0
 11112, 56883,20150330,   92,    0
 11112, 56883,20150331,  109,    0
 11112, 56883,20150401,   72,    0
 11112, 56883,20150402,   85,    0
 11112, 56883,20150403,   97,    0
 11112, 56883,20150404,   87,    0
 11112, 56883,20150405,   86,    0
 11112, 56883,20150406,   90,    0
 11112, 56883,20150407,   92,    0
 11112, 56883,20150408,  106,    0
 11112, 56883,20150409,  106,    0
 11112, 56883,20150410,  116,    0
 11112, 56883,20150411,  117,    0
 11112, 56883,20150412,   90,    0
 11112, 56883,20150413,  123,    0
 11112, 56883,20150414,  128,    0
 11112, 56883,20150415,  149,    0
 11112, 56883,20150416,  122,    0
 11112, 56883,20150417,  116,    0
 11112, 56883,20150418,   98,    0
 11112, 56883,20150419,   86,    0
 11112, 56883,20150420,   93,    0
 11112, 56883,20150421,   97,    0
 11112, 56883,20150422,   88,    0
 11112, 56883,20150423,  120,    0
 11112, 56883,20150424,  103,    0
 11112, 56883,20150425,  144,    1
 11112, 56883,20150426,   91,    0
 11112, 56883,20150427,   60,    0
 11112, 56883,20150428,   80,    0
 11112, 56883,20150429,   93,    0
 11112, 56883,20150430,   99,    0
 11112, 56883,20150501,   88,    0
 11112, 56883,20150502,   92,    0
 11112, 56883,20150503,  143,    0
 11112, 56883,20150504,  141,    0
 11112, 56883,20150505,  138,    0
 11112, 56883,20150506,  107,    0
 11112, 56883,20150507,  128,    0
 11112, 56883,20150508,  126,    0
 11112, 56883,20150509,  146,    0
 11112, 56883,20150510,  127,    0
 11112, 56883,20150511,  149,    0
 11112, 56883,20150512,  134,    0
 11112, 56883,20150513,  113,    0
 11112, 56883,20150514,   94,    0
 11112, 56883,20150515,  114,    0
 11112, 56883,20150516,  145,    0
 11112, 56883,20150517,  109,    0
 11112, 56883,20150518,  120,    0
 11112, 56883,20150519,  109,    0
 11112, 56883,20150520,   94,    0
 11112, 56883,20150521,  115,    0
 11112, 56883,20150522,  122,    0
 11112, 56883,20150523,  156,    0
 11112, 56883,20150524,  158,    0
 11112, 56883,20150525,  116,    0
 11112, 56883,20150526,  123,    0
 11112, 56883,20150527,  124,    0
 11112, 56883,20150528,  140,    0
 11112, 56883,20150529,  115,    0
 11112, 56883,20150530,  113,    0
 11112, 56883,20150531,  133,    0
 11112, 56883,20150601,  108,    0
 11112, 56883,20150602,  143,    0
 11112, 56883,20150603,  149,    0
 11112, 56883,20150604,  133,    0
 11112, 56883,20150605,  178,    0
 11112, 56883,20150606,  129,    0
 11112, 56883,20150607,  122,    0
 11112, 56883,20150608,  116,    0
 11112, 56883,20150609,  110,    0
 11112, 56883,20150610,  139,    0
 11112, 56883,20150611,  164,    0
 11112, 56883,20150612,  185,    0
 11112, 56883,20150613,  175,    0
 11112, 56883,20150614,  142,    0
 11112, 56883,20150615,  154,    0
 11112, 56883,20150616,  145,    0
 11112, 56883,20150617,  173,    0
 11112, 56883,20150618,  183,    0
 11112, 56883,20150619,  147,    0
 11112, 56883,20150620,  155,    0
 11112, 56883,20150621,  167,    0
 11112, 56883,20150622,  147,    0
 11112, 56883,20150623,  163,    0
 11112, 56883,20150624,  171,    0
 11112, 56883,20150625,  166,    0
 11112, 56883,20150626,  187,    0
 11112, 56883,20150627,  174,    0
 11112, 56883,20150628,  174,    0
 11112, 56883,20150629,  183,    0
 11112, 56883,20150630,  191,    0
 11112, 56883,20150701,  277,    1
 11112, 56883,20150702,  207,    0
 11112, 56883,20150703,  182,    0
 11112, 56883,20150704,  217,    0
 11112, 56883,20150705,  171,    0
 11112, 56883,20150706,  166,    0
 11112, 56883,20150707,  175,    0
 11112, 56883,20150708,  176,    0
 11112, 56883,20150709,  159,    0
 11112, 56883,20150710,  173,    0
 11112, 56883,20150711,  176,    0
 11112, 56883,20150712,  180,    0
 11112, 56883,20150713,  185,    0
 11112, 56883,20150714,  193,    0
 11112, 56883,20150715,  197,    0
 11112, 56883,20150716,  187,    0
 11112, 56883,20150717,  187,    0
 11112, 56883,20150718,  169,    0
 11112, 56883,20150719,  191,    0
 11112, 56883,20150720,  177,    0
 11112, 56883,20150721,  187,    0
 11112, 56883,20150722,  176,    0
 11112, 56883,20150723,  151,    0
 11112, 56883,20150724,  143,    0
 11112, 56883,20150725,  160,    0
 11112, 56883,20150726,  137,    0
 11112, 56883,20150727,  165,    0
 11112, 56883,20150728,  162,    0
 11112, 56883,20150729,  132,    0
 11112, 56883,20150730,  139,    0
 11112, 56883,20150731,  135,    0
 11112, 56883,20150801,  139,    0
 11112, 56883,20150802,  167,    0
 11112, 56883,20150803,  192,    0
 11112, 56883,20150804,  162,    0
 11112, 56883,20150805,  181,    0
 11112, 56883,20150806,  178,    0
 11112, 56883,20150807,  172,    0
 11112, 56883,20150808,  186,    0
 11112, 56883,20150809,  181,    0
 11112, 56883,20150810,  188,    0
 11112, 56883,20150811,  166,    0
 11112, 56883,20150812,  187,    0
 11112, 56883,20150813,  187,    0
 11112, 56883,20150814,  195,    0
 11112, 56883,20150815,  169,    0
 11112, 56883,20150816,  150,    0
 11112, 56883,20150817,  154,    0
 11112, 56883,20150818,  152,    0
 11112, 56883,20150819,  164,    0
 11112, 56883,20150820,  182,    0
 11112, 56883,20150821,  216,    0
 11112, 56883,20150822,  207,    1
 11112, 56883,20150823,  187,    1
 11112, 56883,20150824,  142,    0
 11112, 56883,20150825,  143,    0
 11112, 56883,20150826,  166,    0
 11112, 56883,20150827,  162,    0
 11112, 56883,20150828,  144,    0
 11112, 56883,20150829,  175,    0
 11112, 56883,20150830,  174,    1
 11112, 56883,20150831,  150,    0
 11112, 56883,20150901,  157,    0
 11112, 56883,20150902,  126,    0
 11112, 56883,20150903,  119,    0
 11112, 56883,20150904,  126,    0
 11112, 56883,20150905,  110,    0
 11112, 56883,20150906,  110,    0
 11112, 56883,20150907,  123,    0
 11112, 56883,20150908,  113,    0
 11112, 56883,20150909,  138,    0
 11112, 56883,20150910,  150,    0
 11112, 56883,20150911,  143,    0
 11112, 56883,20150912,  180,    0
 11112, 56883,20150913,  131,    0
 11112, 56883,20150914,  150,    0
 11112, 56883,20150915,  145,    0
 11112, 56883,20150916,  125,    0
 11112, 56883,20150917,  132,    0
 11112, 56883,20150918,  141,    0
 11112, 56883,20150919,  137,    0
 11112, 56883,20150920,  128,    0
 11112, 56883,20150921,  127,    0
 11112, 56883,20150922,  113,    0
 11112, 56883,20150923,  115,    0
 11112, 56883,20150924,  154,    0
 11112, 56883,20150925,  123,    0
 11112, 56883,20150926,  101,    0
 11112, 56883,20150927,  109,    0
 11112, 56883,20150928,  118,    0
 11112, 56883,20150929,  121,    0
 11112, 56883,20150930,  115,    0
 11112, 56883,20151001,  116,    0
 11112, 56883,20151002,  115,    0
 11112, 56883,20151003,   97,    0
 11112, 56883,20151004,  105,    0
 11112, 56883,20151005,  129,    0
 11112, 56883,20151006,  166,    1
 11112, 56883,20151007,  137,    0
 11112, 56883,20151008,  107,    0
 11112, 56883,20151009,  102,    0
 11112, 56883,20151010,  101,    0
 11112, 56883,20151011,  116,    0
 11112, 56883,20151012,   91,    0
 11112, 56883,20151013,   97,    0
 11112, 56883,20151014,   70,    0
 11112, 56883,20151015,  106,    0
 11112, 56883,20151016,  115,    0
 11112, 56883,20151017,  117,    0
 11112, 56883,20151018,  133,    0
 11112, 56883,20151019,  123,    0
 11112, 56883,20151020,   95,    0
 11112, 56883,20151021,   94,    0
 11112, 56883,20151022,  121,    0
 11112, 56883,20151023,  109,    0
 11112, 56883,20151024,  121,    0
 11112, 56883,20151025,   66,    0
 11112, 56883,20151026,   98,    0
 11112, 56883,20151027,  150,    0
 11112, 56883,20151028,  136,    0
 11112, 56883,20151029,  121,    0
 11112, 56883,20151030,  136,    0
 11112, 56883,20151031,  146,    1
 11112, 56883,20151101,   73,    0
 11112, 56883,20151102,   88,    0
 11112, 56883,20151103,  103,    0
 11112, 56883,20151104,  120,    0
 11112, 56883,20151105,  134,    0
 11112, 56883,20151106,  153,    0
 11112, 56883,20151107,  150,    0
 11112, 56883,20151108,  116,    0
 11112, 56883,20151109,  119,    0
 11112, 56883,20151110,  136,    0
 11112, 56883,20151111,  141,    0
 11112, 56883,20151112,  125,    1
 11112, 56883,20151113,   99,    0
 11112, 56883,20151114,  108,    0
 11112, 56883,20151115,  122,    0
 11112, 56883,20151116,  134,    0
 11112, 56883,20151117,  136,    0
 11112, 56883,20151118,  126,    1
 11112, 56883,20151119,  113,    1
 11112, 56883,20151120,   81,    1
 11112, 56883,20151121,   36,    0
 11112, 56883,20151122,    9,    0
 11112, 56883,20151123,   35,    0
 11112, 56883,20151124,   46,    0
 11112, 56883,20151125,   78,    0
 11112, 56883,20151126,   92,    0
 11112, 56883,20151127,  108,    0
 11112, 56883,20151128,   66,    0
 11112, 56883,20151129,   86,    0
 11112, 56883,20151130,  110,    0
 11112, 56883,20151201,  134,    1
 11112, 56883,20151202,  121,    0
 11112, 56883,20151203,  125,    0
 11112, 56883,20151204,   91,    0
 11112, 56883,20151205,  102,    0
 11112, 56883,20151206,  129,    0
 11112, 56883,20151207,  130,    0
 11112, 56883,20151208,  124,    1
 11112, 56883,20151209,   83,    0
 11112, 56883,20151210,   93,    0
 11112, 56883,20151211,  103,    0
 11112, 56883,20151212,   86,    0
 11112, 56883,20151213,   83,    0
 11112, 56883,20151214,   89,    0
 11112, 56883,20151215,  105,    0
 11112, 56883,20151216,  130,    0
 11112, 56883,20151217,  140,    0
 11112, 56883,20151218,  129,    0
 11112, 56883,20151219,  141,    1
 11112, 56883,20151220,  123,    0
 11112, 56883,20151221,  106,    0
 11112, 56883,20151222,  117,    0
 11112, 56883,20151223,  102,    0
 11112, 56883,20151224,  105,    0
 11112, 56883,20151225,  100,    0
 11112, 56883,20151226,  121,    0
 11112, 56883,20151227,  136,    1
 11112, 56883,20151228,  113,    0
 11112, 56883,20151229,  108,    0
 11112, 56883,20151230,  109,    0
 11112, 56883,20151231,   93,    0
 11112, 56883,20160101,   49,    0
 11112, 56883,20160102,   74,    0
 11112, 56883,20160103,   70,    0
 11112, 56883,20160104,   83,    0
 11112, 56883,20160105,   70,    0
 11112, 56883,20160106,   58,    0
 11112, 56883,20160107,   70,    0
 11112, 56883,20160108,   52,    0
 11112, 56883,20160109,   82,    0
 11112, 56883,20160110,   68,    0
 11112, 56883,20160111,   59,    0
 11112, 56883,20160112,   50,    0
 11112, 56883,20160113,   44,    0
 11112, 56883,20160114,   32,    0
 11112, 56883,20160115,   26,    0
 11112, 56883,20160116,   14,    0
 11112, 56883,20160117,   16,    0
 11112, 56883,20160118,   33,    0
 11112, 56883,20160119,    1,    0
 11112, 56883,20160120,    2,    0
 11112, 56883,20160121,   13,    0
 11112, 56883,20160122,   68,    0
 11112, 56883,20160123,   84,    0
 11112, 56883,20160124,  100,    0
 11112, 56883,20160125,  110,    0
 11112, 56883,20160126,   91,    0
 11112, 56883,20160127,  110,    0
 11112, 56883,20160128,   63,    0
 11112, 56883,20160129,   74,    0
 11112, 56883,20160130,   78,    0
 11112, 56883,20160131,   85,    0
 11112, 56883,20160201,  102,    1
 11112, 56883,20160202,   88,    0
 11112, 56883,20160203,   58,    0
 11112, 56883,20160204,   82,    0
 11112, 56883,20160205,  100,    0
 11112, 56883,20160206,  104,    1
 11112, 56883,20160207,   75,    0
 11112, 56883,20160208,   81,    1
 11112, 56883,20160209,   60,    0
 11112, 56883,20160210,   62,    0
 11112, 56883,20160211,   32,    0
 11112, 56883,20160212,   30,    0
 11112, 56883,20160213,   22,    0
 11112, 56883,20160214,   32,    0
 11112, 56883,20160215,   24,    0
 11112, 56883,20160216,   16,    0
 11112, 56883,20160217,   28,    0
 11112, 56883,20160218,   58,    0
 11112, 56883,20160219,   48,    0
 11112, 56883,20160220,   84,    0
 11112, 56883,20160221,  121,    1
 11112, 56883,20160222,   82,    0
 11112, 56883,20160223,   60,    0
 11112, 56883,20160224,   24,    0
 11112, 56883,20160225,   14,    0
 11112, 56883,20160226,   34,    0
 11112, 56883,20160227,   40,    0
 11112, 56883,20160228,   56,    0
 11112, 56883,20160229,   36,    0
 11112, 56883,20160301,   74,    0
 11112, 56883,20160302,   52,    0
 11112, 56883,20160303,   60,    0
 11112, 56883,20160304,   50,    0
 11112, 56883,20160305,   17,    0
 11112, 56883,20160306,   29,    0
 11112, 56883,20160307,   35,    0
 11112, 56883,20160308,   28,    0
 11112, 56883,20160309,   53,    0
 11112, 56883,20160310,   66,    0
 11112, 56883,20160311,   49,    0
 11112, 56883,20160312,   52,    0
 11112, 56883,20160313,   54,    0
 11112, 56883,20160314,   72,    0
 11112, 56883,20160315,   39,    0
 11112, 56883,20160316,   70,    0
 11112, 56883,20160317,   53,    0
 11112, 56883,20160318,   24,    0
 11112, 56883,20160319,   66,    0
 11112, 56883,20160320,   73,    0
 11112, 56883,20160321,   86,    0
 11112, 56883,20160322,   60,    0
 11112, 56883,20160323,   78,    0
 11112, 56883,20160324,   83,    0
 11112, 56883,20160325,  110,    0
 11112, 56883,20160326,  102,    0
 11112, 56883,20160327,   82,    0
 11112, 56883,20160328,   85,    0
 11112, 56883,20160329,   87,    0
 11112, 56883,20160330,   85,    0
 11112, 56883,20160331,   72,    0
 11112, 56883,20160401,   56,    0
 11112, 56883,20160402,  110,    0
 11112, 56883,20160403,  111,    0
 11112, 56883,20160404,  108,    0
 11112, 56883,20160405,  103,    0
 11112, 56883,20160406,   88,    0
 11112, 56883,20160407,   74,    0
 11112, 56883,20160408,   80,    0
 11112, 56883,20160409,   88,    0
 11112, 56883,20160410,   64,    0
 11112, 56883,20160411,  110,    0
 11112, 56883,20160412,  120,    0
 11112, 56883,20160413,   96,    0
 11112, 56883,20160414,  107,    0
 11112, 56883,20160415,  108,    1
 11112, 56883,20160416,   61,    0
 11112, 56883,20160417,   55,    0
 11112, 56883,20160418,   68,    0
 11112, 56883,20160419,  117,    0
 11112, 56883,20160420,   86,    0
 11112, 56883,20160421,  108,    0
 11112, 56883,20160422,   98,    0
 11112, 56883,20160423,   71,    0
 11112, 56883,20160424,   69,    0
 11112, 56883,20160425,   88,    0
 11112, 56883,20160426,   60,    0
 11112, 56883,20160427,   55,    0
 11112, 56883,20160428,   56,    0
 11112, 56883,20160429,   82,    0
 11112, 56883,20160430,   64,    0
 11112, 56883,20160501,   76,    0
 11112, 56883,20160502,  133,    0
 11112, 56883,20160503,   94,    0
 11112, 56883,20160504,   91,    0
 11112, 56883,20160505,  108,    0
 11112, 56883,20160506,  137,    0
 11112, 56883,20160507,  162,    0
 11112, 56883,20160508,  183,    0
 11112, 56883,20160509,  178,    0
 11112, 56883,20160510,  164,    0
 11112, 56883,20160511,  168,    0
 11112, 56883,20160512,  179,    0
 11112, 56883,20160513,  148,    1
 11112, 56883,20160514,  110,    0
 11112, 56883,20160515,   94,    0
 11112, 56883,20160516,  120,    0
 11112, 56883,20160517,  122,    0
 11112, 56883,20160518,  125,    0
 11112, 56883,20160519,  139,    0
 11112, 56883,20160520,  162,    0
 11112, 56883,20160521,  150,    0
 11112, 56883,20160522,  148,    0
 11112, 56883,20160523,  130,    0
 11112, 56883,20160524,  112,    0
 11112, 56883,20160525,  102,    0
 11112, 56883,20160526,  117,    0
 11112, 56883,20160527,  158,    0
 11112, 56883,20160528,  153,    0
 11112, 56883,20160529,  141,    0
 11112, 56883,20160530,  144,    1
 11112, 56883,20160531,  116,    0
 11112, 56883,20160601,  120,    0
 11112, 56883,20160602,  120,    0
 11112, 56883,20160603,  117,    0
 11112, 56883,20160604,  147,    0
 11112, 56883,20160605,  180,    0
 11112, 56883,20160606,  174,    0
 11112, 56883,20160607,  163,    0
 11112, 56883,20160608,  195,    0
 11112, 56883,20160609,  178,    0
 11112, 56883,20160610,  175,    0
 11112, 56883,20160611,  177,    0
 11112, 56883,20160612,  168,    0
 11112, 56883,20160613,  158,    0
 11112, 56883,20160614,  162,    0
 11112, 56883,20160615,  155,    0
 11112, 56883,20160616,  152,    0
 11112, 56883,20160617,  162,    0
 11112, 56883,20160618,  142,    0
 11112, 56883,20160619,  152,    0
 11112, 56883,20160620,  186,    0
 11112, 56883,20160621,  174,    0
 11112, 56883,20160622,  179,    0
 11112, 56883,20160623,  190,    0
 11112, 56883,20160624,  162,    0
 11112, 56883,20160625,  156,    0
 11112, 56883,20160626,  162,    0
 11112, 56883,20160627,  178,    0
 11112, 56883,20160628,  148,    0
 11112, 56883,20160629,  137,    0
 11112, 56883,20160630,  162,    0
 11112, 56883,20160701,  169,    0
 11112, 56883,20160702,  140,    0
 11112, 56883,20160703,  149,    0
 11112, 56883,20160704,  145,    0
 11112, 56883,20160705,  177,    0
 11112, 56883,20160706,  148,    0
 11112, 56883,20160707,  176,    0
 11112, 56883,20160708,  184,    0
 11112, 56883,20160709,  174,    0
 11112, 56883,20160710,  192,    0
 11112, 56883,20160711,  184,    0
 11112, 56883,20160712,  148,    0
 11112, 56883,20160713,  154,    0
 11112, 56883,20160714,  154,    0
 11112, 56883,20160715,  150,    0
 11112, 56883,20160716,  216,    0
 11112, 56883,20160717,  215,    0
 11112, 56883,20160718,  208,    0
 11112, 56883,20160719,  221,    0
 11112, 56883,20160720,  252,    0
 11112, 56883,20160721,  188,    0
 11112, 56883,20160722,  200,    0
 11112, 56883,20160723,  202,    0
 11112, 56883,20160724,  178,    0
 11112, 56883,20160725,  182,    0
 11112, 56883,20160726,  174,    0
 11112, 56883,20160727,  198,    0
 11112, 56883,20160728,  171,    0
 11112, 56883,20160729,  194,    0
 11112, 56883,20160730,  181,    0
 11112, 56883,20160731,  164,    0
 11112, 56883,20160801,  136,    0
 11112, 56883,20160802,  177,    0
 11112, 56883,20160803,  206,    0
 11112, 56883,20160804,  183,    0
 11112, 56883,20160805,  175,    0
 11112, 56883,20160806,  178,    0
 11112, 56883,20160807,  210,    0
 11112, 56883,20160808,  174,    0
 11112, 56883,20160809,  138,    0
 11112, 56883,20160810,  132,    0
 11112, 56883,20160811,  183,    0
 11112, 56883,20160812,  196,    0
 11112, 56883,20160813,  189,    0
 11112, 56883,20160814,  170,    0
 11112, 56883,20160815,  152,    0
 11112, 56883,20160816,  157,    0
 11112, 56883,20160817,  173,    0
 11112, 56883,20160818,  194,    1
 11112, 56883,20160819,  176,    0
 11112, 56883,20160820,  178,    0
 11112, 56883,20160821,  184,    0
 11112, 56883,20160822,  204,    0
 11112, 56883,20160823,  198,    0
 11112, 56883,20160824,  231,    0
 11112, 56883,20160825,  225,    0
 11112, 56883,20160826,  213,    0
 11112, 56883,20160827,  185,    0
 11112, 56883,20160828,  186,    0
 11112, 56883,20160829,  185,    0
 11112, 56883,20160830,  178,    0
 11112, 56883,20160831,  161,    0
 11112, 56883,20160901,  173,    0
 11112, 56883,20160902,  165,    0
 11112, 56883,20160903,  154,    0
 11112, 56883,20160904,  168,    0
 11112, 56883,20160905,  181,    0
 11112, 56883,20160906,  198,    0
 11112, 56883,20160907,  222,    0
 11112, 56883,20160908,  184,    0
 11112, 56883,20160909,  182,    0
 11112, 56883,20160910,  180,    0
 11112, 56883,20160911,  137,    0
 11112, 56883,20160912,  167,    0
 11112, 56883,20160913,  216,    0
 11112, 56883,20160914,  218,    0
 11112, 56883,20160915,  198,    1
 11112, 56883,20160916,  168,    1
 11112, 56883,20160917,  139,    0
 11112, 56883,20160918,  155,    0
 11112, 56883,20160919,  152,    0
 11112, 56883,20160920,  158,    0
 11112, 56883,20160921,  170,    0
 11112, 56883,20160922,  160,    0
 11112, 56883,20160923,  128,    0
 11112, 56883,20160924,  148,    0
 11112, 56883,20160925,  170,    0
 11112, 56883,20160926,  134,    0
 11112, 56883,20160927,  128,    0
 11112, 56883,20160928,  164,    0
 11112, 56883,20160929,  176,    0
 11112, 56883,20160930,  142,    0
 11112, 56883,20161001,  110,    0
 11112, 56883,20161002,  122,    0
 11112, 56883,20161003,   98,    0
 11112, 56883,20161004,  113,    0
 11112, 56883,20161005,  137,    0
 11112, 56883,20161006,  106,    0
 11112, 56883,20161007,  122,    0
 11112, 56883,20161008,  124,    0
 11112, 56883,20161009,  106,    0
 11112, 56883,20161010,   82,    0
 11112, 56883,20161011,   86,    0
 11112, 56883,20161012,  102,    0
 11112, 56883,20161013,  108,    0
 11112, 56883,20161014,  110,    0
 11112, 56883,20161015,  120,    0
 11112, 56883,20161016,  122,    0
 11112, 56883,20161017,  138,    0
 11112, 56883,20161018,  116,    0
 11112, 56883,20161019,  102,    0
 11112, 56883,20161020,   98,    0
 11112, 56883,20161021,   89,    0
 11112, 56883,20161022,   81,    0
 11112, 56883,20161023,   79,    0
 11112, 56883,20161024,  105,    0
 11112, 56883,20161025,  116,    0
 11112, 56883,20161026,  122,    0
 11112, 56883,20161027,  110,    0
 11112, 56883,20161028,  130,    0
 11112, 56883,20161029,  123,    1
 11112, 56883,20161030,   90,    0
 11112, 56883,20161031,  128,    1
 11112, 56883,20161101,   83,    0
 11112, 56883,20161102,   52,    0
 11112, 56883,20161103,   50,    0
 11112, 56883,20161104,   58,    0
 11112, 56883,20161105,   41,    0
 11112, 56883,20161106,   25,    0
 11112, 56883,20161107,   54,    0
 11112, 56883,20161108,   18,    0
 11112, 56883,20161109,   50,    0
 11112, 56883,20161110,   74,    0
 11112, 56883,20161111,   55,    0
 11112, 56883,20161112,   58,    0
 11112, 56883,20161113,   70,    0
 11112, 56883,20161114,   77,    0
 11112, 56883,20161115,  125,    0
 11112, 56883,20161116,  122,    0
 11112, 56883,20161117,   96,    1
 11112, 56883,20161118,   46,    0
 11112, 56883,20161119,   52,    0
 11112, 56883,20161120,   52,    0
 11112, 56883,20161121,   82,    0
 11112, 56883,20161122,  100,    0
 11112, 56883,20161123,   68,    0
 11112, 56883,20161124,   77,    0
 11112, 56883,20161125,   82,    1
 11112, 56883,20161126,   28,    0
 11112, 56883,20161127,   48,    0
 11112, 56883,20161128,   71,    1
 11112, 56883,20161129,   14,    0
 11112, 56883,20161130,    0,    0
 11112, 56883,20161201,   22,    0
 11112, 56883,20161202,   26,    0
 11112, 56883,20161203,   50,    0
 11112, 56883,20161204,   16,    0
 11112, 56883,20161205,   16,    0
 11112, 56883,20161206,   39,    0
 11112, 56883,20161207,   75,    0
 11112, 56883,20161208,  113,    0
 11112, 56883,20161209,  130,    0
 11112, 56883,20161210,  116,    1
 11112, 56883,20161211,   68,    0
 11112, 56883,20161212,   52,    0
 11112, 56883,20161213,   97,    0
 11112, 56883,20161214,  100,    0
 11112, 56883,20161215,   84,    0
 11112, 56883,20161216,   87,    1
 11112, 56883,20161217,   52,    0
 11112, 56883,20161218,   62,    0
 11112, 56883,20161219,   54,    0
 11112, 56883,20161220,   62,    0
 11112, 56883,20161221,   72,    0
 11112, 56883,20161222,   52,    0
 11112, 56883,20161223,   59,    0
 11112, 56883,20161224,   80,    0
 11112, 56883,20161225,   95,    1
 11112, 56883,20161226,   70,    1
 11112, 56883,20161227,   16,    0
 11112, 56883,20161228,   18,    0
 11112, 56883,20161229,   20,    0
 11112, 56883,20161230,    4,    0
 11112, 56883,20161231,   42,    0
 11112, 56883,20170101,   69,    1
 11112, 56883,20170102,   19,    0
 11112, 56883,20170103,   16,    0
 11112, 56883,20170104,   38,    0
 11112, 56883,20170105,    5,    0
 11112, 56883,20170106,   16,    0
 11112, 56883,20170107,   47,    0
 11112, 56883,20170108,   87,    0
 11112, 56883,20170109,   86,    0
 11112, 56883,20170110,   65,    0
 11112, 56883,20170111,   82,    1
 11112, 56883,20170112,   58,    0
 11112, 56883,20170113,   28,    0
 11112, 56883,20170114,   28,    0
 11112, 56883,20170115,   39,    0
 11112, 56883,20170116,   43,    0
 11112, 56883,20170117,   25,    0
 11112, 56883,20170118,    3,    0
 11112, 56883,20170119,    9,    0
 11112, 56883,20170120,   11,    0
 11112, 56883,20170121,   -8,    0
 11112, 56883,20170122,   -2,    0
 11112, 56883,20170123,   -8,    0
 11112, 56883,20170124,   38,    0
 11112, 56883,20170125,    5,    0
 11112, 56883,20170126,    6,    0
 11112, 56883,20170127,   24,    0
 11112, 56883,20170128,   62,    0
 11112, 56883,20170129,   60,    0
 11112, 56883,20170130,   68,    0
 11112, 56883,20170131,   82,    0
 11112, 56883,20170201,   89,    0
 11112, 56883,20170202,  101,    1
 11112, 56883,20170203,   82,    0
 11112, 56883,20170204,   68,    1
 11112, 56883,20170205,   39,    0
 11112, 56883,20170206,   27,    0
 11112, 56883,20170207,   48,    0
 11112, 56883,20170208,   32,    1
 11112, 56883,20170209,   20,    1
 11112, 56883,20170210,   14,    0
 11112, 56883,20170211,   12,    0
 11112, 56883,20170212,   30,    0
 11112, 56883,20170213,   59,    0
 11112, 56883,20170214,   55,    0
 11112, 56883,20170215,   77,    0
 11112, 56883,20170216,   86,    0
 11112, 56883,20170217,   97,    0
 11112, 56883,20170218,   86,    0
 11112, 56883,20170219,   76,    0
 11112, 56883,20170220,  127,    0
 11112, 56883,20170221,  115,    0
 11112, 56883,20170222,  120,    1
 11112, 56883,20170223,  103,    1
 11112, 56883,20170224,   58,    0
 11112, 56883,20170225,   70,    0
 11112, 56883,20170226,  103,    1
 11112, 56883,20170227,   82,    1
 11112, 56883,20170228,   43,    0
 11112, 56883,20170301,   62,    0
 11112, 56883,20170302,   80,    0
 11112, 56883,20170303,   83,    0
 11112, 56883,20170304,   89,    0
 11112, 56883,20170305,   80,    0
 11112, 56883,20170306,   62,    0
 11112, 56883,20170307,   78,    0
 11112, 56883,20170308,  101,    0
 11112, 56883,20170309,  127,    1
 11112, 56883,20170310,   91,    0
 11112, 56883,20170311,  127,    1
 11112, 56883,20170312,   95,    0
 11112, 56883,20170313,   94,    0
 11112, 56883,20170314,  108,    0
 11112, 56883,20170315,  133,    0
 11112, 56883,20170316,   92,    0
 11112, 56883,20170317,   74,    0
 11112, 56883,20170318,  109,    0
 11112, 56883,20170319,  132,    1
 11112, 56883,20170320,  111,    0
 11112, 56883,20170321,   77,    0
 11112, 56883,20170322,   78,    0
 11112, 56883,20170323,   80,    0
 11112, 56883,20170324,  100,    0
 11112, 56883,20170325,   84,    0
 11112, 56883,20170326,   98,    0
 11112, 56883,20170327,  108,    0
 11112, 56883,20170328,  109,    0
 11112, 56883,20170329,  129,    0
 11112, 56883,20170330,  161,    0
 11112, 56883,20170331,  138,    0
 11112, 56883,20170401,  129,    0
 11112, 56883,20170402,   97,    0
 11112, 56883,20170403,   88,    0
 11112, 56883,20170404,  112,    0
 11112, 56883,20170405,   86,    0
 11112, 56883,20170406,  102,    0
 11112, 56883,20170407,  106,    0
 11112, 56883,20170408,  108,    0
 11112, 56883,20170409,  141,    1
 11112, 56883,20170410,  108,    0
 11112, 56883,20170411,   94,    0
 11112, 56883,20170412,  108,    0
 11112, 56883,20170413,   89,    0
 11112, 56883,20170414,   99,    0
 11112, 56883,20170415,  117,    0
 11112, 56883,20170416,   95,    0
 11112, 56883,20170417,  103,    0
 11112, 56883,20170418,   67,    0
 11112, 56883,20170419,   68,    0
 11112, 56883,20170420,  103,    0
 11112, 56883,20170421,  106,    0
 11112, 56883,20170422,  114,    0
 11112, 56883,20170423,  109,    0
 11112, 56883,20170424,   98,    0
 11112, 56883,20170425,   52,    0
 11112, 56883,20170426,   47,    0
 11112, 56883,20170427,   45,    0
 11112, 56883,20170428,  108,    0
 11112, 56883,20170429,   87,    0
 11112, 56883,20170430,  132,    1
 11112, 56883,20170501,  103,    0
 11112, 56883,20170502,  105,    0
 11112, 56883,20170503,   95,    0
 11112, 56883,20170504,  118,    0
 11112, 56883,20170505,  123,    0
 11112, 56883,20170506,  129,    0
 11112, 56883,20170507,  127,    1
 11112, 56883,20170508,   92,    0
 11112, 56883,20170509,  104,    0
 11112, 56883,20170510,   94,    0
 11112, 56883,20170511,  118,    0
 11112, 56883,20170512,  158,    0
 11112, 56883,20170513,  148,    0
 11112, 56883,20170514,  158,    0
 11112, 56883,20170515,  134,    0
 11112, 56883,20170516,  189,    1
 11112, 56883,20170517,  165,    1
 11112, 56883,20170518,  128,    0
 11112, 56883,20170519,  124,    0
 11112, 56883,20170520,  110,    0
 11112, 56883,20170521,  142,    0
 11112, 56883,20170522,  164,    0
 11112, 56883,20170523,  153,    0
 11112, 56883,20170524,  179,    0
 11112, 56883,20170525,  186,    0
 11112, 56883,20170526,  183,    0
 11112, 56883,20170527,  176,    0
 11112, 56883,20170528,  168,    0
 11112, 56883,20170529,  164,    0
 11112, 56883,20170530,  171,    0
 11112, 56883,20170531,  169,    0
 11112, 56883,20170601,  169,    0
 11112, 56883,20170602,  174,    0
 11112, 56883,20170603,  174,    0
 11112, 56883,20170604,  137,    0
 11112, 56883,20170605,  136,    0
 11112, 56883,20170606,  130,    0
 11112, 56883,20170607,  151,    0
 11112, 56883,20170608,  158,    0
 11112, 56883,20170609,  157,    0
 11112, 56883,20170610,  174,    0
 11112, 56883,20170611,  191,    0
 11112, 56883,20170612,  157,    0
 11112, 56883,20170613,  158,    0
 11112, 56883,20170614,  177,    0
 11112, 56883,20170615,  176,    0
 11112, 56883,20170616,  171,    0
 11112, 56883,20170617,  207,    0
 11112, 56883,20170618,  224,    0
 11112, 56883,20170619,  224,    0
 11112, 56883,20170620,  229,    0
 11112, 56883,20170621,  241,    1
 11112, 56883,20170622,  204,    0
 11112, 56883,20170623,  177,    0
 11112, 56883,20170624,  196,    0
 11112, 56883,20170625,  187,    0
 11112, 56883,20170626,  176,    0
 11112, 56883,20170627,  176,    1
 11112, 56883,20170628,  160,    0
 11112, 56883,20170629,  149,    0
 11112, 56883,20170630,  167,    0
 11112, 56883,20170701,  181,    0
 11112, 56883,20170702,  188,    0
 11112, 56883,20170703,  184,    0
 11112, 56883,20170704,  172,    0
 11112, 56883,20170705,  201,    0
 11112, 56883,20170706,  229,    0
 11112, 56883,20170707,  223,    0
 11112, 56883,20170708,  216,    0
 11112, 56883,20170709,  216,    0
 11112, 56883,20170710,  201,    1
 11112, 56883,20170711,  159,    0
 11112, 56883,20170712,  178,    0
 11112, 56883,20170713,  171,    0
 11112, 56883,20170714,  171,    0
 11112, 56883,20170715,  168,    0
 11112, 56883,20170716,  214,    0
 11112, 56883,20170717,  205,    0
 11112, 56883,20170718,  204,    0
 11112, 56883,20170719,  197,    0
 11112, 56883,20170720,  187,    0
 11112, 56883,20170721,  172,    0
 11112, 56883,20170722,  158,    0
 11112, 56883,20170723,  135,    0
 11112, 56883,20170724,  169,    0
 11112, 56883,20170725,  174,    0
 11112, 56883,20170726,  174,    0
 11112, 56883,20170727,  174,    0
 11112, 56883,20170728,  169,    0
 11112, 56883,20170729,  172,    0
 11112, 56883,20170730,  176,    0
 11112, 56883,20170731,  175,    0
 11112, 56883,20170801,  166,    0
 11112, 56883,20170802,  164,    0
 11112, 56883,20170803,  175,    0
 11112, 56883,20170804,  180,    0
 11112, 56883,20170805,  172,    0
 11112, 56883,20170806,  153,    0
 11112, 56883,20170807,  159,    0
 11112, 56883,20170808,  146,    0
 11112, 56883,20170809,  131,    0
 11112, 56883,20170810,  162,    0
 11112, 56883,20170811,  147,    0
 11112, 56883,20170812,  189,    0
 11112, 56883,20170813,  155,    0
 11112, 56883,20170814,  151,    0
 11112, 56883,20170815,  179,    0
 11112, 56883,20170816,  152,    0
 11112, 56883,20170817,  194,    0
 11112, 56883,20170818,  174,    0
 11112, 56883,20170819,  159,    0
 11112, 56883,20170820,  146,    0
 11112, 56883,20170821,  164,    0
 11112, 56883,20170822,  201,    0
 11112, 56883,20170823,  184,    0
 11112, 56883,20170824,  171,    0
 11112, 56883,20170825,  161,    0
 11112, 56883,20170826,  182,    0
 11112, 56883,20170827,  188,    0
 11112, 56883,20170828,  193,    0
 11112, 56883,20170829,  194,    1
 11112, 56883,20170830,  144,    0
 11112, 56883,20170831,  128,    0
 11112, 56883,20170901,  149,    0
 11112, 56883,20170902,  139,    0
 11112, 56883,20170903,  134,    0
 11112, 56883,20170904,  175,    0
 11112, 56883,20170905,  181,    0
 11112, 56883,20170906,  148,    0
 11112, 56883,20170907,  145,    0
 11112, 56883,20170908,  167,    0
 11112, 56883,20170909,  140,    0
 11112, 56883,20170910,  118,    0
 11112, 56883,20170911,  146,    0
 11112, 56883,20170912,  139,    0
 11112, 56883,20170913,  152,    0
 11112, 56883,20170914,  119,    0
 11112, 56883,20170915,  112,    0
 11112, 56883,20170916,  105,    0
 11112, 56883,20170917,  112,    0
 11112, 56883,20170918,  118,    0
 11112, 56883,20170919,  110,    0
 11112, 56883,20170920,  124,    0
 11112, 56883,20170921,  154,    0
 11112, 56883,20170922,  112,    0
 11112, 56883,20170923,  149,    0
 11112, 56883,20170924,  158,    0
 11112, 56883,20170925,  158,    0
 11112, 56883,20170926,  172,    0
 11112, 56883,20170927,  157,    0
 11112, 56883,20170928,  174,    0
 11112, 56883,20170929,  149,    0
 11112, 56883,20170930,  134,    0
 11112, 56883,20171001,  156,    0
 11112, 56883,20171002,  153,    0
 11112, 56883,20171003,  117,    0
 11112, 56883,20171004,  113,    0
 11112, 56883,20171005,  141,    0
 11112, 56883,20171006,  108,    0
 11112, 56883,20171007,  122,    0
 11112, 56883,20171008,  129,    0
 11112, 56883,20171009,  123,    0
 11112, 56883,20171010,  133,    0
 11112, 56883,20171011,  148,    0
 11112, 56883,20171012,  131,    0
 11112, 56883,20171013,  139,    0
 11112, 56883,20171014,  174,    0
 11112, 56883,20171015,  142,    0
 11112, 56883,20171016,  169,    1
 11112, 56883,20171017,  122,    0
 11112, 56883,20171018,  124,    0
 11112, 56883,20171019,  140,    0
 11112, 56883,20171020,  138,    0
 11112, 56883,20171021,  133,    0
 11112, 56883,20171022,  112,    0
 11112, 56883,20171023,  129,    0
 11112, 56883,20171024,  155,    0
 11112, 56883,20171025,  166,    1
 11112, 56883,20171026,  118,    0
 11112, 56883,20171027,  103,    0
 11112, 56883,20171028,  104,    0
 11112, 56883,20171029,  111,    0
 11112, 56883,20171030,   53,    0
 11112, 56883,20171031,   78,    0
 11112, 56883,20171101,  104,    0
 11112, 56883,20171102,   67,    0
 11112, 56883,20171103,   87,    0
 11112, 56883,20171104,   91,    0
 11112, 56883,20171105,   60,    0
 11112, 56883,20171106,   52,    0
 11112, 56883,20171107,   71,    0
 11112, 56883,20171108,   72,    0
 11112, 56883,20171109,   68,    0
 11112, 56883,20171110,  103,    0
 11112, 56883,20171111,   82,    0
 11112, 56883,20171112,   70,    0
 11112, 56883,20171113,   37,    0
 11112, 56883,20171114,   68,    0
 11112, 56883,20171115,  103,    0
 11112, 56883,20171116,  116,    1
 11112, 56883,20171117,   39,    0
 11112, 56883,20171118,   52,    0
 11112, 56883,20171119,   51,    0
 11112, 56883,20171120,   71,    0
 11112, 56883,20171121,  122,    0
 11112, 56883,20171122,  136,    1
 11112, 56883,20171123,  103,    1
 11112, 56883,20171124,   57,    0
 11112, 56883,20171125,   21,    0
 11112, 56883,20171126,   57,    0
 11112, 56883,20171127,   68,    0
 11112, 56883,20171128,   49,    0
 11112, 56883,20171129,   30,    0
 11112, 56883,20171130,    8,    0
 11112, 56883,20171201,   35,    0
 11112, 56883,20171202,   40,    0
 11112, 56883,20171203,   60,    0
 11112, 56883,20171204,   61,    0
 11112, 56883,20171205,   77,    0
 11112, 56883,20171206,   90,    0
 11112, 56883,20171207,  104,    1
 11112, 56883,20171208,   31,    0
 11112, 56883,20171209,   14,    0
 11112, 56883,20171210,   14,    0
 11112, 56883,20171211,   16,    0
 11112, 56883,20171212,   19,    0
 11112, 56883,20171213,   39,    0
 11112, 56883,20171214,   50,    0
 11112, 56883,20171215,   35,    0
 11112, 56883,20171216,   16,    0
 11112, 56883,20171217,   35,    0
 11112, 56883,20171218,   35,    0
 11112, 56883,20171219,   25,    0
 11112, 56883,20171220,   54,    0
 11112, 56883,20171221,  100,    0
 11112, 56883,20171222,   98,    1
 11112, 56883,20171223,   90,    0
 11112, 56883,20171224,   92,    0
 11112, 56883,20171225,   95,    1
 11112, 56883,20171226,   58,    1
 11112, 56883,20171227,   25,    0
 11112, 56883,20171228,   25,    0
 11112, 56883,20171229,   52,    0
 11112, 56883,20171230,   94,    0
 11112, 56883,20171231,  102,    0
 11112, 56883,20180101,-9999,    9
 11112, 56883,20180102,-9999,    9
 11112, 56883,20180103,-9999,    9
 11112, 56883,20180104,-9999,    9
 11112, 56883,20180105,-9999,    9
 11112, 56883,20180106,-9999,    9
 11112, 56883,20180107,-9999,    9
 11112, 56883,20180108,-9999,    9
 11112, 56883,20180109,-9999,    9
 11112, 56883,20180110,-9999,    9
 11112, 56883,20180111,-9999,    9
 11112, 56883,20180112,-9999,    9
 11112, 56883,20180113,-9999,    9
 11112, 56883,20180114,-9999,    9
 11112, 56883,20180115,-9999,    9
 11112, 56883,20180116,-9999,    9
 11112, 56883,20180117,-9999,    9
 11112, 56883,20180118,-9999,    9
 11112, 56883,20180119,-9999,    9
 11112, 56883,20180120,-9999,    9
 11112, 56883,20180121,-9999,    9
 11112, 56883,20180122,-9999,    9
 11112, 56883,20180123,-9999,    9
 11112, 56883,20180124,-9999,    9
 11112, 56883,20180125,-9999,    9
 11112, 56883,20180126,-9999,    9
 11112, 56883,20180127,-9999,    9
 11112, 56883,20180128,-9999,    9
 11112, 56883,20180129,-9999,    9
 11112, 56883,20180130,-9999,    9
 11112, 56883,20180131,-9999,    9
 11112, 56883,20180201,-9999,    9
 11112, 56883,20180202,-9999,    9
 11112, 56883,20180203,-9999,    9
 11112, 56883,20180204,-9999,    9
 11112, 56883,20180205,-9999,    9
 11112, 56883,20180206,-9999,    9
 11112, 56883,20180207,-9999,    9
 11112, 56883,20180208,-9999,    9
 11112, 56883,20180209,-9999,    9
 11112, 56883,20180210,-9999,    9
 11112, 56883,20180211,-9999,    9
 11112, 56883,20180212,-9999,    9
 11112, 56883,20180213,-9999,    9
 11112, 56883,20180214,-9999,    9
 11112, 56883,20180215,-9999,    9
 11112, 56883,20180216,-9999,    9
 11112, 56883,20180217,-9999,    9
 11112, 56883,20180218,-9999,    9
 11112, 56883,20180219,-9999,    9
 11112, 56883,20180220,-9999,    9
 11112, 56883,20180221,-9999,    9
 11112, 56883,20180222,-9999,    9
 11112, 56883,20180223,-9999,    9
 11112, 56883,20180224,-9999,    9
 11112, 56883,20180225,-9999,    9
 11112, 56883,20180226,-9999,    9
 11112, 56883,20180227,-9999,    9
 11112, 56883,20180228,-9999,    9
 11112, 56883,20180301,-9999,    9
 11112, 56883,20180302,-9999,    9
 11112, 56883,20180303,-9999,    9
 11112, 56883,20180304,-9999,    9
 11112, 56883,20180305,-9999,    9
 11112, 56883,20180306,-9999,    9
 11112, 56883,20180307,-9999,    9
 11112, 56883,20180308,-9999,    9
 11112, 56883,20180309,-9999,    9
 11112, 56883,20180310,-9999,    9
 11112, 56883,20180311,-9999,    9
 11112, 56883,20180312,-9999,    9
 11112, 56883,20180313,-9999,    9
 11112, 56883,20180314,-9999,    9
 11112, 56883,20180315,-9999,    9
 11112, 56883,20180316,-9999,    9
 11112, 56883,20180317,-9999,    9
 11112, 56883,20180318,-9999,    9
 11112, 56883,20180319,-9999,    9
 11112, 56883,20180320,-9999,    9
 11112, 56883,20180321,-9999,    9
 11112, 56883,20180322,-9999,    9
 11112, 56883,20180323,-9999,    9
 11112, 56883,20180324,-9999,    9
 11112, 56883,20180325,-9999,    9
 11112, 56883,20180326,-9999,    9
 11112, 56883,20180327,-9999,    9
 11112, 56883,20180328,-9999,    9
 11112, 56883,20180329,-9999,    9
 11112, 56883,20180330,-9999,    9
 11112, 56883,20180331,-9999,    9
 11112, 56883,20180401,-9999,    9
 11112, 56883,20180402,-9999,    9
 11112, 56883,20180403,-9999,    9
 11112, 56883,20180404,-9999,    9
 11112, 56883,20180405,-9999,    9
 11112, 56883,20180406,-9999,    9
 11112, 56883,20180407,-9999,    9
 11112, 56883,20180408,-9999,    9
 11112, 56883,20180409,-9999,    9
 11112, 56883,20180410,-9999,    9
 11112, 56883,20180411,-9999,    9
 11112, 56883,20180412,-9999,    9
 11112, 56883,20180413,-9999,    9
 11112, 56883,20180414,-9999,    9
 11112, 56883,20180415,-9999,    9
 11112, 56883,20180416,-9999,    9
 11112, 56883,20180417,-9999,    9
 11112, 56883,20180418,-9999,    9
 11112, 56883,20180419,-9999,    9
 11112, 56883,20180420,-9999,    9
 11112, 56883,20180421,-9999,    9
 11112, 56883,20180422,-9999,    9
 11112, 56883,20180423,-9999,    9
 11112, 56883,20180424,-9999,    9
 11112, 56883,20180425,-9999,    9
 11112, 56883,20180426,-9999,    9
 11112, 56883,20180427,-9999,    9
 11112, 56883,20180428,-9999,    9
 11112, 56883,20180429,-9999,    9
 11112, 56883,20180430,-9999,    9
 11112, 56883,20180501,-9999,    9
 11112, 56883,20180502,-9999,    9
 11112, 56883,20180503,-9999,    9
 11112, 56883,20180504,-9999,    9
 11112, 56883,20180505,-9999,    9
 11112, 56883,20180506,-9999,    9
 11112, 56883,20180507,-9999,    9
 11112, 56883,20180508,-9999,    9
 11112, 56883,20180509,-9999,    9
 11112, 56883,20180510,-9999,    9
 11112, 56883,20180511,-9999,    9
 11112, 56883,20180512,-9999,    9
 11112, 56883,20180513,-9999,    9
 11112, 56883,20180514,-9999,    9
 11112, 56883,20180515,-9999,    9
 11112, 56883,20180516,-9999,    9
 11112, 56883,20180517,-9999,    9
 11112, 56883,20180518,-9999,    9
 11112, 56883,20180519,-9999,    9
 11112, 56883,20180520,-9999,    9
 11112, 56883,20180521,-9999,    9
 11112, 56883,20180522,-9999,    9
 11112, 56883,20180523,-9999,    9
 11112, 56883,20180524,-9999,    9
 11112, 56883,20180525,-9999,    9
 11112, 56883,20180526,-9999,    9
 11112, 56883,20180527,-9999,    9
 11112, 56883,20180528,-9999,    9
 11112, 56883,20180529,-9999,    9
 11112, 56883,20180530,-9999,    9
 11112, 56883,20180531,-9999,    9
 11112, 56883,20180601,-9999,    9
 11112, 56883,20180602,-9999,    9
 11112, 56883,20180603,-9999,    9
 11112, 56883,20180604,-9999,    9
 11112, 56883,20180605,-9999,    9
 11112, 56883,20180606,-9999,    9
 11112, 56883,20180607,-9999,    9
 11112, 56883,20180608,-9999,    9
 11112, 56883,20180609,-9999,    9
 11112, 56883,20180610,-9999,    9
 11112, 56883,20180611,-9999,    9
 11112, 56883,20180612,-9999,    9
 11112, 56883,20180613,-9999,    9
 11112, 56883,20180614,-9999,    9
 11112, 56883,20180615,-9999,    9
 11112, 56883,20180616,-9999,    9
 11112, 56883,20180617,-9999,    9
 11112, 56883,20180618,-9999,    9
 11112, 56883,20180619,-9999,    9
 11112, 56883,20180620,-9999,    9
 11112, 56883,20180621,-9999,    9
 11112, 56883,20180622,-9999,    9
 11112, 56883,20180623,-9999,    9
 11112, 56883,20180624,-9999,    9
 11112, 56883,20180625,-9999,    9
 11112, 56883,20180626,-9999,    9
 11112, 56883,20180627,-9999,    9
 11112, 56883,20180628,-9999,    9
 11112, 56883,20180629,-9999,    9
 11112, 56883,20180630,-9999,    9
 11112, 56883,20180701,-9999,    9
 11112, 56883,20180702,-9999,    9
 11112, 56883,20180703,-9999,    9
 11112, 56883,20180704,-9999,    9
 11112, 56883,20180705,-9999,    9
 11112, 56883,20180706,-9999,    9
 11112, 56883,20180707,-9999,    9
 11112, 56883,20180708,-9999,    9
 11112, 56883,20180709,-9999,    9
 11112, 56883,20180710,-9999,    9
 11112, 56883,20180711,-9999,    9
 11112, 56883,20180712,-9999,    9
 11112, 56883,20180713,-9999,    9
 11112, 56883,20180714,-9999,    9
 11112, 56883,20180715,-9999,    9
 11112, 56883,20180716,-9999,    9
 11112, 56883,20180717,-9999,    9
 11112, 56883,20180718,-9999,    9
 11112, 56883,20180719,-9999,    9
 11112, 56883,20180720,-9999,    9
 11112, 56883,20180721,-9999,    9
 11112, 56883,20180722,-9999,    9
 11112, 56883,20180723,-9999,    9
 11112, 56883,20180724,-9999,    9
 11112, 56883,20180725,-9999,    9
 11112, 56883,20180726,-9999,    9
 11112, 56883,20180727,-9999,    9
 11112, 56883,20180728,-9999,    9
 11112, 56883,20180729,-9999,    9
 11112, 56883,20180730,-9999,    9
 11112, 56883,20180731,-9999,    9
 11112, 56883,20180801,-9999,    9
 11112, 56883,20180802,-9999,    9
 11112, 56883,20180803,-9999,    9
 11112, 56883,20180804,-9999,    9
 11112, 56883,20180805,-9999,    9
 11112, 56883,20180806,-9999,    9
 11112, 56883,20180807,-9999,    9
 11112, 56883,20180808,-9999,    9
 11112, 56883,20180809,-9999,    9
 11112, 56883,20180810,-9999,    9
 11112, 56883,20180811,-9999,    9
 11112, 56883,20180812,-9999,    9
 11112, 56883,20180813,-9999,    9
 11112, 56883,20180814,-9999,    9
 11112, 56883,20180815,-9999,    9
 11112, 56883,20180816,-9999,    9
 11112, 56883,20180817,-9999,    9
 11112, 56883,20180818,-9999,    9
 11112, 56883,20180819,-9999,    9
 11112, 56883,20180820,-9999,    9
 11112, 56883,20180821,-9999,    9
 11112, 56883,20180822,-9999,    9
 11112, 56883,20180823,-9999,    9
 11112, 56883,20180824,-9999,    9
 11112, 56883,20180825,-9999,    9
 11112, 56883,20180826,-9999,    9
 11112, 56883,20180827,-9999,    9
 11112, 56883,20180828,-9999,    9
 11112, 56883,20180829,-9999,    9
 11112, 56883,20180830,-9999,    9
 11112, 56883,20180831,-9999,    9
 11112, 56883,20180901,-9999,    9
 11112, 56883,20180902,-9999,    9
 11112, 56883,20180903,-9999,    9
 11112, 56883,20180904,-9999,    9
 11112, 56883,20180905,-9999,    9
 11112, 56883,20180906,-9999,    9
 11112, 56883,20180907,-9999,    9
 11112, 56883,20180908,-9999,    9
 11112, 56883,20180909,-9999,    9
 11112, 56883,20180910,-9999,    9
 11112, 56883,20180911,-9999,    9
 11112, 56883,20180912,-9999,    9
 11112, 56883,20180913,-9999,    9
 11112, 56883,20180914,-9999,    9
 11112, 56883,20180915,-9999,    9
 11112, 56883,20180916,-9999,    9
 11112, 56883,20180917,-9999,    9
 11112, 56883,20180918,-9999,    9
 11112, 56883,20180919,-9999,    9
 11112, 56883,20180920,-9999,    9
 11112, 56883,20180921,-9999,    9
 11112, 56883,20180922,-9999,    9
 11112, 56883,20180923,-9999,    9
 11112, 56883,20180924,-9999,    9
 11112, 56883,20180925,-9999,    9
 11112, 56883,20180926,-9999,    9
 11112, 56883,20180927,-9999,    9
 11112, 56883,20180928,-9999,    9
 11112, 56883,20180929,-9999,    9
 11112, 56883,20180930,-9999,    9
 11112, 56883,20181001,-9999,    9
 11112, 56883,20181002,-9999,    9
 11112, 56883,20181003,-9999,    9
 11112, 56883,20181004,-9999,    9
 11112, 56883,20181005,-9999,    9
 11112, 56883,20181006,-9999,    9
 11112, 56883,20181007,-9999,    9
 11112, 56883,20181008,-9999,    9
 11112, 56883,20181009,-9999,    9
 11112, 56883,20181010,-9999,    9
 11112, 56883,20181011,-9999,    9
 11112, 56883,20181012,-9999,    9
 11112, 56883,20181013,-9999,    9
 11112, 56883,20181014,-9999,    9
 11112, 56883,20181015,-9999,    9
 11112, 56883,20181016,-9999,    9
 11112, 56883,20181017,-9999,    9
 11112, 56883,20181018,-9999,    9
 11112, 56883,20181019,-9999,    9
 11112, 56883,20181020,-9999,    9
 11112, 56883,20181021,-9999,    9
 11112, 56883,20181022,-9999,    9
 11112, 56883,20181023,-9999,    9
 11112, 56883,20181024,-9999,    9
 11112, 56883,20181025,-9999,    9
 11112, 56883,20181026,-9999,    9
 11112, 56883,20181027,-9999,    9
 11112, 56883,20181028,-9999,    9
 11112, 56883,20181029,-9999,    9
 11112, 56883,20181030,-9999,    9
 11112, 56883,20181031,-9999,    9
 11112, 56883,20181101,-9999,    9
 11112, 56883,20181102,-9999,    9
 11112, 56883,20181103,-9999,    9
 11112, 56883,20181104,-9999,    9
 11112, 56883,20181105,-9999,    9
 11112, 56883,20181106,-9999,    9
 11112, 56883,20181107,-9999,    9
 11112, 56883,20181108,-9999,    9
 11112, 56883,20181109,-9999,    9
 11112, 56883,20181110,-9999,    9
 11112, 56883,20181111,-9999,    9
 11112, 56883,20181112,-9999,    9
 11112, 56883,20181113,-9999,    9
 11112, 56883,20181114,-9999,    9
 11112, 56883,20181115,-9999,    9
 11112, 56883,20181116,-9999,    9
 11112, 56883,20181117,-9999,    9
 11112, 56883,20181118,-9999,    9
 11112, 56883,20181119,-9999,    9
 11112, 56883,20181120,-9999,    9
 11112, 56883,20181121,-9999,    9
 11112, 56883,20181122,-9999,    9
 11112, 56883,20181123,-9999,    9
 11112, 56883,20181124,-9999,    9
 11112, 56883,20181125,-9999,    9
 11112, 56883,20181126,-9999,    9
 11112, 56883,20181127,-9999,    9
 11112, 56883,20181128,-9999,    9
 11112, 56883,20181129,-9999,    9
 11112, 56883,20181130,-9999,    9
 11112, 56883,20181201,-9999,    9
 11112, 56883,20181202,-9999,    9
 11112, 56883,20181203,-9999,    9
 11112, 56883,20181204,-9999,    9
 11112, 56883,20181205,-9999,    9
 11112, 56883,20181206,-9999,    9
 11112, 56883,20181207,-9999,    9
 11112, 56883,20181208,-9999,    9
 11112, 56883,20181209,-9999,    9
 11112, 56883,20181210,-9999,    9
 11112, 56883,20181211,-9999,    9
 11112, 56883,20181212,-9999,    9
 11112, 56883,20181213,-9999,    9
 11112, 56883,20181214,-9999,    9
 11112, 56883,20181215,-9999,    9
 11112, 56883,20181216,-9999,    9
 11112, 56883,20181217,-9999,    9
 11112, 56883,20181218,-9999,    9
 11112, 56883,20181219,-9999,    9
 11112, 56883,20181220,-9999,    9
 11112, 56883,20181221,-9999,    9
 11112, 56883,20181222,-9999,    9
 11112, 56883,20181223,-9999,    9
 11112, 56883,20181224,-9999,    9
 11112, 56883,20181225,-9999,    9
 11112, 56883,20181226,-9999,    9
 11112, 56883,20181227,-9999,    9
 11112, 56883,20181228,-9999,    9
 11112, 56883,20181229,-9999,    9
 11112, 56883,20181230,-9999,    9
 11112, 56883,20181231,-9999,    9
 11112, 56883,20190101,-9999,    9
 11112, 56883,20190102,-9999,    9
 11112, 56883,20190103,-9999,    9
 11112, 56883,20190104,-9999,    9
 11112, 56883,20190105,-9999,    9
 11112, 56883,20190106,-9999,    9
 11112, 56883,20190107,-9999,    9
 11112, 56883,20190108,-9999,    9
 11112, 56883,20190109,-9999,    9
 11112, 56883,20190110,-9999,    9
 11112, 56883,20190111,-9999,    9
 11112, 56883,20190112,-9999,    9
 11112, 56883,20190113,-9999,    9
 11112, 56883,20190114,-9999,    9
 11112, 56883,20190115,-9999,    9
 11112, 56883,20190116,-9999,    9
 11112, 56883,20190117,-9999,    9
 11112, 56883,20190118,-9999,    9
 11112, 56883,20190119,-9999,    9
 11112, 56883,20190120,-9999,    9
 11112, 56883,20190121,-9999,    9
 11112, 56883,20190122,-9999,    9
 11112, 56883,20190123,-9999,    9
 11112, 56883,20190124,-9999,    9
 11112, 56883,20190125,-9999,    9
 11112, 56883,20190126,-9999,    9
 11112, 56883,20190127,-9999,    9
 11112, 56883,20190128,-9999,    9
 11112, 56883,20190129,-9999,    9
 11112, 56883,20190130,-9999,    9
 11112, 56883,20190131,-9999,    9
 11112, 56883,20190201,-9999,    9
 11112, 56883,20190202,-9999,    9
 11112, 56883,20190203,-9999,    9
 11112, 56883,20190204,-9999,    9
 11112, 56883,20190205,-9999,    9
 11112, 56883,20190206,-9999,    9
 11112, 56883,20190207,-9999,    9
 11112, 56883,20190208,-9999,    9
 11112, 56883,20190209,-9999,    9
 11112, 56883,20190210,-9999,    9
 11112, 56883,20190211,-9999,    9
 11112, 56883,20190212,-9999,    9
 11112, 56883,20190213,-9999,    9
 11112, 56883,20190214,-9999,    9
 11112, 56883,20190215,-9999,    9
 11112, 56883,20190216,-9999,    9
 11112, 56883,20190217,-9999,    9
 11112, 56883,20190218,-9999,    9
 11112, 56883,20190219,-9999,    9
 11112, 56883,20190220,-9999,    9
 11112, 56883,20190221,-9999,    9
 11112, 56883,20190222,-9999,    9
 11112, 56883,20190223,-9999,    9
 11112, 56883,20190224,-9999,    9
 11112, 56883,20190225,-9999,    9
 11112, 56883,20190226,-9999,    9
 11112, 56883,20190227,-9999,    9
 11112, 56883,20190228,-9999,    9
 11112, 56883,20190301,-9999,    9
 11112, 56883,20190302,-9999,    9
 11112, 56883,20190303,-9999,    9
 11112, 56883,20190304,-9999,    9
 11112, 56883,20190305,-9999,    9
 11112, 56883,20190306,-9999,    9
 11112, 56883,20190307,-9999,    9
 11112, 56883,20190308,-9999,    9
 11112, 56883,20190309,-9999,    9
 11112, 56883,20190310,-9999,    9
 11112, 56883,20190311,-9999,    9
 11112, 56883,20190312,-9999,    9
 11112, 56883,20190313,-9999,    9
 11112, 56883,20190314,-9999,    9
 11112, 56883,20190315,-9999,    9
 11112, 56883,20190316,-9999,    9
 11112, 56883,20190317,-9999,    9
 11112, 56883,20190318,-9999,    9
 11112, 56883,20190319,-9999,    9
 11112, 56883,20190320,-9999,    9
 11112, 56883,20190321,-9999,    9
 11112, 56883,20190322,-9999,    9
 11112, 56883,20190323,-9999,    9
 11112, 56883,20190324,-9999,    9
 11112, 56883,20190325,-9999,    9
 11112, 56883,20190326,-9999,    9
 11112, 56883,20190327,-9999,    9
 11112, 56883,20190328,-9999,    9
 11112, 56883,20190329,-9999,    9
 11112, 56883,20190330,-9999,    9
 11112, 56883,20190331,-9999,    9
 11112, 56883,20190401,-9999,    9
 11112, 56883,20190402,-9999,    9
 11112, 56883,20190403,-9999,    9
 11112, 56883,20190404,-9999,    9
 11112, 56883,20190405,-9999,    9
 11112, 56883,20190406,-9999,    9
 11112, 56883,20190407,-9999,    9
 11112, 56883,20190408,-9999,    9
 11112, 56883,20190409,-9999,    9
 11112, 56883,20190410,-9999,    9
 11112, 56883,20190411,-9999,    9
 11112, 56883,20190412,-9999,    9
 11112, 56883,20190413,-9999,    9
 11112, 56883,20190414,-9999,    9
 11112, 56883,20190415,-9999,    9
 11112, 56883,20190416,-9999,    9
 11112, 56883,20190417,-9999,    9
 11112, 56883,20190418,-9999,    9
 11112, 56883,20190419,-9999,    9
 11112, 56883,20190420,-9999,    9
 11112, 56883,20190421,-9999,    9
 11112, 56883,20190422,-9999,    9
 11112, 56883,20190423,-9999,    9
 11112, 56883,20190424,-9999,    9
 11112, 56883,20190425,-9999,    9
 11112, 56883,20190426,-9999,    9
 11112, 56883,20190427,-9999,    9
 11112, 56883,20190428,-9999,    9
 11112, 56883,20190429,-9999,    9
 11112, 56883,20190430,-9999,    9
