EUROPEAN CLIMATE ASSESSMENT & DATASET (ECA&D), file created on: 13-05-2019
THESE DATA CAN BE USED FOR NON-COMMERCIAL RESEARCH AND EDUCATION PROVIDED THAT THE FOLLOWING SOURCE IS ACKNOWLEDGED: 

Klein Tank, A.M.G. and Coauthors, 2002. Daily dataset of 20th-century surface
air temperature and precipitation series for the European Climate Assessment.
Int. J. of Climatol., 22, 1441-1453.
Data and metadata available at http://www.ecad.eu

FILE FORMAT (MISSING VALUE CODE = -9999):

01-06 STAID: Station identifier
08-13 SOUID: Source identifier
15-22 DATE : Date YYYYMMDD
24-28 TG   : Mean temperature in 0.1 &#176;C
30-34 Q_TG : quality code for TG (0='valid'; 1='suspect'; 9='missing')

This is the blended series of station NORD ODAL, NORWAY (STAID: 183)
Blended and updated with sources:9694 
See files sources.txt and stations.txt for more info.

STAID, SOUID,    DATE,   TG, Q_TG
   183,  9694,20140801,-9999,    9
   183,  9694,20140802,-9999,    9
   183,  9694,20140803,-9999,    9
   183,  9694,20140804,-9999,    9
   183,  9694,20140805,-9999,    9
   183,  9694,20140806,-9999,    9
   183,  9694,20140807,-9999,    9
   183,  9694,20140808,-9999,    9
   183,  9694,20140809,-9999,    9
   183,  9694,20140810,-9999,    9
   183,  9694,20140811,-9999,    9
   183,  9694,20140812,-9999,    9
   183,  9694,20140813,-9999,    9
   183,  9694,20140814,-9999,    9
   183,  9694,20140815,-9999,    9
   183,  9694,20140816,-9999,    9
   183,  9694,20140817,-9999,    9
   183,  9694,20140818,-9999,    9
   183,  9694,20140819,-9999,    9
   183,  9694,20140820,-9999,    9
   183,  9694,20140821,-9999,    9
   183,  9694,20140822,-9999,    9
   183,  9694,20140823,-9999,    9
   183,  9694,20140824,-9999,    9
   183,  9694,20140825,-9999,    9
   183,  9694,20140826,-9999,    9
   183,  9694,20140827,-9999,    9
   183,  9694,20140828,-9999,    9
   183,  9694,20140829,-9999,    9
   183,  9694,20140830,-9999,    9
   183,  9694,20140831,-9999,    9
   183,  9694,20140901,-9999,    9
   183,  9694,20140902,-9999,    9
   183,  9694,20140903,-9999,    9
   183,  9694,20140904,-9999,    9
   183,  9694,20140905,-9999,    9
   183,  9694,20140906,-9999,    9
   183,  9694,20140907,-9999,    9
   183,  9694,20140908,-9999,    9
   183,  9694,20140909,-9999,    9
   183,  9694,20140910,-9999,    9
   183,  9694,20140911,-9999,    9
   183,  9694,20140912,-9999,    9
   183,  9694,20140913,-9999,    9
   183,  9694,20140914,-9999,    9
   183,  9694,20140915,-9999,    9
   183,  9694,20140916,-9999,    9
   183,  9694,20140917,-9999,    9
   183,  9694,20140918,-9999,    9
   183,  9694,20140919,-9999,    9
   183,  9694,20140920,-9999,    9
   183,  9694,20140921,-9999,    9
   183,  9694,20140922,-9999,    9
   183,  9694,20140923,-9999,    9
   183,  9694,20140924,-9999,    9
   183,  9694,20140925,-9999,    9
   183,  9694,20140926,-9999,    9
   183,  9694,20140927,-9999,    9
   183,  9694,20140928,-9999,    9
   183,  9694,20140929,-9999,    9
   183,  9694,20140930,-9999,    9
   183,  9694,20141001,-9999,    9
   183,  9694,20141002,-9999,    9
   183,  9694,20141003,-9999,    9
   183,  9694,20141004,-9999,    9
   183,  9694,20141005,-9999,    9
   183,  9694,20141006,-9999,    9
   183,  9694,20141007,-9999,    9
   183,  9694,20141008,-9999,    9
   183,  9694,20141009,-9999,    9
   183,  9694,20141010,-9999,    9
   183,  9694,20141011,-9999,    9
   183,  9694,20141012,-9999,    9
   183,  9694,20141013,-9999,    9
   183,  9694,20141014,-9999,    9
   183,  9694,20141015,-9999,    9
   183,  9694,20141016,-9999,    9
   183,  9694,20141017,-9999,    9
   183,  9694,20141018,-9999,    9
   183,  9694,20141019,-9999,    9
   183,  9694,20141020,-9999,    9
   183,  9694,20141021,-9999,    9
   183,  9694,20141022,-9999,    9
   183,  9694,20141023,-9999,    9
   183,  9694,20141024,-9999,    9
   183,  9694,20141025,-9999,    9
   183,  9694,20141026,-9999,    9
   183,  9694,20141027,-9999,    9
   183,  9694,20141028,-9999,    9
   183,  9694,20141029,-9999,    9
   183,  9694,20141030,-9999,    9
   183,  9694,20141031,-9999,    9
   183,  9694,20141101,-9999,    9
   183,  9694,20141102,-9999,    9
   183,  9694,20141103,-9999,    9
   183,  9694,20141104,-9999,    9
   183,  9694,20141105,-9999,    9
   183,  9694,20141106,-9999,    9
   183,  9694,20141107,-9999,    9
   183,  9694,20141108,-9999,    9
   183,  9694,20141109,-9999,    9
   183,  9694,20141110,-9999,    9
   183,  9694,20141111,-9999,    9
   183,  9694,20141112,-9999,    9
   183,  9694,20141113,-9999,    9
   183,  9694,20141114,   47,    0
   183,  9694,20141115,   51,    0
   183,  9694,20141116,   43,    0
   183,  9694,20141117,   33,    0
   183,  9694,20141118,   29,    0
   183,  9694,20141119,   23,    0
   183,  9694,20141120,   13,    0
   183,  9694,20141121,   10,    0
   183,  9694,20141122,    6,    0
   183,  9694,20141123,   31,    0
   183,  9694,20141124,   44,    0
   183,  9694,20141125,   -7,    0
   183,  9694,20141126,  -28,    0
   183,  9694,20141127,  -38,    0
   183,  9694,20141128,   -9,    0
   183,  9694,20141129,   -8,    0
   183,  9694,20141130,   -6,    0
   183,  9694,20141201,   -8,    0
   183,  9694,20141202,   -8,    0
   183,  9694,20141203,  -13,    0
   183,  9694,20141204,  -17,    0
   183,  9694,20141205,    4,    0
   183,  9694,20141206,  -16,    0
   183,  9694,20141207,   33,    0
   183,  9694,20141208,  -11,    0
   183,  9694,20141209,  -39,    0
   183,  9694,20141210,   23,    0
   183,  9694,20141211,   16,    0
   183,  9694,20141212,   10,    0
   183,  9694,20141213,  -17,    0
   183,  9694,20141214,   -2,    0
   183,  9694,20141215,   24,    0
   183,  9694,20141216,   -8,    0
   183,  9694,20141217,  -56,    0
   183,  9694,20141218,  -28,    0
   183,  9694,20141219,  -23,    0
   183,  9694,20141220,  -88,    0
   183,  9694,20141221,  -95,    0
   183,  9694,20141222,  -40,    0
   183,  9694,20141223, -121,    0
   183,  9694,20141224, -103,    0
   183,  9694,20141225, -171,    0
   183,  9694,20141226, -175,    0
   183,  9694,20141227, -219,    0
   183,  9694,20141228, -176,    0
   183,  9694,20141229, -116,    0
   183,  9694,20141230,  -90,    0
   183,  9694,20141231,  -50,    0
   183,  9694,20150101,   14,    0
   183,  9694,20150102,   38,    0
   183,  9694,20150103,  -25,    0
   183,  9694,20150104,  -74,    0
   183,  9694,20150105,  -66,    0
   183,  9694,20150106,   -2,    0
   183,  9694,20150107,    6,    0
   183,  9694,20150108,   18,    0
   183,  9694,20150109,  -50,    0
   183,  9694,20150110,  -41,    0
   183,  9694,20150111,  -65,    0
   183,  9694,20150112,  -71,    0
   183,  9694,20150113,    2,    0
   183,  9694,20150114,  -19,    0
   183,  9694,20150115,    0,    0
   183,  9694,20150116,   21,    0
   183,  9694,20150117,  -12,    0
   183,  9694,20150118,  -84,    0
   183,  9694,20150119,  -42,    0
   183,  9694,20150120,  -26,    0
   183,  9694,20150121,  -20,    0
   183,  9694,20150122,  -53,    0
   183,  9694,20150123, -129,    0
   183,  9694,20150124,   -3,    0
   183,  9694,20150125,  -83,    0
   183,  9694,20150126,    3,    0
   183,  9694,20150127,  -75,    0
   183,  9694,20150128,   13,    0
   183,  9694,20150129,    7,    0
   183,  9694,20150130,   -9,    0
   183,  9694,20150131,  -14,    0
   183,  9694,20150201,  -35,    0
   183,  9694,20150202,  -53,    0
   183,  9694,20150203,  -79,    0
   183,  9694,20150204, -132,    0
   183,  9694,20150205, -151,    0
   183,  9694,20150206,  -92,    0
   183,  9694,20150207,  -54,    0
   183,  9694,20150208,  -39,    0
   183,  9694,20150209,  -42,    0
   183,  9694,20150210,  -10,    0
   183,  9694,20150211,   14,    0
   183,  9694,20150212,   -8,    0
   183,  9694,20150213,   -9,    0
   183,  9694,20150214,  -11,    0
   183,  9694,20150215,  -14,    0
   183,  9694,20150216,  -34,    0
   183,  9694,20150217,    9,    0
   183,  9694,20150218,   38,    0
   183,  9694,20150219,   44,    0
   183,  9694,20150220,   35,    0
   183,  9694,20150221,   -4,    0
   183,  9694,20150222,  -23,    0
   183,  9694,20150223,    5,    0
   183,  9694,20150224,   12,    0
   183,  9694,20150225,   25,    0
   183,  9694,20150226,   21,    0
   183,  9694,20150227,   10,    0
   183,  9694,20150228,   11,    0
   183,  9694,20150301,   10,    0
   183,  9694,20150302,   26,    0
   183,  9694,20150303,    8,    0
   183,  9694,20150304,  -15,    0
   183,  9694,20150305,  -13,    0
   183,  9694,20150306,   36,    0
   183,  9694,20150307,   52,    0
   183,  9694,20150308,   59,    0
   183,  9694,20150309,   32,    0
   183,  9694,20150310,   59,    0
   183,  9694,20150311,   29,    0
   183,  9694,20150312,   17,    0
   183,  9694,20150313,   -2,    0
   183,  9694,20150314,    7,    0
   183,  9694,20150315,   12,    0
   183,  9694,20150316,   21,    0
   183,  9694,20150317,   24,    0
   183,  9694,20150318,   13,    0
   183,  9694,20150319,    1,    0
   183,  9694,20150320,   17,    0
   183,  9694,20150321,   -8,    0
   183,  9694,20150322,   -1,    0
   183,  9694,20150323,   44,    0
   183,  9694,20150324,   48,    0
   183,  9694,20150325,   -2,    0
   183,  9694,20150326,   -9,    0
   183,  9694,20150327,   15,    0
   183,  9694,20150328,   15,    0
   183,  9694,20150329,   15,    0
   183,  9694,20150330,   25,    0
   183,  9694,20150331,   12,    0
   183,  9694,20150401,   18,    0
   183,  9694,20150402,   29,    0
   183,  9694,20150403,   22,    0
   183,  9694,20150404,   20,    0
   183,  9694,20150405,   13,    0
   183,  9694,20150406,   42,    0
   183,  9694,20150407,   73,    0
   183,  9694,20150408,   75,    0
   183,  9694,20150409,   87,    0
   183,  9694,20150410,   83,    0
   183,  9694,20150411,   68,    0
   183,  9694,20150412,   72,    0
   183,  9694,20150413,   38,    0
   183,  9694,20150414,    8,    0
   183,  9694,20150415,   32,    0
   183,  9694,20150416,   46,    0
   183,  9694,20150417,   63,    0
   183,  9694,20150418,   54,    0
   183,  9694,20150419,   92,    0
   183,  9694,20150420,  127,    0
   183,  9694,20150421,   94,    0
   183,  9694,20150422,   97,    0
   183,  9694,20150423,   93,    0
   183,  9694,20150424,   49,    0
   183,  9694,20150425,   72,    0
   183,  9694,20150426,   63,    0
   183,  9694,20150427,   37,    0
   183,  9694,20150428,   45,    0
   183,  9694,20150429,   42,    0
   183,  9694,20150430,   46,    0
   183,  9694,20150501,-9999,    9
   183,  9694,20150502,   62,    0
   183,  9694,20150503,   55,    0
   183,  9694,20150504,   48,    0
   183,  9694,20150505,   79,    0
   183,  9694,20150506,  112,    0
   183,  9694,20150507,   84,    0
   183,  9694,20150508,   80,    0
   183,  9694,20150509,   65,    0
   183,  9694,20150510,   73,    0
   183,  9694,20150511,   74,    0
   183,  9694,20150512,   91,    0
   183,  9694,20150513,   74,    0
   183,  9694,20150514,   76,    0
   183,  9694,20150515,   80,    0
   183,  9694,20150516,   61,    0
   183,  9694,20150517,   50,    0
   183,  9694,20150518,   79,    0
   183,  9694,20150519,   61,    0
   183,  9694,20150520,   87,    0
   183,  9694,20150521,   89,    0
   183,  9694,20150522,   94,    0
   183,  9694,20150523,  103,    0
   183,  9694,20150524,   75,    0
   183,  9694,20150525,   97,    0
   183,  9694,20150526,   86,    0
   183,  9694,20150527,  108,    0
   183,  9694,20150528,   73,    0
   183,  9694,20150529,   90,    0
   183,  9694,20150530,   68,    0
   183,  9694,20150531,   94,    0
   183,  9694,20150601,  103,    0
   183,  9694,20150602,   78,    0
   183,  9694,20150603,  120,    0
   183,  9694,20150604,  122,    0
   183,  9694,20150605,  124,    0
   183,  9694,20150606,  117,    0
   183,  9694,20150607,  124,    0
   183,  9694,20150608,  111,    0
   183,  9694,20150609,  125,    0
   183,  9694,20150610,  139,    0
   183,  9694,20150611,  155,    0
   183,  9694,20150612,  168,    0
   183,  9694,20150613,  145,    0
   183,  9694,20150614,  117,    0
   183,  9694,20150615,  115,    0
   183,  9694,20150616,  128,    0
   183,  9694,20150617,   93,    0
   183,  9694,20150618,  108,    0
   183,  9694,20150619,  135,    0
   183,  9694,20150620,  163,    0
   183,  9694,20150621,  147,    0
   183,  9694,20150622,  134,    0
   183,  9694,20150623,  147,    0
   183,  9694,20150624,  140,    0
   183,  9694,20150625,  118,    0
   183,  9694,20150626,  132,    0
   183,  9694,20150627,  154,    0
   183,  9694,20150628,  149,    0
   183,  9694,20150629,  157,    0
   183,  9694,20150630,  176,    0
   183,  9694,20150701,  215,    0
   183,  9694,20150702,  206,    0
   183,  9694,20150703,  209,    0
   183,  9694,20150704,  217,    0
   183,  9694,20150705,  210,    0
   183,  9694,20150706,  164,    0
   183,  9694,20150707,  170,    0
   183,  9694,20150708,  120,    0
   183,  9694,20150709,  109,    0
   183,  9694,20150710,  132,    0
   183,  9694,20150711,  153,    0
   183,  9694,20150712,  157,    0
   183,  9694,20150713,  163,    0
   183,  9694,20150714,  165,    0
   183,  9694,20150715,  154,    0
   183,  9694,20150716,  119,    0
   183,  9694,20150717,  141,    0
   183,  9694,20150718,  143,    0
   183,  9694,20150719,  163,    0
   183,  9694,20150720,  163,    0
   183,  9694,20150721,  131,    0
   183,  9694,20150722,  171,    0
   183,  9694,20150723,  144,    0
   183,  9694,20150724,  137,    0
   183,  9694,20150725,  122,    0
   183,  9694,20150726,  109,    0
   183,  9694,20150727,  138,    0
   183,  9694,20150728,  139,    0
   183,  9694,20150729,  139,    0
   183,  9694,20150730,  160,    0
   183,  9694,20150731,  138,    0
   183,  9694,20150801,  136,    0
   183,  9694,20150802,  136,    0
   183,  9694,20150803,  127,    0
   183,  9694,20150804,  129,    0
   183,  9694,20150805,  161,    0
   183,  9694,20150806,  157,    0
   183,  9694,20150807,  148,    0
   183,  9694,20150808,  166,    0
   183,  9694,20150809,  148,    0
   183,  9694,20150810,  158,    0
   183,  9694,20150811,  151,    0
   183,  9694,20150812,  153,    0
   183,  9694,20150813,  144,    0
   183,  9694,20150814,  146,    0
   183,  9694,20150815,  156,    0
   183,  9694,20150816,  162,    0
   183,  9694,20150817,  159,    0
   183,  9694,20150818,  151,    0
   183,  9694,20150819,  155,    0
   183,  9694,20150820,  148,    0
   183,  9694,20150821,  152,    0
   183,  9694,20150822,  150,    0
   183,  9694,20150823,  160,    0
   183,  9694,20150824,  146,    0
   183,  9694,20150825,  165,    0
   183,  9694,20150826,  155,    0
   183,  9694,20150827,  150,    0
   183,  9694,20150828,  148,    0
   183,  9694,20150829,  143,    0
   183,  9694,20150830,  154,    0
   183,  9694,20150831,  140,    0
   183,  9694,20150901,  128,    0
   183,  9694,20150902,  115,    0
   183,  9694,20150903,  122,    0
   183,  9694,20150904,  127,    0
   183,  9694,20150905,  109,    0
   183,  9694,20150906,  101,    0
   183,  9694,20150907,  102,    0
   183,  9694,20150908,  122,    0
   183,  9694,20150909,  125,    0
   183,  9694,20150910,  125,    0
   183,  9694,20150911,  109,    0
   183,  9694,20150912,  110,    0
   183,  9694,20150913,  128,    0
   183,  9694,20150914,  140,    0
   183,  9694,20150915,  122,    0
   183,  9694,20150916,  103,    0
   183,  9694,20150917,  135,    0
   183,  9694,20150918,  139,    0
   183,  9694,20150919,  115,    0
   183,  9694,20150920,   84,    0
   183,  9694,20150921,   88,    0
   183,  9694,20150922,   98,    0
   183,  9694,20150923,  120,    0
   183,  9694,20150924,  122,    0
   183,  9694,20150925,  104,    0
   183,  9694,20150926,   67,    0
   183,  9694,20150927,   91,    0
   183,  9694,20150928,   87,    0
   183,  9694,20150929,   99,    0
   183,  9694,20150930,  101,    0
   183,  9694,20151001,   97,    0
   183,  9694,20151002,  121,    0
   183,  9694,20151003,   79,    0
   183,  9694,20151004,   78,    0
   183,  9694,20151005,   64,    0
   183,  9694,20151006,   75,    0
   183,  9694,20151007,   67,    0
   183,  9694,20151008,   64,    0
   183,  9694,20151009,   62,    0
   183,  9694,20151010,   60,    0
   183,  9694,20151011,   67,    0
   183,  9694,20151012,   64,    0
   183,  9694,20151013,   35,    0
   183,  9694,20151014,   13,    0
   183,  9694,20151015,    8,    0
   183,  9694,20151016,   12,    0
   183,  9694,20151017,   21,    0
   183,  9694,20151018,   38,    0
   183,  9694,20151019,   17,    0
   183,  9694,20151020,   52,    0
   183,  9694,20151021,   66,    0
   183,  9694,20151022,  102,    0
   183,  9694,20151023,   75,    0
   183,  9694,20151024,   63,    0
   183,  9694,20151025,   73,    0
   183,  9694,20151026,   36,    0
   183,  9694,20151027,   24,    0
   183,  9694,20151028,   48,    0
   183,  9694,20151029,   41,    0
   183,  9694,20151030,   48,    0
   183,  9694,20151031,   77,    0
   183,  9694,20151101,   94,    0
   183,  9694,20151102,   91,    0
   183,  9694,20151103,   67,    0
   183,  9694,20151104,   36,    0
   183,  9694,20151105,   34,    0
   183,  9694,20151106,   58,    0
   183,  9694,20151107,   87,    0
   183,  9694,20151108,   58,    0
   183,  9694,20151109,   62,    0
   183,  9694,20151110,   25,    0
   183,  9694,20151111,   -1,    0
   183,  9694,20151112,   16,    0
   183,  9694,20151113,   46,    0
   183,  9694,20151114,   31,    0
   183,  9694,20151115,   17,    0
   183,  9694,20151116,   -1,    0
   183,  9694,20151117,   21,    0
   183,  9694,20151118,   10,    0
   183,  9694,20151119,  -19,    0
   183,  9694,20151120,  -53,    0
   183,  9694,20151121,  -55,    0
   183,  9694,20151122,  -68,    0
   183,  9694,20151123,  -75,    0
   183,  9694,20151124,    0,    0
   183,  9694,20151125,   16,    0
   183,  9694,20151126,  -16,    0
   183,  9694,20151127,   75,    0
   183,  9694,20151128,   30,    0
   183,  9694,20151129,   18,    0
   183,  9694,20151130,  -27,    0
   183,  9694,20151201,  -42,    0
   183,  9694,20151202,   -8,    0
   183,  9694,20151203,  -12,    0
   183,  9694,20151204,    6,    0
   183,  9694,20151205,   74,    0
   183,  9694,20151206,   69,    0
   183,  9694,20151207,   21,    0
   183,  9694,20151208,   18,    0
   183,  9694,20151209,   53,    0
   183,  9694,20151210,   63,    0
   183,  9694,20151211,   -1,    0
   183,  9694,20151212,  -52,    0
   183,  9694,20151213,  -54,    0
   183,  9694,20151214,  -96,    0
   183,  9694,20151215, -104,    0
   183,  9694,20151216,  -87,    0
   183,  9694,20151217,  -14,    0
   183,  9694,20151218,   40,    0
   183,  9694,20151219,   54,    0
   183,  9694,20151220,   84,    0
   183,  9694,20151221,   63,    0
   183,  9694,20151222,   38,    0
   183,  9694,20151223,   29,    0
   183,  9694,20151224,   53,    0
   183,  9694,20151225,   36,    0
   183,  9694,20151226,  -33,    0
   183,  9694,20151227,  -61,    0
   183,  9694,20151228,  -39,    0
   183,  9694,20151229,  -28,    0
   183,  9694,20151230,   -1,    0
   183,  9694,20151231,   -8,    0
   183,  9694,20160101,    2,    0
   183,  9694,20160102,  -33,    0
   183,  9694,20160103,  -74,    0
   183,  9694,20160104,  -98,    0
   183,  9694,20160105, -124,    0
   183,  9694,20160106, -151,    0
   183,  9694,20160107, -160,    0
   183,  9694,20160108, -123,    0
   183,  9694,20160109, -112,    0
   183,  9694,20160110,  -73,    0
   183,  9694,20160111,  -30,    0
   183,  9694,20160112,  -52,    0
   183,  9694,20160113, -114,    0
   183,  9694,20160114, -204,    0
   183,  9694,20160115, -182,    0
   183,  9694,20160116, -145,    0
   183,  9694,20160117, -230,    0
   183,  9694,20160118, -214,    0
   183,  9694,20160119, -209,    0
   183,  9694,20160120, -207,    0
   183,  9694,20160121, -217,    0
   183,  9694,20160122, -181,    0
   183,  9694,20160123,  -52,    0
   183,  9694,20160124,  -34,    0
   183,  9694,20160125,  -25,    0
   183,  9694,20160126,   19,    0
   183,  9694,20160127,   30,    0
   183,  9694,20160128,   12,    0
   183,  9694,20160129,   34,    0
   183,  9694,20160130,   18,    0
   183,  9694,20160131,  -26,    0
   183,  9694,20160201,  -57,    0
   183,  9694,20160202,   12,    0
   183,  9694,20160203,  -37,    0
   183,  9694,20160204,  -94,    0
   183,  9694,20160205,  -69,    0
   183,  9694,20160206,   26,    0
   183,  9694,20160207,   42,    0
   183,  9694,20160208,   24,    0
   183,  9694,20160209,   23,    0
   183,  9694,20160210,   10,    0
   183,  9694,20160211,   -6,    0
   183,  9694,20160212,  -33,    0
   183,  9694,20160213,  -62,    0
   183,  9694,20160214,  -86,    0
   183,  9694,20160215,  -93,    0
   183,  9694,20160216,  -83,    0
   183,  9694,20160217,    8,    0
   183,  9694,20160218,  -39,    0
   183,  9694,20160219,  -30,    0
   183,  9694,20160220,    5,    0
   183,  9694,20160221,   -6,    0
   183,  9694,20160222,  -41,    0
   183,  9694,20160223,  -50,    0
   183,  9694,20160224,  -66,    0
   183,  9694,20160225,  -74,    0
   183,  9694,20160226,  -37,    0
   183,  9694,20160227,  -65,    0
   183,  9694,20160228,  -67,    0
   183,  9694,20160229,  -55,    0
   183,  9694,20160301,  -13,    0
   183,  9694,20160302,  -16,    0
   183,  9694,20160303,    0,    0
   183,  9694,20160304,    2,    0
   183,  9694,20160305,    2,    0
   183,  9694,20160306,   -5,    0
   183,  9694,20160307,   -4,    0
   183,  9694,20160308,   -6,    0
   183,  9694,20160309,    8,    0
   183,  9694,20160310,   17,    0
   183,  9694,20160311,   10,    0
   183,  9694,20160312,    4,    0
   183,  9694,20160313,   20,    0
   183,  9694,20160314,   34,    0
   183,  9694,20160315,   64,    0
   183,  9694,20160316,   32,    0
   183,  9694,20160317,   46,    0
   183,  9694,20160318,   37,    0
   183,  9694,20160319,   27,    0
   183,  9694,20160320,   23,    0
   183,  9694,20160321,   22,    0
   183,  9694,20160322,   22,    0
   183,  9694,20160323,   23,    0
   183,  9694,20160324,    5,    0
   183,  9694,20160325,   31,    0
   183,  9694,20160326,   28,    0
   183,  9694,20160327,   42,    0
   183,  9694,20160328,   57,    0
   183,  9694,20160329,   51,    0
   183,  9694,20160330,   22,    0
   183,  9694,20160331,    5,    0
   183,  9694,20160401,   22,    0
   183,  9694,20160402,   38,    0
   183,  9694,20160403,   42,    0
   183,  9694,20160404,   48,    0
   183,  9694,20160405,   49,    0
   183,  9694,20160406,   60,    0
   183,  9694,20160407,   49,    0
   183,  9694,20160408,   37,    0
   183,  9694,20160409,   41,    0
   183,  9694,20160410,   39,    0
   183,  9694,20160411,   39,    0
   183,  9694,20160412,   41,    0
   183,  9694,20160413,   53,    0
   183,  9694,20160414,   50,    0
   183,  9694,20160415,   60,    0
   183,  9694,20160416,   57,    0
   183,  9694,20160417,   36,    0
   183,  9694,20160418,   55,    0
   183,  9694,20160419,   55,    0
   183,  9694,20160420,   59,    0
   183,  9694,20160421,   69,    0
   183,  9694,20160422,   43,    0
   183,  9694,20160423,   22,    0
   183,  9694,20160424,   24,    0
   183,  9694,20160425,   25,    0
   183,  9694,20160426,   25,    0
   183,  9694,20160427,   50,    0
   183,  9694,20160428,   35,    0
   183,  9694,20160429,   50,    0
   183,  9694,20160430,   55,    0
   183,  9694,20160501,   57,    0
   183,  9694,20160502,   73,    0
   183,  9694,20160503,   78,    0
   183,  9694,20160504,   82,    0
   183,  9694,20160505,   89,    0
   183,  9694,20160506,   99,    0
   183,  9694,20160507,  116,    0
   183,  9694,20160508,  144,    0
   183,  9694,20160509,  158,    0
   183,  9694,20160510,  156,    0
   183,  9694,20160511,  116,    0
   183,  9694,20160512,  138,    0
   183,  9694,20160513,   79,    0
   183,  9694,20160514,   71,    0
   183,  9694,20160515,   89,    0
   183,  9694,20160516,   96,    0
   183,  9694,20160517,  102,    0
   183,  9694,20160518,  118,    0
   183,  9694,20160519,  112,    0
   183,  9694,20160520,  110,    0
   183,  9694,20160521,  122,    0
   183,  9694,20160522,  128,    0
   183,  9694,20160523,  129,    0
   183,  9694,20160524,   90,    0
   183,  9694,20160525,  115,    0
   183,  9694,20160526,  118,    0
   183,  9694,20160527,  140,    0
   183,  9694,20160528,  122,    0
   183,  9694,20160529,  124,    0
   183,  9694,20160530,  148,    0
   183,  9694,20160531,  183,    0
   183,  9694,20160601,  202,    0
   183,  9694,20160602,  206,    0
   183,  9694,20160603,  216,    0
   183,  9694,20160604,  159,    0
   183,  9694,20160605,  144,    0
   183,  9694,20160606,  159,    0
   183,  9694,20160607,  170,    0
   183,  9694,20160608,  132,    0
   183,  9694,20160609,  112,    0
   183,  9694,20160610,   96,    0
   183,  9694,20160611,  105,    0
   183,  9694,20160612,  139,    0
   183,  9694,20160613,  143,    0
   183,  9694,20160614,  164,    0
   183,  9694,20160615,  123,    0
   183,  9694,20160616,  180,    0
   183,  9694,20160617,  145,    0
   183,  9694,20160618,  148,    0
   183,  9694,20160619,  134,    0
   183,  9694,20160620,  125,    0
   183,  9694,20160621,  170,    0
   183,  9694,20160622,  158,    0
   183,  9694,20160623,  164,    0
   183,  9694,20160624,  175,    0
   183,  9694,20160625,  194,    0
   183,  9694,20160626,  170,    0
   183,  9694,20160627,  154,    0
   183,  9694,20160628,  165,    0
   183,  9694,20160629,  152,    0
   183,  9694,20160630,  140,    0
   183,  9694,20160701,  134,    0
   183,  9694,20160702,  127,    0
   183,  9694,20160703,  131,    0
   183,  9694,20160704,  138,    0
   183,  9694,20160705,  133,    0
   183,  9694,20160706,  149,    0
   183,  9694,20160707,  144,    0
   183,  9694,20160708,  164,    0
   183,  9694,20160709,  147,    0
   183,  9694,20160710,  165,    0
   183,  9694,20160711,  157,    0
   183,  9694,20160712,  162,    0
   183,  9694,20160713,  156,    0
   183,  9694,20160714,  168,    0
   183,  9694,20160715,  179,    0
   183,  9694,20160716,  174,    0
   183,  9694,20160717,  149,    0
   183,  9694,20160718,  151,    0
   183,  9694,20160719,  157,    0
   183,  9694,20160720,  194,    0
   183,  9694,20160721,  196,    0
   183,  9694,20160722,  185,    0
   183,  9694,20160723,  192,    0
   183,  9694,20160724,  202,    0
   183,  9694,20160725,  196,    0
   183,  9694,20160726,  173,    0
   183,  9694,20160727,  163,    0
   183,  9694,20160728,  178,    0
   183,  9694,20160729,  168,    0
   183,  9694,20160730,  155,    0
   183,  9694,20160731,  153,    0
   183,  9694,20160801,  148,    0
   183,  9694,20160802,  161,    0
   183,  9694,20160803,  145,    0
   183,  9694,20160804,  143,    0
   183,  9694,20160805,  156,    0
   183,  9694,20160806,  145,    0
   183,  9694,20160807,  149,    0
   183,  9694,20160808,  143,    0
   183,  9694,20160809,  121,    0
   183,  9694,20160810,   95,    0
   183,  9694,20160811,  110,    0
   183,  9694,20160812,  109,    0
   183,  9694,20160813,  167,    0
   183,  9694,20160814,  145,    0
   183,  9694,20160815,  139,    0
   183,  9694,20160816,  162,    0
   183,  9694,20160817,  170,    0
   183,  9694,20160818,  164,    0
   183,  9694,20160819,  149,    0
   183,  9694,20160820,  157,    0
   183,  9694,20160821,  159,    0
   183,  9694,20160822,  141,    0
   183,  9694,20160823,  173,    0
   183,  9694,20160824,  154,    0
   183,  9694,20160825,  175,    0
   183,  9694,20160826,  176,    0
   183,  9694,20160827,  156,    0
   183,  9694,20160828,  107,    0
   183,  9694,20160829,  102,    0
   183,  9694,20160830,  121,    0
   183,  9694,20160831,  149,    0
   183,  9694,20160901,  166,    0
   183,  9694,20160902,  147,    0
   183,  9694,20160903,  150,    0
   183,  9694,20160904,  118,    0
   183,  9694,20160905,  122,    0
   183,  9694,20160906,  154,    0
   183,  9694,20160907,  178,    0
   183,  9694,20160908,  158,    0
   183,  9694,20160909,  161,    0
   183,  9694,20160910,  165,    0
   183,  9694,20160911,  159,    0
   183,  9694,20160912,  120,    0
   183,  9694,20160913,  164,    0
   183,  9694,20160914,  164,    0
   183,  9694,20160915,  173,    0
   183,  9694,20160916,  142,    0
   183,  9694,20160917,  142,    0
   183,  9694,20160918,  136,    0
   183,  9694,20160919,  127,    0
   183,  9694,20160920,  132,    0
   183,  9694,20160921,  129,    0
   183,  9694,20160922,  135,    0
   183,  9694,20160923,  112,    0
   183,  9694,20160924,  108,    0
   183,  9694,20160925,  151,    0
   183,  9694,20160926,  126,    0
   183,  9694,20160927,  121,    0
   183,  9694,20160928,  127,    0
   183,  9694,20160929,  120,    0
   183,  9694,20160930,  107,    0
   183,  9694,20161001,   74,    0
   183,  9694,20161002,   63,    0
   183,  9694,20161003,   47,    0
   183,  9694,20161004,   39,    0
   183,  9694,20161005,   32,    0
   183,  9694,20161006,   60,    0
   183,  9694,20161007,   84,    0
   183,  9694,20161008,   62,    0
   183,  9694,20161009,   53,    0
   183,  9694,20161010,   51,    0
   183,  9694,20161011,   36,    0
   183,  9694,20161012,   24,    0
   183,  9694,20161013,   15,    0
   183,  9694,20161014,    0,    0
   183,  9694,20161015,   36,    0
   183,  9694,20161016,   55,    0
   183,  9694,20161017,   53,    0
   183,  9694,20161018,   62,    0
   183,  9694,20161019,   65,    0
   183,  9694,20161020,   58,    0
   183,  9694,20161021,   43,    0
   183,  9694,20161022,   28,    0
   183,  9694,20161023,   36,    0
   183,  9694,20161024,   52,    0
   183,  9694,20161025,   36,    0
   183,  9694,20161026,   39,    0
   183,  9694,20161027,   74,    0
   183,  9694,20161028,   71,    0
   183,  9694,20161029,   47,    0
   183,  9694,20161030,   16,    0
   183,  9694,20161031,   35,    0
   183,  9694,20161101,   22,    0
   183,  9694,20161102,    7,    0
   183,  9694,20161103,  -35,    0
   183,  9694,20161104,  -23,    0
   183,  9694,20161105,   -5,    0
   183,  9694,20161106,  -37,    0
   183,  9694,20161107,  -76,    0
   183,  9694,20161108,  -60,    0
   183,  9694,20161109,  -55,    0
   183,  9694,20161110,  -53,    0
   183,  9694,20161111,  -81,    0
   183,  9694,20161112,  -63,    0
   183,  9694,20161113,   23,    0
   183,  9694,20161114,   36,    0
   183,  9694,20161115,   27,    0
   183,  9694,20161116,   10,    0
   183,  9694,20161117,   18,    0
   183,  9694,20161118,   29,    0
   183,  9694,20161119,   24,    0
   183,  9694,20161120,   26,    0
   183,  9694,20161121,   16,    0
   183,  9694,20161122,   38,    0
   183,  9694,20161123,   66,    0
   183,  9694,20161124,  -18,    0
   183,  9694,20161125,   12,    0
   183,  9694,20161126,   55,    0
   183,  9694,20161127,   11,    0
   183,  9694,20161128,  -33,    0
   183,  9694,20161129,  -40,    0
   183,  9694,20161130,  -66,    0
   183,  9694,20161201,  -54,    0
   183,  9694,20161202,  -15,    0
   183,  9694,20161203,  -51,    0
   183,  9694,20161204,  -50,    0
   183,  9694,20161205,  -21,    0
   183,  9694,20161206,  -62,    0
   183,  9694,20161207,   13,    0
   183,  9694,20161208,   28,    0
   183,  9694,20161209,   12,    0
   183,  9694,20161210,    0,    0
   183,  9694,20161211,   -9,    0
   183,  9694,20161212,  -40,    0
   183,  9694,20161213,  -45,    0
   183,  9694,20161214,  -86,    0
   183,  9694,20161215,  -92,    0
   183,  9694,20161216,  -38,    0
   183,  9694,20161217,  -12,    0
   183,  9694,20161218,  -53,    0
   183,  9694,20161219,  -20,    0
   183,  9694,20161220,   32,    0
   183,  9694,20161221,   25,    0
   183,  9694,20161222,   29,    0
   183,  9694,20161223,   12,    0
   183,  9694,20161224,   25,    0
   183,  9694,20161225,   29,    0
   183,  9694,20161226,   24,    0
   183,  9694,20161227,   16,    0
   183,  9694,20161228,  -36,    0
   183,  9694,20161229,  -18,    0
   183,  9694,20161230,   39,    0
   183,  9694,20161231,   62,    0
   183,  9694,20170101,  -20,    0
   183,  9694,20170102,  -51,    0
   183,  9694,20170103,  -50,    0
   183,  9694,20170104,  -53,    0
   183,  9694,20170105, -156,    0
   183,  9694,20170106,  -94,    0
   183,  9694,20170107,  -31,    0
   183,  9694,20170108,  -75,    0
   183,  9694,20170109,  -34,    0
   183,  9694,20170110,   17,    0
   183,  9694,20170111,   16,    0
   183,  9694,20170112,   -7,    0
   183,  9694,20170113,  -62,    0
   183,  9694,20170114,  -87,    0
   183,  9694,20170115, -109,    0
   183,  9694,20170116, -102,    0
   183,  9694,20170117,  -68,    0
   183,  9694,20170118,  -38,    0
   183,  9694,20170119,  -21,    0
   183,  9694,20170120,    0,    0
   183,  9694,20170121,  -44,    0
   183,  9694,20170122,  -17,    0
   183,  9694,20170123,  -30,    0
   183,  9694,20170124,  -80,    0
   183,  9694,20170125,  -10,    0
   183,  9694,20170126,   17,    0
   183,  9694,20170127,   -2,    0
   183,  9694,20170128,   -8,    0
   183,  9694,20170129,  -10,    0
   183,  9694,20170130,   -8,    0
   183,  9694,20170131,  -28,    0
   183,  9694,20170201,  -12,    0
   183,  9694,20170202,  -11,    0
   183,  9694,20170203,   -9,    0
   183,  9694,20170204,   -9,    0
   183,  9694,20170205,   -5,    0
   183,  9694,20170206,  -16,    0
   183,  9694,20170207,  -63,    0
   183,  9694,20170208,  -84,    0
   183,  9694,20170209,  -78,    0
   183,  9694,20170210,  -52,    0
   183,  9694,20170211,  -53,    0
   183,  9694,20170212,  -59,    0
   183,  9694,20170213,  -66,    0
   183,  9694,20170214,  -76,    0
   183,  9694,20170215,  -70,    0
   183,  9694,20170216,  -40,    0
   183,  9694,20170217,  -58,    0
   183,  9694,20170218,  -43,    0
   183,  9694,20170219,    9,    0
   183,  9694,20170220,   23,    0
   183,  9694,20170221,    4,    0
   183,  9694,20170222,    3,    0
   183,  9694,20170223,  -37,    0
   183,  9694,20170224,  -60,    0
   183,  9694,20170225,  -58,    0
   183,  9694,20170226,  -20,    0
   183,  9694,20170227,   15,    0
   183,  9694,20170228,   18,    0
   183,  9694,20170301,   13,    0
   183,  9694,20170302,   -6,    0
   183,  9694,20170303,  -14,    0
   183,  9694,20170304,  -15,    0
   183,  9694,20170305,  -22,    0
   183,  9694,20170306,  -36,    0
   183,  9694,20170307,  -42,    0
   183,  9694,20170308,  -35,    0
   183,  9694,20170309,    1,    0
   183,  9694,20170310,    4,    0
   183,  9694,20170311,  -12,    0
   183,  9694,20170312,   23,    0
   183,  9694,20170313,   21,    0
   183,  9694,20170314,   38,    0
   183,  9694,20170315,   61,    0
   183,  9694,20170316,   26,    0
   183,  9694,20170317,   41,    0
   183,  9694,20170318,    0,    0
   183,  9694,20170319,  -10,    0
   183,  9694,20170320,   13,    0
   183,  9694,20170321,   23,    0
   183,  9694,20170322,   12,    0
   183,  9694,20170323,    2,    0
   183,  9694,20170324,    3,    0
   183,  9694,20170325,   31,    0
   183,  9694,20170326,   69,    0
   183,  9694,20170327,   71,    0
   183,  9694,20170328,   38,    0
   183,  9694,20170329,   21,    0
   183,  9694,20170330,   -5,    0
   183,  9694,20170331,   16,    0
   183,  9694,20170401,   59,    0
   183,  9694,20170402,   51,    0
   183,  9694,20170403,   57,    0
   183,  9694,20170404,   50,    0
   183,  9694,20170405,   54,    0
   183,  9694,20170406,   31,    0
   183,  9694,20170407,   62,    0
   183,  9694,20170408,   58,    0
   183,  9694,20170409,   58,    0
   183,  9694,20170410,   75,    0
   183,  9694,20170411,   42,    0
   183,  9694,20170412,   27,    0
   183,  9694,20170413,    9,    0
   183,  9694,20170414,   -6,    0
   183,  9694,20170415,  -11,    0
   183,  9694,20170416,    0,    0
   183,  9694,20170417,    9,    0
   183,  9694,20170418,    7,    0
   183,  9694,20170419,   27,    0
   183,  9694,20170420,   61,    0
   183,  9694,20170421,   70,    0
   183,  9694,20170422,   48,    0
   183,  9694,20170423,   26,    0
   183,  9694,20170424,   -1,    0
   183,  9694,20170425,   22,    0
   183,  9694,20170426,   27,    0
   183,  9694,20170427,   11,    0
   183,  9694,20170428,   30,    0
   183,  9694,20170429,   45,    0
   183,  9694,20170430,   56,    0
   183,  9694,20170501,   64,    0
   183,  9694,20170502,   94,    0
   183,  9694,20170503,   93,    0
   183,  9694,20170504,   87,    0
   183,  9694,20170505,  131,    0
   183,  9694,20170506,  141,    0
   183,  9694,20170507,   78,    0
   183,  9694,20170508,   48,    0
   183,  9694,20170509,   53,    0
   183,  9694,20170510,   26,    0
   183,  9694,20170511,   26,    0
   183,  9694,20170512,   55,    0
   183,  9694,20170513,   74,    0
   183,  9694,20170514,   91,    0
   183,  9694,20170515,   77,    0
   183,  9694,20170516,   65,    0
   183,  9694,20170517,  115,    0
   183,  9694,20170518,  143,    0
   183,  9694,20170519,  158,    0
   183,  9694,20170520,  133,    0
   183,  9694,20170521,  121,    0
   183,  9694,20170522,  106,    0
   183,  9694,20170523,  126,    0
   183,  9694,20170524,  147,    0
   183,  9694,20170525,  146,    0
   183,  9694,20170526,  172,    0
   183,  9694,20170527,  188,    0
   183,  9694,20170528,  163,    0
   183,  9694,20170529,  170,    0
   183,  9694,20170530,  128,    0
   183,  9694,20170531,  116,    0
   183,  9694,20170601,  111,    0
   183,  9694,20170602,  101,    0
   183,  9694,20170603,  105,    0
   183,  9694,20170604,  124,    0
   183,  9694,20170605,  137,    0
   183,  9694,20170606,  149,    0
   183,  9694,20170607,  137,    0
   183,  9694,20170608,  126,    0
   183,  9694,20170609,  118,    0
   183,  9694,20170610,  144,    0
   183,  9694,20170611,  135,    0
   183,  9694,20170612,  139,    0
   183,  9694,20170613,  150,    0
   183,  9694,20170614,  167,    0
   183,  9694,20170615,  173,    0
   183,  9694,20170616,  159,    0
   183,  9694,20170617,  178,    0
   183,  9694,20170618,  180,    0
   183,  9694,20170619,  147,    0
   183,  9694,20170620,  139,    0
   183,  9694,20170621,  139,    0
   183,  9694,20170622,  139,    0
   183,  9694,20170623,  137,    0
   183,  9694,20170624,  158,    0
   183,  9694,20170625,  126,    0
   183,  9694,20170626,  133,    0
   183,  9694,20170627,  127,    0
   183,  9694,20170628,  142,    0
   183,  9694,20170629,  150,    0
   183,  9694,20170630,  177,    0
   183,  9694,20170701,  183,    0
   183,  9694,20170702,  169,    0
   183,  9694,20170703,  134,    0
   183,  9694,20170704,  139,    0
   183,  9694,20170705,  139,    0
   183,  9694,20170706,  142,    0
   183,  9694,20170707,  161,    0
   183,  9694,20170708,  146,    0
   183,  9694,20170709,  161,    0
   183,  9694,20170710,  146,    0
   183,  9694,20170711,  150,    0
   183,  9694,20170712,  130,    0
   183,  9694,20170713,  131,    0
   183,  9694,20170714,  146,    0
   183,  9694,20170715,  158,    0
   183,  9694,20170716,  138,    0
   183,  9694,20170717,  133,    0
   183,  9694,20170718,  153,    0
   183,  9694,20170719,  152,    0
   183,  9694,20170720,  164,    0
   183,  9694,20170721,  164,    0
   183,  9694,20170722,  167,    0
   183,  9694,20170723,  171,    0
   183,  9694,20170724,  164,    0
   183,  9694,20170725,  175,    0
   183,  9694,20170726,  176,    0
   183,  9694,20170727,  157,    0
   183,  9694,20170728,  161,    0
   183,  9694,20170729,  149,    0
   183,  9694,20170730,  155,    0
   183,  9694,20170731,  160,    0
   183,  9694,20170801,  164,    0
   183,  9694,20170802,  149,    0
   183,  9694,20170803,  136,    0
   183,  9694,20170804,  158,    0
   183,  9694,20170805,  156,    0
   183,  9694,20170806,  145,    0
   183,  9694,20170807,  146,    0
   183,  9694,20170808,  161,    0
   183,  9694,20170809,  137,    0
   183,  9694,20170810,  162,    0
   183,  9694,20170811,  158,    0
   183,  9694,20170812,  157,    0
   183,  9694,20170813,  133,    0
   183,  9694,20170814,  128,    0
   183,  9694,20170815,  143,    0
   183,  9694,20170816,  169,    0
   183,  9694,20170817,  156,    0
   183,  9694,20170818,  154,    0
   183,  9694,20170819,  143,    0
   183,  9694,20170820,  149,    0
   183,  9694,20170821,  140,    0
   183,  9694,20170822,  114,    0
   183,  9694,20170823,  121,    0
   183,  9694,20170824,  137,    0
   183,  9694,20170825,  131,    0
   183,  9694,20170826,  122,    0
   183,  9694,20170827,  115,    0
   183,  9694,20170828,  137,    0
   183,  9694,20170829,  158,    0
   183,  9694,20170830,  134,    0
   183,  9694,20170831,  108,    0
   183,  9694,20170901,  109,    0
   183,  9694,20170902,  111,    0
   183,  9694,20170903,  123,    0
   183,  9694,20170904,  104,    0
   183,  9694,20170905,  113,    0
   183,  9694,20170906,  111,    0
   183,  9694,20170907,  102,    0
   183,  9694,20170908,  100,    0
   183,  9694,20170909,  110,    0
   183,  9694,20170910,  124,    0
   183,  9694,20170911,  122,    0
   183,  9694,20170912,  124,    0
   183,  9694,20170913,  112,    0
   183,  9694,20170914,  109,    0
   183,  9694,20170915,  110,    0
   183,  9694,20170916,  109,    0
   183,  9694,20170917,  103,    0
   183,  9694,20170918,  114,    0
   183,  9694,20170919,  104,    0
   183,  9694,20170920,   86,    0
   183,  9694,20170921,   76,    0
   183,  9694,20170922,  102,    0
   183,  9694,20170923,  113,    0
   183,  9694,20170924,  128,    0
   183,  9694,20170925,  125,    0
   183,  9694,20170926,  119,    0
   183,  9694,20170927,  128,    0
   183,  9694,20170928,  120,    0
   183,  9694,20170929,  108,    0
   183,  9694,20170930,  114,    0
   183,  9694,20171001,  107,    0
   183,  9694,20171002,  105,    0
   183,  9694,20171003,  112,    0
   183,  9694,20171004,   77,    0
   183,  9694,20171005,   53,    0
   183,  9694,20171006,   76,    0
   183,  9694,20171007,   60,    0
   183,  9694,20171008,   56,    0
   183,  9694,20171009,   46,    0
   183,  9694,20171010,   40,    0
   183,  9694,20171011,   47,    0
   183,  9694,20171012,   72,    0
   183,  9694,20171013,   51,    0
   183,  9694,20171014,  109,    0
   183,  9694,20171015,  101,    0
   183,  9694,20171016,  119,    0
   183,  9694,20171017,   80,    0
   183,  9694,20171018,   39,    0
   183,  9694,20171019,    7,    0
   183,  9694,20171020,   43,    0
   183,  9694,20171021,   63,    0
   183,  9694,20171022,   50,    0
   183,  9694,20171023,   22,    0
   183,  9694,20171024,   28,    0
   183,  9694,20171025,   30,    0
   183,  9694,20171026,   19,    0
   183,  9694,20171027,   22,    0
   183,  9694,20171028,   61,    0
   183,  9694,20171029,   42,    0
   183,  9694,20171030,   10,    0
   183,  9694,20171031,   10,    0
   183,  9694,20171101,   14,    0
   183,  9694,20171102,   32,    0
   183,  9694,20171103,    6,    0
   183,  9694,20171104,   19,    0
   183,  9694,20171105,   57,    0
   183,  9694,20171106,   11,    0
   183,  9694,20171107,   31,    0
   183,  9694,20171108,   51,    0
   183,  9694,20171109,   56,    0
   183,  9694,20171110,   13,    0
   183,  9694,20171111,  -19,    0
   183,  9694,20171112,  -31,    0
   183,  9694,20171113,  -14,    0
   183,  9694,20171114,  -37,    0
   183,  9694,20171115,  -15,    0
   183,  9694,20171116,  -25,    0
   183,  9694,20171117,   21,    0
   183,  9694,20171118,   -2,    0
   183,  9694,20171119,  -31,    0
   183,  9694,20171120,  -79,    0
   183,  9694,20171121,  -79,    0
   183,  9694,20171122,  -56,    0
   183,  9694,20171123,   57,    0
   183,  9694,20171124,   18,    0
   183,  9694,20171125,    7,    0
   183,  9694,20171126,   11,    0
   183,  9694,20171127,  -18,    0
   183,  9694,20171128,  -24,    0
   183,  9694,20171129,  -21,    0
   183,  9694,20171130,  -20,    0
   183,  9694,20171201,  -61,    0
   183,  9694,20171202,  -75,    0
   183,  9694,20171203,  -79,    0
   183,  9694,20171204,  -95,    0
   183,  9694,20171205,  -69,    0
   183,  9694,20171206,  -28,    0
   183,  9694,20171207,   40,    0
   183,  9694,20171208,   16,    0
   183,  9694,20171209,  -37,    0
   183,  9694,20171210,  -82,    0
   183,  9694,20171211,  -40,    0
   183,  9694,20171212,  -78,    0
   183,  9694,20171213, -102,    0
   183,  9694,20171214,  -37,    0
   183,  9694,20171215,  -35,    0
   183,  9694,20171216,  -54,    0
   183,  9694,20171217, -163,    0
   183,  9694,20171218,  -81,    0
   183,  9694,20171219,  -98,    0
   183,  9694,20171220,  -24,    0
   183,  9694,20171221,  -73,    0
   183,  9694,20171222, -122,    0
   183,  9694,20171223,  -19,    0
   183,  9694,20171224,  -55,    0
   183,  9694,20171225,  -51,    0
   183,  9694,20171226,   -2,    0
   183,  9694,20171227,    4,    0
   183,  9694,20171228,    2,    0
   183,  9694,20171229,   -6,    0
   183,  9694,20171230,  -53,    0
   183,  9694,20171231,  -42,    0
   183,  9694,20180101,   13,    0
   183,  9694,20180102,  -25,    0
   183,  9694,20180103,  -36,    0
   183,  9694,20180104,    0,    0
   183,  9694,20180105,  -42,    0
   183,  9694,20180106,  -79,    0
   183,  9694,20180107, -137,    0
   183,  9694,20180108, -126,    0
   183,  9694,20180109, -109,    0
   183,  9694,20180110, -125,    0
   183,  9694,20180111,  -49,    0
   183,  9694,20180112,  -51,    0
   183,  9694,20180113,  -42,    0
   183,  9694,20180114,  -40,    0
   183,  9694,20180115,  -29,    0
   183,  9694,20180116,   -5,    0
   183,  9694,20180117,  -10,    0
   183,  9694,20180118,  -42,    0
   183,  9694,20180119,  -39,    0
   183,  9694,20180120,  -35,    0
   183,  9694,20180121,  -56,    0
   183,  9694,20180122,  -66,    0
   183,  9694,20180123,  -27,    0
   183,  9694,20180124,-9999,    9
   183,  9694,20180125,   36,    0
   183,  9694,20180126,   -9,    0
   183,  9694,20180127,  -97,    0
   183,  9694,20180128,  -11,    0
   183,  9694,20180129,  -31,    0
   183,  9694,20180130,  -80,    0
   183,  9694,20180131,  -19,    0
   183,  9694,20180201,   -5,    0
   183,  9694,20180202,  -89,    0
   183,  9694,20180203, -103,    0
   183,  9694,20180204, -129,    0
   183,  9694,20180205, -130,    0
   183,  9694,20180206,  -81,    0
   183,  9694,20180207,-9999,    9
   183,  9694,20180208,-9999,    9
   183,  9694,20180209,-9999,    9
   183,  9694,20180210,-9999,    9
   183,  9694,20180211,-9999,    9
   183,  9694,20180212,-9999,    9
   183,  9694,20180213,-9999,    9
   183,  9694,20180214,   -7,    0
   183,  9694,20180215,  -11,    0
   183,  9694,20180216,  -19,    0
   183,  9694,20180217,  -55,    0
   183,  9694,20180218,  -29,    0
   183,  9694,20180219,  -27,    0
   183,  9694,20180220,  -59,    0
   183,  9694,20180221,  -65,    0
   183,  9694,20180222,  -66,    0
   183,  9694,20180223,  -72,    0
   183,  9694,20180224,  -57,    0
   183,  9694,20180225,  -90,    0
   183,  9694,20180226, -145,    0
   183,  9694,20180227, -110,    0
   183,  9694,20180228, -134,    0
   183,  9694,20180301, -157,    0
   183,  9694,20180302, -108,    0
   183,  9694,20180303,  -83,    0
   183,  9694,20180304,  -72,    0
   183,  9694,20180305,  -65,    0
   183,  9694,20180306,  -55,    0
   183,  9694,20180307,  -26,    0
   183,  9694,20180308,  -30,    0
   183,  9694,20180309,  -37,    0
   183,  9694,20180310,  -62,    0
   183,  9694,20180311,  -42,    0
   183,  9694,20180312,  -13,    0
   183,  9694,20180313,  -11,    0
   183,  9694,20180314,  -37,    0
   183,  9694,20180315,  -55,    0
   183,  9694,20180316,  -99,    0
   183,  9694,20180317, -106,    0
   183,  9694,20180318, -115,    0
   183,  9694,20180319,  -34,    0
   183,  9694,20180320,   -7,    0
   183,  9694,20180321,   -2,    0
   183,  9694,20180322,   -1,    0
   183,  9694,20180323,  -13,    0
   183,  9694,20180324,   21,    0
   183,  9694,20180325,   20,    0
   183,  9694,20180326,  -27,    0
   183,  9694,20180327,  -66,    0
   183,  9694,20180328,  -70,    0
   183,  9694,20180329,  -56,    0
   183,  9694,20180330,  -53,    0
   183,  9694,20180331,  -48,    0
   183,  9694,20180401,  -28,    0
   183,  9694,20180402,  -28,    0
   183,  9694,20180403,  -28,    0
   183,  9694,20180404,   20,    0
   183,  9694,20180405,   21,    0
   183,  9694,20180406,   24,    0
   183,  9694,20180407,   12,    0
   183,  9694,20180408,   23,    0
   183,  9694,20180409,   18,    0
   183,  9694,20180410,   27,    0
   183,  9694,20180411,   22,    0
   183,  9694,20180412,   33,    0
   183,  9694,20180413,   45,    0
   183,  9694,20180414,   70,    0
   183,  9694,20180415,   72,    0
   183,  9694,20180416,   54,    0
   183,  9694,20180417,   58,    0
   183,  9694,20180418,   81,    0
   183,  9694,20180419,   80,    0
   183,  9694,20180420,   78,    0
   183,  9694,20180421,   82,    0
   183,  9694,20180422,   75,    0
   183,  9694,20180423,   60,    0
   183,  9694,20180424,   74,    0
   183,  9694,20180425,   48,    0
   183,  9694,20180426,   57,    0
   183,  9694,20180427,   50,    0
   183,  9694,20180428,   38,    0
   183,  9694,20180429,   59,    0
   183,  9694,20180430,   75,    0
   183,  9694,20180501,   44,    0
   183,  9694,20180502,   70,    0
   183,  9694,20180503,   62,    0
   183,  9694,20180504,   72,    0
   183,  9694,20180505,  127,    0
   183,  9694,20180506,  138,    0
   183,  9694,20180507,  141,    0
   183,  9694,20180508,  149,    0
   183,  9694,20180509,  159,    0
   183,  9694,20180510,  166,    0
   183,  9694,20180511,  125,    0
   183,  9694,20180512,  128,    0
   183,  9694,20180513,  158,    0
   183,  9694,20180514,  172,    0
   183,  9694,20180515,  177,    0
   183,  9694,20180516,  170,    0
   183,  9694,20180517,  108,    0
   183,  9694,20180518,  125,    0
   183,  9694,20180519,  145,    0
   183,  9694,20180520,  156,    0
   183,  9694,20180521,  165,    0
   183,  9694,20180522,  162,    0
   183,  9694,20180523,  176,    0
   183,  9694,20180524,  186,    0
   183,  9694,20180525,  193,    0
   183,  9694,20180526,  204,    0
   183,  9694,20180527,  205,    0
   183,  9694,20180528,  196,    0
   183,  9694,20180529,  202,    0
   183,  9694,20180530,  220,    0
   183,  9694,20180531,  210,    0
   183,  9694,20180601,  204,    0
   183,  9694,20180602,  220,    0
   183,  9694,20180603,  230,    0
   183,  9694,20180604,  170,    0
   183,  9694,20180605,  115,    0
   183,  9694,20180606,  125,    0
   183,  9694,20180607,  188,    0
   183,  9694,20180608,  188,    0
   183,  9694,20180609,  203,    0
   183,  9694,20180610,  210,    0
   183,  9694,20180611,  153,    0
   183,  9694,20180612,  158,    0
   183,  9694,20180613,  147,    0
   183,  9694,20180614,  140,    0
   183,  9694,20180615,  149,    0
   183,  9694,20180616,  156,    0
   183,  9694,20180617,  124,    0
   183,  9694,20180618,  142,    0
   183,  9694,20180619,  152,    0
   183,  9694,20180620,  121,    0
   183,  9694,20180621,   95,    0
   183,  9694,20180622,  107,    0
   183,  9694,20180623,  147,    0
   183,  9694,20180624,  165,    0
   183,  9694,20180625,  210,    0
   183,  9694,20180626,  220,    0
   183,  9694,20180627,  218,    0
   183,  9694,20180628,  201,    0
   183,  9694,20180629,  152,    0
   183,  9694,20180630,  148,    0
   183,  9694,20180701,  175,    0
   183,  9694,20180702,  194,    0
   183,  9694,20180703,  216,    0
   183,  9694,20180704,  212,    0
   183,  9694,20180705,  205,    0
   183,  9694,20180706,  205,    0
   183,  9694,20180707,  186,    0
   183,  9694,20180708,  195,    0
   183,  9694,20180709,  158,    0
   183,  9694,20180710,  214,    0
   183,  9694,20180711,  214,    0
   183,  9694,20180712,  197,    0
   183,  9694,20180713,  216,    0
   183,  9694,20180714,  207,    0
   183,  9694,20180715,  208,    0
   183,  9694,20180716,  218,    0
   183,  9694,20180717,  228,    0
   183,  9694,20180718,  218,    0
   183,  9694,20180719,  217,    0
   183,  9694,20180720,  226,    0
   183,  9694,20180721,  208,    0
   183,  9694,20180722,  205,    0
   183,  9694,20180723,  222,    0
   183,  9694,20180724,  238,    0
   183,  9694,20180725,  234,    0
   183,  9694,20180726,  235,    0
   183,  9694,20180727,  242,    0
   183,  9694,20180728,  223,    0
   183,  9694,20180729,-9999,    9
   183,  9694,20180730,-9999,    9
   183,  9694,20180731,-9999,    9
   183,  9694,20180801,-9999,    9
   183,  9694,20180802,  192,    0
   183,  9694,20180803,  183,    0
   183,  9694,20180804,  198,    0
   183,  9694,20180805,  183,    0
   183,  9694,20180806,  158,    0
   183,  9694,20180807,  185,    0
   183,  9694,20180808,  172,    0
   183,  9694,20180809,  207,    0
   183,  9694,20180810,-9999,    9
   183,  9694,20180811,-9999,    9
   183,  9694,20180812,  115,    0
   183,  9694,20180813,  131,    0
   183,  9694,20180814,  133,    0
   183,  9694,20180815,  142,    0
   183,  9694,20180816,  174,    0
   183,  9694,20180817,  159,    0
   183,  9694,20180818,  139,    0
   183,  9694,20180819,  162,    0
   183,  9694,20180820,  120,    0
   183,  9694,20180821,  122,    0
   183,  9694,20180822,  147,    0
   183,  9694,20180823,  157,    0
   183,  9694,20180824,  138,    0
   183,  9694,20180825,  116,    0
   183,  9694,20180826,  103,    0
   183,  9694,20180827,  117,    0
   183,  9694,20180828,  136,    0
   183,  9694,20180829,  125,    0
   183,  9694,20180830,  141,    0
   183,  9694,20180831,  125,    0
   183,  9694,20180901,  126,    0
   183,  9694,20180902,  145,    0
   183,  9694,20180903,  161,    0
   183,  9694,20180904,  144,    0
   183,  9694,20180905,  143,    0
   183,  9694,20180906,  138,    0
   183,  9694,20180907,  149,    0
   183,  9694,20180908,  143,    0
   183,  9694,20180909,  133,    0
   183,  9694,20180910,  142,    0
   183,  9694,20180911,  113,    0
   183,  9694,20180912,  121,    0
   183,  9694,20180913,  121,    0
   183,  9694,20180914,  123,    0
   183,  9694,20180915,  110,    0
   183,  9694,20180916,   82,    0
   183,  9694,20180917,  121,    0
   183,  9694,20180918,  156,    0
   183,  9694,20180919,  170,    0
   183,  9694,20180920,  124,    0
   183,  9694,20180921,  106,    0
   183,  9694,20180922,  110,    0
   183,  9694,20180923,   76,    0
   183,  9694,20180924,   53,    0
   183,  9694,20180925,   62,    0
   183,  9694,20180926,-9999,    9
   183,  9694,20180927,   70,    0
   183,  9694,20180928,   46,    0
   183,  9694,20180929,   62,    0
   183,  9694,20180930,   88,    0
   183,  9694,20181001,   41,    0
   183,  9694,20181002,   25,    0
   183,  9694,20181003,   55,    0
   183,  9694,20181004,   35,    0
   183,  9694,20181005,   95,    0
   183,  9694,20181006,   58,    0
   183,  9694,20181007,   43,    0
   183,  9694,20181008,   91,    0
   183,  9694,20181009,  127,    0
   183,  9694,20181010,  136,    0
   183,  9694,20181011,  104,    0
   183,  9694,20181012,   95,    0
   183,  9694,20181013,  160,    0
   183,  9694,20181014,  154,    0
   183,  9694,20181015,   98,    0
   183,  9694,20181016,   65,    0
   183,  9694,20181017,  105,    0
   183,  9694,20181018,   64,    0
   183,  9694,20181019,   26,    0
   183,  9694,20181020,   38,    0
   183,  9694,20181021,   92,    0
   183,  9694,20181022,   71,    0
   183,  9694,20181023,   38,    0
   183,  9694,20181024,   22,    0
   183,  9694,20181025,   10,    0
   183,  9694,20181026,   -6,    0
   183,  9694,20181027,   -6,    0
   183,  9694,20181028,  -17,    0
   183,  9694,20181029,  -31,    0
   183,  9694,20181030,    8,    0
   183,  9694,20181031,   46,    0
   183,  9694,20181101,   27,    0
   183,  9694,20181102,   50,    0
   183,  9694,20181103,   27,    0
   183,  9694,20181104,   72,    0
   183,  9694,20181105,   50,    0
   183,  9694,20181106,   58,    0
   183,  9694,20181107,   60,    0
   183,  9694,20181108,   64,    0
   183,  9694,20181109,   64,    0
   183,  9694,20181110,   67,    0
   183,  9694,20181111,   80,    0
   183,  9694,20181112,   79,    0
   183,  9694,20181113,   67,    0
   183,  9694,20181114,   44,    0
   183,  9694,20181115,   96,    0
   183,  9694,20181116,   74,    0
   183,  9694,20181117,   49,    0
   183,  9694,20181118,    9,    0
   183,  9694,20181119,  -11,    0
   183,  9694,20181120,  -29,    0
   183,  9694,20181121,    4,    0
   183,  9694,20181122,  -37,    0
   183,  9694,20181123,  -87,    0
   183,  9694,20181124,  -57,    0
   183,  9694,20181125,  -30,    0
   183,  9694,20181126,  -64,    0
   183,  9694,20181127,  -92,    0
   183,  9694,20181128,  -79,    0
   183,  9694,20181129,    1,    0
   183,  9694,20181130,   40,    0
   183,  9694,20181201,   46,    0
   183,  9694,20181202,   31,    0
   183,  9694,20181203,   36,    0
   183,  9694,20181204,   15,    0
   183,  9694,20181205,  -27,    0
   183,  9694,20181206,  -52,    0
   183,  9694,20181207,  -19,    0
   183,  9694,20181208,  -16,    0
   183,  9694,20181209,  -36,    0
   183,  9694,20181210,    1,    0
   183,  9694,20181211,    8,    0
   183,  9694,20181212,  -71,    0
   183,  9694,20181213,  -94,    0
   183,  9694,20181214, -120,    0
   183,  9694,20181215, -103,    0
   183,  9694,20181216,  -34,    0
   183,  9694,20181217,  -39,    0
   183,  9694,20181218,  -63,    0
   183,  9694,20181219,  -23,    0
   183,  9694,20181220,    1,    0
   183,  9694,20181221,  -22,    0
   183,  9694,20181222,  -51,    0
   183,  9694,20181223,  -88,    0
   183,  9694,20181224, -135,    0
   183,  9694,20181225,  -98,    0
   183,  9694,20181226,  -62,    0
   183,  9694,20181227,  -51,    0
   183,  9694,20181228, -103,    0
   183,  9694,20181229,  -82,    0
   183,  9694,20181230,  -75,    0
   183,  9694,20181231,    2,    0
   183,  9694,20190101,-9999,    9
   183,  9694,20190102,-9999,    9
   183,  9694,20190103,  -37,    0
   183,  9694,20190104,  -40,    0
   183,  9694,20190105,  -30,    0
   183,  9694,20190106,  -44,    0
   183,  9694,20190107,  -26,    0
   183,  9694,20190108,   -5,    0
   183,  9694,20190109,  -32,    0
   183,  9694,20190110,  -77,    0
   183,  9694,20190111,  -69,    0
   183,  9694,20190112, -103,    0
   183,  9694,20190113,  -94,    0
   183,  9694,20190114,  -26,    0
   183,  9694,20190115,  -80,    0
   183,  9694,20190116,  -87,    0
   183,  9694,20190117, -121,    0
   183,  9694,20190118, -187,    0
   183,  9694,20190119, -143,    0
   183,  9694,20190120, -185,    0
   183,  9694,20190121,  -96,    0
   183,  9694,20190122,  -64,    0
   183,  9694,20190123,  -52,    0
   183,  9694,20190124,  -48,    0
   183,  9694,20190125,  -43,    0
   183,  9694,20190126,  -61,    0
   183,  9694,20190127,  -71,    0
   183,  9694,20190128,  -67,    0
   183,  9694,20190129, -177,    0
   183,  9694,20190130, -200,    0
   183,  9694,20190131, -101,    0
   183,  9694,20190201,  -31,    0
   183,  9694,20190202,  -47,    0
   183,  9694,20190203,  -78,    0
   183,  9694,20190204, -150,    0
   183,  9694,20190205,  -61,    0
   183,  9694,20190206, -130,    0
   183,  9694,20190207,  -52,    0
   183,  9694,20190208,  -35,    0
   183,  9694,20190209,   19,    0
   183,  9694,20190210,    4,    0
   183,  9694,20190211,  -27,    0
   183,  9694,20190212,  -65,    0
   183,  9694,20190213,    8,    0
   183,  9694,20190214,   -6,    0
   183,  9694,20190215,   32,    0
   183,  9694,20190216,   12,    0
   183,  9694,20190217,    3,    0
   183,  9694,20190218,   33,    0
   183,  9694,20190219,   22,    0
   183,  9694,20190220,   -8,    0
   183,  9694,20190221,  -16,    0
   183,  9694,20190222,   -7,    0
   183,  9694,20190223,   16,    0
   183,  9694,20190224,   21,    0
   183,  9694,20190225,  -17,    0
   183,  9694,20190226,   -9,    0
   183,  9694,20190227,  -17,    0
   183,  9694,20190228,    0,    0
   183,  9694,20190301,   -8,    0
   183,  9694,20190302,  -23,    0
   183,  9694,20190303,    6,    0
   183,  9694,20190304,    1,    0
   183,  9694,20190305,  -31,    0
   183,  9694,20190306,  -36,    0
   183,  9694,20190307,   -2,    0
   183,  9694,20190308,  -10,    0
   183,  9694,20190309,  -52,    0
   183,  9694,20190310,  -66,    0
   183,  9694,20190311,  -64,    0
   183,  9694,20190312,  -88,    0
   183,  9694,20190313,    2,    0
   183,  9694,20190314,  -18,    0
   183,  9694,20190315,  -10,    0
   183,  9694,20190316,  -13,    0
   183,  9694,20190317,    5,    0
   183,  9694,20190318,   12,    0
   183,  9694,20190319,    8,    0
   183,  9694,20190320,   59,    0
   183,  9694,20190321,   65,    0
   183,  9694,20190322,   16,    0
   183,  9694,20190323,   54,    0
   183,  9694,20190324,   29,    0
   183,  9694,20190325,   15,    0
   183,  9694,20190326,   18,    0
   183,  9694,20190327,   30,    0
   183,  9694,20190328,   42,    0
   183,  9694,20190329,   83,    0
   183,  9694,20190330,   52,    0
   183,  9694,20190331,   20,    0
   183,  9694,20190401,    0,    0
   183,  9694,20190402,   23,    0
   183,  9694,20190403,   13,    0
   183,  9694,20190404,   57,    0
   183,  9694,20190405,   28,    0
   183,  9694,20190406,   24,    0
   183,  9694,20190407,   31,    0
   183,  9694,20190408,   24,    0
   183,  9694,20190409,    6,    0
   183,  9694,20190410,    7,    0
   183,  9694,20190411,    2,    0
   183,  9694,20190412,    9,    0
   183,  9694,20190413,   23,    0
   183,  9694,20190414,   26,    0
   183,  9694,20190415,   39,    0
   183,  9694,20190416,   42,    0
   183,  9694,20190417,   51,    0
   183,  9694,20190418,   70,    0
   183,  9694,20190419,   76,    0
   183,  9694,20190420,   93,    0
   183,  9694,20190421,  109,    0
   183,  9694,20190422,  105,    0
   183,  9694,20190423,   96,    0
   183,  9694,20190424,  118,    0
   183,  9694,20190425,  133,    0
   183,  9694,20190426,  143,    0
   183,  9694,20190427,  141,    0
   183,  9694,20190428,  141,    0
   183,  9694,20190429,  144,    0
   183,  9694,20190430,  151,    0
