EUROPEAN CLIMATE ASSESSMENT & DATASET (ECA&D), file created on: 13-05-2019
THESE DATA CAN BE USED FOR NON-COMMERCIAL RESEARCH AND EDUCATION PROVIDED THAT THE FOLLOWING SOURCE IS ACKNOWLEDGED: 

Klein Tank, A.M.G. and Coauthors, 2002. Daily dataset of 20th-century surface
air temperature and precipitation series for the European Climate Assessment.
Int. J. of Climatol., 22, 1441-1453.
Data and metadata available at http://www.ecad.eu

FILE FORMAT (MISSING VALUE CODE = -9999):

01-06 STAID: Station identifier
08-13 SOUID: Source identifier
15-22 DATE : Date YYYYMMDD
24-28 TG   : Mean temperature in 0.1 &#176;C
30-34 Q_TG : quality code for TG (0='valid'; 1='suspect'; 9='missing')

This is the blended series of station REIMS-PRUNAY, FRANCE (STAID: 739)
Blended and updated with sources:4049 
See files sources.txt and stations.txt for more info.

STAID, SOUID,    DATE,   TG, Q_TG
   739,  4049,20120501,-9999,    9
   739,  4049,20120502,-9999,    9
   739,  4049,20120503,-9999,    9
   739,  4049,20120504,-9999,    9
   739,  4049,20120505,-9999,    9
   739,  4049,20120506,-9999,    9
   739,  4049,20120507,-9999,    9
   739,  4049,20120508,  126,    0
   739,  4049,20120509,  174,    0
   739,  4049,20120510,  200,    0
   739,  4049,20120511,  180,    0
   739,  4049,20120512,  124,    0
   739,  4049,20120513,   92,    0
   739,  4049,20120514,   98,    0
   739,  4049,20120515,  100,    0
   739,  4049,20120516,   94,    0
   739,  4049,20120517,   78,    0
   739,  4049,20120518,  132,    0
   739,  4049,20120519,  156,    0
   739,  4049,20120520,  168,    0
   739,  4049,20120521,  132,    0
   739,  4049,20120522,  132,    0
   739,  4049,20120523,  190,    0
   739,  4049,20120524,  215,    0
   739,  4049,20120525,  192,    0
   739,  4049,20120526,  165,    0
   739,  4049,20120527,  170,    0
   739,  4049,20120528,  175,    0
   739,  4049,20120529,  178,    0
   739,  4049,20120530,  187,    0
   739,  4049,20120531,  170,    0
   739,  4049,20120601,  172,    0
   739,  4049,20120602,  166,    0
   739,  4049,20120603,  170,    0
   739,  4049,20120604,  138,    0
   739,  4049,20120605,   92,    0
   739,  4049,20120606,  165,    0
   739,  4049,20120607,  178,    0
   739,  4049,20120608,  162,    0
   739,  4049,20120609,  137,    0
   739,  4049,20120610,  134,    0
   739,  4049,20120611,  158,    0
   739,  4049,20120612,  156,    0
   739,  4049,20120613,  126,    0
   739,  4049,20120614,  131,    0
   739,  4049,20120615,  177,    0
   739,  4049,20120616,  158,    0
   739,  4049,20120617,  144,    0
   739,  4049,20120618,  152,    0
   739,  4049,20120619,  139,    0
   739,  4049,20120620,  192,    0
   739,  4049,20120621,  183,    0
   739,  4049,20120622,  166,    0
   739,  4049,20120623,  142,    0
   739,  4049,20120624,  120,    0
   739,  4049,20120625,  136,    0
   739,  4049,20120626,  158,    0
   739,  4049,20120627,  196,    0
   739,  4049,20120628,  224,    0
   739,  4049,20120629,  188,    0
   739,  4049,20120630,  177,    0
   739,  4049,20120701,  170,    0
   739,  4049,20120702,  155,    0
   739,  4049,20120703,  182,    0
   739,  4049,20120704,  213,    0
   739,  4049,20120705,  208,    0
   739,  4049,20120706,  184,    0
   739,  4049,20120707,  187,    0
   739,  4049,20120708,  168,    0
   739,  4049,20120709,  162,    0
   739,  4049,20120710,  166,    0
   739,  4049,20120711,  163,    0
   739,  4049,20120712,  150,    0
   739,  4049,20120713,  159,    0
   739,  4049,20120714,  170,    0
   739,  4049,20120715,  152,    0
   739,  4049,20120716,  128,    0
   739,  4049,20120717,  198,    0
   739,  4049,20120718,  194,    0
   739,  4049,20120719,  182,    0
   739,  4049,20120720,  155,    0
   739,  4049,20120721,  142,    0
   739,  4049,20120722,  151,    0
   739,  4049,20120723,  158,    0
   739,  4049,20120724,  183,    0
   739,  4049,20120725,  210,    0
   739,  4049,20120726,  237,    0
   739,  4049,20120727,  232,    0
   739,  4049,20120728,  214,    0
   739,  4049,20120729,  163,    0
   739,  4049,20120730,  154,    0
   739,  4049,20120731,  168,    0
   739,  4049,20120801,  204,    0
   739,  4049,20120802,  204,    0
   739,  4049,20120803,  170,    0
   739,  4049,20120804,  183,    0
   739,  4049,20120805,  190,    0
   739,  4049,20120806,  180,    0
   739,  4049,20120807,  165,    0
   739,  4049,20120808,  164,    0
   739,  4049,20120809,  184,    0
   739,  4049,20120810,  172,    0
   739,  4049,20120811,  165,    0
   739,  4049,20120812,  173,    0
   739,  4049,20120813,  188,    0
   739,  4049,20120814,  181,    0
   739,  4049,20120815,  226,    0
   739,  4049,20120816,  177,    0
   739,  4049,20120817,  210,    0
   739,  4049,20120818,  252,    0
   739,  4049,20120819,  275,    0
   739,  4049,20120820,  216,    0
   739,  4049,20120821,  232,    0
   739,  4049,20120822,  195,    0
   739,  4049,20120823,  156,    0
   739,  4049,20120824,  192,    0
   739,  4049,20120825,  195,    0
   739,  4049,20120826,  192,    0
   739,  4049,20120827,  186,    0
   739,  4049,20120828,  199,    0
   739,  4049,20120829,  194,    0
   739,  4049,20120830,  162,    0
   739,  4049,20120831,  154,    0
   739,  4049,20120901,  135,    0
   739,  4049,20120902,  128,    0
   739,  4049,20120903,  161,    0
   739,  4049,20120904,  186,    0
   739,  4049,20120905,  184,    0
   739,  4049,20120906,  154,    0
   739,  4049,20120907,  140,    0
   739,  4049,20120908,  163,    0
   739,  4049,20120909,  187,    0
   739,  4049,20120910,  198,    0
   739,  4049,20120911,  180,    0
   739,  4049,20120912,  140,    0
   739,  4049,20120913,  146,    0
   739,  4049,20120914,  109,    0
   739,  4049,20120915,  152,    0
   739,  4049,20120916,  144,    0
   739,  4049,20120917,  150,    0
   739,  4049,20120918,  131,    0
   739,  4049,20120919,  109,    0
   739,  4049,20120920,   90,    0
   739,  4049,20120921,  118,    0
   739,  4049,20120922,   98,    0
   739,  4049,20120923,  150,    0
   739,  4049,20120924,  172,    0
   739,  4049,20120925,  140,    0
   739,  4049,20120926,  128,    0
   739,  4049,20120927,  140,    0
   739,  4049,20120928,  126,    0
   739,  4049,20120929,  108,    0
   739,  4049,20120930,   96,    0
   739,  4049,20121001,  100,    0
   739,  4049,20121002,  138,    0
   739,  4049,20121003,  155,    0
   739,  4049,20121004,  130,    0
   739,  4049,20121005,  146,    0
   739,  4049,20121006,  146,    0
   739,  4049,20121007,  130,    0
   739,  4049,20121008,  106,    0
   739,  4049,20121009,  132,    0
   739,  4049,20121010,  132,    0
   739,  4049,20121011,  132,    0
   739,  4049,20121012,  125,    0
   739,  4049,20121013,  106,    0
   739,  4049,20121014,   62,    0
   739,  4049,20121015,  103,    0
   739,  4049,20121016,  100,    0
   739,  4049,20121017,  102,    0
   739,  4049,20121018,  160,    0
   739,  4049,20121019,  178,    0
   739,  4049,20121020,  164,    0
   739,  4049,20121021,  188,    0
   739,  4049,20121022,  165,    0
   739,  4049,20121023,  120,    0
   739,  4049,20121024,   94,    0
   739,  4049,20121025,   96,    0
   739,  4049,20121026,   88,    0
   739,  4049,20121027,   36,    0
   739,  4049,20121028,   32,    0
   739,  4049,20121029,   34,    0
   739,  4049,20121030,   80,    0
   739,  4049,20121031,   58,    0
   739,  4049,20121101,   73,    0
   739,  4049,20121102,   69,    0
   739,  4049,20121103,   82,    0
   739,  4049,20121104,   72,    0
   739,  4049,20121105,   72,    0
   739,  4049,20121106,   58,    0
   739,  4049,20121107,   60,    0
   739,  4049,20121108,   70,    0
   739,  4049,20121109,   68,    0
   739,  4049,20121110,  104,    0
   739,  4049,20121111,   52,    0
   739,  4049,20121112,   68,    0
   739,  4049,20121113,   68,    0
   739,  4049,20121114,   28,    0
   739,  4049,20121115,   40,    0
   739,  4049,20121116,   29,    0
   739,  4049,20121117,   47,    0
   739,  4049,20121118,   76,    0
   739,  4049,20121119,   85,    0
   739,  4049,20121120,   48,    0
   739,  4049,20121121,   66,    0
   739,  4049,20121122,   38,    0
   739,  4049,20121123,   76,    0
   739,  4049,20121124,   93,    0
   739,  4049,20121125,   89,    0
   739,  4049,20121126,   74,    0
   739,  4049,20121127,   78,    0
   739,  4049,20121128,   42,    0
   739,  4049,20121129,   42,    0
   739,  4049,20121130,   26,    0
   739,  4049,20121201,    6,    0
   739,  4049,20121202,   14,    0
   739,  4049,20121203,   22,    0
   739,  4049,20121204,   44,    0
   739,  4049,20121205,   31,    0
   739,  4049,20121206,   16,    0
   739,  4049,20121207,   12,    0
   739,  4049,20121208,    6,    0
   739,  4049,20121209,   19,    0
   739,  4049,20121210,   44,    0
   739,  4049,20121211,   -5,    0
   739,  4049,20121212,  -40,    0
   739,  4049,20121213,   -9,    0
   739,  4049,20121214,   62,    0
   739,  4049,20121215,   95,    0
   739,  4049,20121216,   83,    0
   739,  4049,20121217,   81,    0
   739,  4049,20121218,   56,    0
   739,  4049,20121219,   53,    0
   739,  4049,20121220,   64,    0
   739,  4049,20121221,   84,    0
   739,  4049,20121222,   78,    0
   739,  4049,20121223,  125,    0
   739,  4049,20121224,  106,    0
   739,  4049,20121225,   98,    0
   739,  4049,20121226,   90,    0
   739,  4049,20121227,   98,    0
   739,  4049,20121228,   80,    0
   739,  4049,20121229,  102,    0
   739,  4049,20121230,   85,    0
   739,  4049,20121231,   85,    0
   739,  4049,20130101,   62,    0
   739,  4049,20130102,   39,    0
   739,  4049,20130103,   80,    0
   739,  4049,20130104,   94,    0
   739,  4049,20130105,   77,    0
   739,  4049,20130106,   81,    0
   739,  4049,20130107,   38,    0
   739,  4049,20130108,   42,    0
   739,  4049,20130109,   38,    0
   739,  4049,20130110,   51,    0
   739,  4049,20130111,   29,    0
   739,  4049,20130112,   27,    0
   739,  4049,20130113,   19,    0
   739,  4049,20130114,  -14,    0
   739,  4049,20130115,   -5,    0
   739,  4049,20130116,  -54,    0
   739,  4049,20130117,  -56,    0
   739,  4049,20130118,  -67,    0
   739,  4049,20130119,  -16,    0
   739,  4049,20130120,  -12,    0
   739,  4049,20130121,   -5,    0
   739,  4049,20130122,  -12,    0
   739,  4049,20130123,  -12,    0
   739,  4049,20130124,  -16,    0
   739,  4049,20130125,  -33,    0
   739,  4049,20130126,  -15,    0
   739,  4049,20130127,   24,    0
   739,  4049,20130128,   36,    0
   739,  4049,20130129,   93,    0
   739,  4049,20130130,  122,    0
   739,  4049,20130131,   73,    0
   739,  4049,20130201,   78,    0
   739,  4049,20130202,   41,    0
   739,  4049,20130203,   42,    0
   739,  4049,20130204,   72,    0
   739,  4049,20130205,   36,    0
   739,  4049,20130206,   26,    0
   739,  4049,20130207,   29,    0
   739,  4049,20130208,    3,    0
   739,  4049,20130209,   -2,    0
   739,  4049,20130210,  -28,    0
   739,  4049,20130211,   12,    0
   739,  4049,20130212,    6,    0
   739,  4049,20130213,  -13,    0
   739,  4049,20130214,  -24,    0
   739,  4049,20130215,   38,    0
   739,  4049,20130216,   15,    0
   739,  4049,20130217,   20,    0
   739,  4049,20130218,   14,    0
   739,  4049,20130219,    8,    0
   739,  4049,20130220,   21,    0
   739,  4049,20130221,   -9,    0
   739,  4049,20130222,  -24,    0
   739,  4049,20130223,  -32,    0
   739,  4049,20130224,  -14,    0
   739,  4049,20130225,    5,    0
   739,  4049,20130226,   10,    0
   739,  4049,20130227,   32,    0
   739,  4049,20130228,   21,    0
   739,  4049,20130301,   29,    0
   739,  4049,20130302,   12,    0
   739,  4049,20130303,   -4,    0
   739,  4049,20130304,   44,    0
   739,  4049,20130305,   68,    0
   739,  4049,20130306,  103,    0
   739,  4049,20130307,   97,    0
   739,  4049,20130308,   85,    0
   739,  4049,20130309,  108,    0
   739,  4049,20130310,   40,    0
   739,  4049,20130311,   12,    0
   739,  4049,20130312,  -15,    0
   739,  4049,20130313,  -52,    0
   739,  4049,20130314,  -20,    0
   739,  4049,20130315,  -14,    0
   739,  4049,20130316,   38,    0
   739,  4049,20130317,   50,    0
   739,  4049,20130318,   47,    0
   739,  4049,20130319,   60,    0
   739,  4049,20130320,   64,    0
   739,  4049,20130321,   32,    0
   739,  4049,20130322,   61,    0
   739,  4049,20130323,   48,    0
   739,  4049,20130324,   38,    0
   739,  4049,20130325,   28,    0
   739,  4049,20130326,   16,    0
   739,  4049,20130327,   12,    0
   739,  4049,20130328,   17,    0
   739,  4049,20130329,   18,    0
   739,  4049,20130330,   24,    0
   739,  4049,20130331,   13,    0
   739,  4049,20130401,   35,    0
   739,  4049,20130402,   41,    0
   739,  4049,20130403,   23,    0
   739,  4049,20130404,   47,    0
   739,  4049,20130405,   53,    0
   739,  4049,20130406,   55,    0
   739,  4049,20130407,   41,    0
   739,  4049,20130408,   55,    0
   739,  4049,20130409,   69,    0
   739,  4049,20130410,   98,    0
   739,  4049,20130411,  122,    0
   739,  4049,20130412,  116,    0
   739,  4049,20130413,  104,    0
   739,  4049,20130414,  180,    0
   739,  4049,20130415,  142,    0
   739,  4049,20130416,  125,    0
   739,  4049,20130417,  173,    0
   739,  4049,20130418,  146,    0
   739,  4049,20130419,   93,    0
   739,  4049,20130420,   92,    0
   739,  4049,20130421,   95,    0
   739,  4049,20130422,   80,    0
   739,  4049,20130423,   96,    0
   739,  4049,20130424,  126,    0
   739,  4049,20130425,  146,    0
   739,  4049,20130426,  128,    0
   739,  4049,20130427,   72,    0
   739,  4049,20130428,   80,    0
   739,  4049,20130429,   78,    0
   739,  4049,20130430,   92,    0
   739,  4049,20130501,  125,    0
   739,  4049,20130502,  122,    0
   739,  4049,20130503,  115,    0
   739,  4049,20130504,  105,    0
   739,  4049,20130505,  117,    0
   739,  4049,20130506,  112,    0
   739,  4049,20130507,  147,    0
   739,  4049,20130508,  133,    0
   739,  4049,20130509,  144,    0
   739,  4049,20130510,  106,    0
   739,  4049,20130511,  132,    0
   739,  4049,20130512,  114,    0
   739,  4049,20130513,  128,    0
   739,  4049,20130514,  124,    0
   739,  4049,20130515,  126,    0
   739,  4049,20130516,  110,    0
   739,  4049,20130517,  105,    0
   739,  4049,20130518,  121,    0
   739,  4049,20130519,  116,    0
   739,  4049,20130520,  106,    0
   739,  4049,20130521,  108,    0
   739,  4049,20130522,  110,    0
   739,  4049,20130523,   74,    0
   739,  4049,20130524,   58,    0
   739,  4049,20130525,   96,    0
   739,  4049,20130526,  110,    0
   739,  4049,20130527,   99,    0
   739,  4049,20130528,  110,    0
   739,  4049,20130529,  108,    0
   739,  4049,20130530,  112,    0
   739,  4049,20130531,  122,    0
   739,  4049,20130601,  142,    0
   739,  4049,20130602,  122,    0
   739,  4049,20130603,  112,    0
   739,  4049,20130604,  130,    0
   739,  4049,20130605,  156,    0
   739,  4049,20130606,  178,    0
   739,  4049,20130607,  180,    0
   739,  4049,20130608,  185,    0
   739,  4049,20130609,  153,    0
   739,  4049,20130610,  148,    0
   739,  4049,20130611,  144,    0
   739,  4049,20130612,  170,    0
   739,  4049,20130613,  170,    0
   739,  4049,20130614,  121,    0
   739,  4049,20130615,  140,    0
   739,  4049,20130616,  152,    0
   739,  4049,20130617,  210,    0
   739,  4049,20130618,  218,    0
   739,  4049,20130619,  231,    0
   739,  4049,20130620,  204,    0
   739,  4049,20130621,  168,    0
   739,  4049,20130622,  153,    0
   739,  4049,20130623,  163,    0
   739,  4049,20130624,  139,    0
   739,  4049,20130625,  131,    0
   739,  4049,20130626,  129,    0
   739,  4049,20130627,  134,    0
   739,  4049,20130628,  126,    0
   739,  4049,20130629,  170,    0
   739,  4049,20130630,  160,    0
   739,  4049,20130701,  168,    0
   739,  4049,20130702,  174,    0
   739,  4049,20130703,  180,    0
   739,  4049,20130704,  177,    0
   739,  4049,20130705,  191,    0
   739,  4049,20130706,  181,    0
   739,  4049,20130707,  216,    0
   739,  4049,20130708,  209,    0
   739,  4049,20130709,  214,    0
   739,  4049,20130710,  208,    0
   739,  4049,20130711,  166,    0
   739,  4049,20130712,  165,    0
   739,  4049,20130713,  165,    0
   739,  4049,20130714,  178,    0
   739,  4049,20130715,  195,    0
   739,  4049,20130716,  196,    0
   739,  4049,20130717,  208,    0
   739,  4049,20130718,  221,    0
   739,  4049,20130719,  227,    0
   739,  4049,20130720,  221,    0
   739,  4049,20130721,  230,    0
   739,  4049,20130722,  247,    0
   739,  4049,20130723,  228,    0
   739,  4049,20130724,  238,    0
   739,  4049,20130725,  234,    0
   739,  4049,20130726,  242,    0
   739,  4049,20130727,  249,    0
   739,  4049,20130728,  214,    0
   739,  4049,20130729,  195,    0
   739,  4049,20130730,  184,    0
   739,  4049,20130731,  218,    0
   739,  4049,20130801,  242,    0
   739,  4049,20130802,  263,    0
   739,  4049,20130803,  216,    0
   739,  4049,20130804,  190,    0
   739,  4049,20130805,  217,    0
   739,  4049,20130806,  186,    0
   739,  4049,20130807,  178,    0
   739,  4049,20130808,  178,    0
   739,  4049,20130809,  174,    0
   739,  4049,20130810,  154,    0
   739,  4049,20130811,  158,    0
   739,  4049,20130812,  162,    0
   739,  4049,20130813,  136,    0
   739,  4049,20130814,  166,    0
   739,  4049,20130815,  161,    0
   739,  4049,20130816,  196,    0
   739,  4049,20130817,  188,    0
   739,  4049,20130818,  208,    0
   739,  4049,20130819,  176,    0
   739,  4049,20130820,  144,    0
   739,  4049,20130821,  160,    0
   739,  4049,20130822,  179,    0
   739,  4049,20130823,  199,    0
   739,  4049,20130824,  192,    0
   739,  4049,20130825,  157,    0
   739,  4049,20130826,  160,    0
   739,  4049,20130827,  178,    0
   739,  4049,20130828,  173,    0
   739,  4049,20130829,  165,    0
   739,  4049,20130830,  176,    0
   739,  4049,20130831,  164,    0
   739,  4049,20130901,  136,    0
   739,  4049,20130902,  141,    0
   739,  4049,20130903,  168,    0
   739,  4049,20130904,  200,    0
   739,  4049,20130905,  226,    0
   739,  4049,20130906,  198,    0
   739,  4049,20130907,  166,    0
   739,  4049,20130908,  158,    0
   739,  4049,20130909,  108,    0
   739,  4049,20130910,  134,    0
   739,  4049,20130911,  146,    0
   739,  4049,20130912,  129,    0
   739,  4049,20130913,  127,    0
   739,  4049,20130914,  154,    0
   739,  4049,20130915,  148,    0
   739,  4049,20130916,  137,    0
   739,  4049,20130917,  121,    0
   739,  4049,20130918,  145,    0
   739,  4049,20130919,  116,    0
   739,  4049,20130920,  155,    0
   739,  4049,20130921,  130,    0
   739,  4049,20130922,  132,    0
   739,  4049,20130923,  155,    0
   739,  4049,20130924,  148,    0
   739,  4049,20130925,  156,    0
   739,  4049,20130926,  172,    0
   739,  4049,20130927,  148,    0
   739,  4049,20130928,  154,    0
   739,  4049,20130929,  171,    0
   739,  4049,20130930,  142,    0
   739,  4049,20131001,  138,    0
   739,  4049,20131002,  140,    0
   739,  4049,20131003,  153,    0
   739,  4049,20131004,  192,    0
   739,  4049,20131005,  160,    0
   739,  4049,20131006,  154,    0
   739,  4049,20131007,  135,    0
   739,  4049,20131008,  155,    0
   739,  4049,20131009,  147,    0
   739,  4049,20131010,   84,    0
   739,  4049,20131011,   84,    0
   739,  4049,20131012,   76,    0
   739,  4049,20131013,   74,    0
   739,  4049,20131014,  102,    0
   739,  4049,20131015,  104,    0
   739,  4049,20131016,   72,    0
   739,  4049,20131017,  124,    0
   739,  4049,20131018,  116,    0
   739,  4049,20131019,  132,    0
   739,  4049,20131020,  158,    0
   739,  4049,20131021,  156,    0
   739,  4049,20131022,  186,    0
   739,  4049,20131023,  174,    0
   739,  4049,20131024,  141,    0
   739,  4049,20131025,  154,    0
   739,  4049,20131026,  174,    0
   739,  4049,20131027,  154,    0
   739,  4049,20131028,  154,    0
   739,  4049,20131029,  111,    0
   739,  4049,20131030,   68,    0
   739,  4049,20131031,   74,    0
   739,  4049,20131101,  107,    0
   739,  4049,20131102,  125,    0
   739,  4049,20131103,  104,    0
   739,  4049,20131104,  112,    0
   739,  4049,20131105,   50,    0
   739,  4049,20131106,  128,    0
   739,  4049,20131107,  152,    0
   739,  4049,20131108,  112,    0
   739,  4049,20131109,   90,    0
   739,  4049,20131110,   73,    0
   739,  4049,20131111,   12,    0
   739,  4049,20131112,   55,    0
   739,  4049,20131113,   69,    0
   739,  4049,20131114,   22,    0
   739,  4049,20131115,   69,    0
   739,  4049,20131116,   22,    0
   739,  4049,20131117,   23,    0
   739,  4049,20131118,   52,    0
   739,  4049,20131119,   40,    0
   739,  4049,20131120,   38,    0
   739,  4049,20131121,   24,    0
   739,  4049,20131122,   37,    0
   739,  4049,20131123,   51,    0
   739,  4049,20131124,   40,    0
   739,  4049,20131125,   50,    0
   739,  4049,20131126,   14,    0
   739,  4049,20131127,   33,    0
   739,  4049,20131128,   16,    0
   739,  4049,20131129,   66,    0
   739,  4049,20131130,   46,    0
   739,  4049,20131201,   42,    0
   739,  4049,20131202,   66,    0
   739,  4049,20131203,   -2,    0
   739,  4049,20131204,    8,    0
   739,  4049,20131205,   45,    0
   739,  4049,20131206,   44,    0
   739,  4049,20131207,   46,    0
   739,  4049,20131208,   50,    0
   739,  4049,20131209,   16,    0
   739,  4049,20131210,   14,    0
   739,  4049,20131211,   11,    0
   739,  4049,20131212,  -21,    0
   739,  4049,20131213,    6,    0
   739,  4049,20131214,   44,    0
   739,  4049,20131215,   58,    0
   739,  4049,20131216,   49,    0
   739,  4049,20131217,   43,    0
   739,  4049,20131218,   61,    0
   739,  4049,20131219,   79,    0
   739,  4049,20131220,   41,    0
   739,  4049,20131221,   36,    0
   739,  4049,20131222,   68,    0
   739,  4049,20131223,   88,    0
   739,  4049,20131224,  101,    0
   739,  4049,20131225,   74,    0
   739,  4049,20131226,   47,    0
   739,  4049,20131227,   69,    0
   739,  4049,20131228,   80,    0
   739,  4049,20131229,   43,    0
   739,  4049,20131230,   21,    0
   739,  4049,20131231,   58,    0
   739,  4049,20140101,   71,    0
   739,  4049,20140102,   87,    0
   739,  4049,20140103,   94,    0
   739,  4049,20140104,   76,    0
   739,  4049,20140105,   67,    0
   739,  4049,20140106,   95,    0
   739,  4049,20140107,  111,    0
   739,  4049,20140108,   99,    0
   739,  4049,20140109,  104,    0
   739,  4049,20140110,   32,    0
   739,  4049,20140111,   57,    0
   739,  4049,20140112,   32,    0
   739,  4049,20140113,   66,    0
   739,  4049,20140114,   32,    0
   739,  4049,20140115,   28,    0
   739,  4049,20140116,   76,    0
   739,  4049,20140117,   80,    0
   739,  4049,20140118,   61,    0
   739,  4049,20140119,   66,    0
   739,  4049,20140120,   51,    0
   739,  4049,20140121,   28,    0
   739,  4049,20140122,   30,    0
   739,  4049,20140123,   38,    0
   739,  4049,20140124,   23,    0
   739,  4049,20140125,   26,    0
   739,  4049,20140126,   44,    0
   739,  4049,20140127,   42,    0
   739,  4049,20140128,   32,    0
   739,  4049,20140129,   28,    0
   739,  4049,20140130,   48,    0
   739,  4049,20140131,   20,    0
   739,  4049,20140201,   56,    0
   739,  4049,20140202,   41,    0
   739,  4049,20140203,   20,    0
   739,  4049,20140204,   45,    0
   739,  4049,20140205,   69,    0
   739,  4049,20140206,   84,    0
   739,  4049,20140207,   80,    0
   739,  4049,20140208,   52,    0
   739,  4049,20140209,   68,    0
   739,  4049,20140210,   36,    0
   739,  4049,20140211,   54,    0
   739,  4049,20140212,   48,    0
   739,  4049,20140213,   66,    0
   739,  4049,20140214,   65,    0
   739,  4049,20140215,   98,    0
   739,  4049,20140216,   84,    0
   739,  4049,20140217,   66,    0
   739,  4049,20140218,   45,    0
   739,  4049,20140219,   64,    0
   739,  4049,20140220,   59,    0
   739,  4049,20140221,   80,    0
   739,  4049,20140222,   44,    0
   739,  4049,20140223,   62,    0
   739,  4049,20140224,   75,    0
   739,  4049,20140225,   86,    0
   739,  4049,20140226,   79,    0
   739,  4049,20140227,   33,    0
   739,  4049,20140228,   47,    0
   739,  4049,20140301,   46,    0
   739,  4049,20140302,   14,    0
   739,  4049,20140303,   72,    0
   739,  4049,20140304,   46,    0
   739,  4049,20140305,   48,    0
   739,  4049,20140306,   51,    0
   739,  4049,20140307,   70,    0
   739,  4049,20140308,   76,    0
   739,  4049,20140309,   98,    0
   739,  4049,20140310,   89,    0
   739,  4049,20140311,  103,    0
   739,  4049,20140312,   93,    0
   739,  4049,20140313,   85,    0
   739,  4049,20140314,   88,    0
   739,  4049,20140315,   66,    0
   739,  4049,20140316,   98,    0
   739,  4049,20140317,   44,    0
   739,  4049,20140318,  102,    0
   739,  4049,20140319,  116,    0
   739,  4049,20140320,  104,    0
   739,  4049,20140321,  116,    0
   739,  4049,20140322,   96,    0
   739,  4049,20140323,   52,    0
   739,  4049,20140324,   60,    0
   739,  4049,20140325,   48,    0
   739,  4049,20140326,   50,    0
   739,  4049,20140327,   40,    0
   739,  4049,20140328,   70,    0
   739,  4049,20140329,  110,    0
   739,  4049,20140330,  114,    0
   739,  4049,20140331,  117,    0
   739,  4049,20140401,  117,    0
   739,  4049,20140402,  127,    0
   739,  4049,20140403,  134,    0
   739,  4049,20140404,  118,    0
   739,  4049,20140405,  135,    0
   739,  4049,20140406,  114,    0
   739,  4049,20140407,  154,    0
   739,  4049,20140408,  108,    0
   739,  4049,20140409,   68,    0
   739,  4049,20140410,   87,    0
   739,  4049,20140411,  116,    0
   739,  4049,20140412,  104,    0
   739,  4049,20140413,  103,    0
   739,  4049,20140414,   86,    0
   739,  4049,20140415,   70,    0
   739,  4049,20140416,   72,    0
   739,  4049,20140417,   86,    0
   739,  4049,20140418,  112,    0
   739,  4049,20140419,   76,    0
   739,  4049,20140420,  129,    0
   739,  4049,20140421,  102,    0
   739,  4049,20140422,  140,    0
   739,  4049,20140423,  124,    0
   739,  4049,20140424,  156,    0
   739,  4049,20140425,  136,    0
   739,  4049,20140426,   98,    0
   739,  4049,20140427,  100,    0
   739,  4049,20140428,  115,    0
   739,  4049,20140429,  110,    0
   739,  4049,20140430,  136,    0
   739,  4049,20140501,  140,    0
   739,  4049,20140502,  134,    0
   739,  4049,20140503,  104,    0
   739,  4049,20140504,   90,    0
   739,  4049,20140505,  107,    0
   739,  4049,20140506,  145,    0
   739,  4049,20140507,  146,    0
   739,  4049,20140508,  112,    0
   739,  4049,20140509,  162,    0
   739,  4049,20140510,  116,    0
   739,  4049,20140511,  110,    0
   739,  4049,20140512,  109,    0
   739,  4049,20140513,   82,    0
   739,  4049,20140514,  100,    0
   739,  4049,20140515,   90,    0
   739,  4049,20140516,  109,    0
   739,  4049,20140517,  133,    0
   739,  4049,20140518,  136,    0
   739,  4049,20140519,  167,    0
   739,  4049,20140520,  178,    0
   739,  4049,20140521,  168,    0
   739,  4049,20140522,  160,    0
   739,  4049,20140523,  138,    0
   739,  4049,20140524,  146,    0
   739,  4049,20140525,  134,    0
   739,  4049,20140526,  149,    0
   739,  4049,20140527,  148,    0
   739,  4049,20140528,  142,    0
   739,  4049,20140529,  148,    0
   739,  4049,20140530,  128,    0
   739,  4049,20140531,  136,    0
   739,  4049,20140601,  142,    0
   739,  4049,20140602,  131,    0
   739,  4049,20140603,  160,    0
   739,  4049,20140604,  150,    0
   739,  4049,20140605,  110,    0
   739,  4049,20140606,  164,    0
   739,  4049,20140607,  217,    0
   739,  4049,20140608,  232,    0
   739,  4049,20140609,  225,    0
   739,  4049,20140610,  208,    0
   739,  4049,20140611,  194,    0
   739,  4049,20140612,  190,    0
   739,  4049,20140613,  176,    0
   739,  4049,20140614,  168,    0
   739,  4049,20140615,  158,    0
   739,  4049,20140616,  152,    0
   739,  4049,20140617,  158,    0
   739,  4049,20140618,  180,    0
   739,  4049,20140619,  163,    0
   739,  4049,20140620,  162,    0
   739,  4049,20140621,  146,    0
   739,  4049,20140622,  157,    0
   739,  4049,20140623,  164,    0
   739,  4049,20140624,  168,    0
   739,  4049,20140625,  172,    0
   739,  4049,20140626,  138,    0
   739,  4049,20140627,  176,    0
   739,  4049,20140628,  139,    0
   739,  4049,20140629,  154,    0
   739,  4049,20140630,  147,    0
   739,  4049,20140701,  155,    0
   739,  4049,20140702,  177,    0
   739,  4049,20140703,  192,    0
   739,  4049,20140704,  198,    0
   739,  4049,20140705,  200,    0
   739,  4049,20140706,  208,    0
   739,  4049,20140707,  156,    0
   739,  4049,20140708,  158,    0
   739,  4049,20140709,  144,    0
   739,  4049,20140710,  159,    0
   739,  4049,20140711,  162,    0
   739,  4049,20140712,  182,    0
   739,  4049,20140713,  183,    0
   739,  4049,20140714,  156,    0
   739,  4049,20140715,  168,    0
   739,  4049,20140716,  222,    0
   739,  4049,20140717,  224,    0
   739,  4049,20140718,  254,    0
   739,  4049,20140719,  233,    0
   739,  4049,20140720,  219,    0
   739,  4049,20140721,  212,    0
   739,  4049,20140722,  202,    0
   739,  4049,20140723,  234,    0
   739,  4049,20140724,  223,    0
   739,  4049,20140725,  194,    0
   739,  4049,20140726,  202,    0
   739,  4049,20140727,  218,    0
   739,  4049,20140728,  183,    0
   739,  4049,20140729,  181,    0
   739,  4049,20140730,  204,    0
   739,  4049,20140731,  186,    0
   739,  4049,20140801,  202,    0
   739,  4049,20140802,  203,    0
   739,  4049,20140803,  188,    0
   739,  4049,20140804,  184,    0
   739,  4049,20140805,  170,    0
   739,  4049,20140806,  172,    0
   739,  4049,20140807,  185,    0
   739,  4049,20140808,  202,    0
   739,  4049,20140809,  196,    0
   739,  4049,20140810,  203,    0
   739,  4049,20140811,  156,    0
   739,  4049,20140812,  166,    0
   739,  4049,20140813,  168,    0
   739,  4049,20140814,  152,    0
   739,  4049,20140815,  156,    0
   739,  4049,20140816,  156,    0
   739,  4049,20140817,  167,    0
   739,  4049,20140818,  175,    0
   739,  4049,20140819,  118,    0
   739,  4049,20140820,  130,    0
   739,  4049,20140821,  118,    0
   739,  4049,20140822,  157,    0
   739,  4049,20140823,  144,    0
   739,  4049,20140824,  120,    0
   739,  4049,20140825,  143,    0
   739,  4049,20140826,  174,    0
   739,  4049,20140827,  160,    0
   739,  4049,20140828,  182,    0
   739,  4049,20140829,  174,    0
   739,  4049,20140830,  150,    0
   739,  4049,20140831,  178,    0
   739,  4049,20140901,  138,    0
   739,  4049,20140902,  164,    0
   739,  4049,20140903,  162,    0
   739,  4049,20140904,  172,    0
   739,  4049,20140905,  173,    0
   739,  4049,20140906,  179,    0
   739,  4049,20140907,  171,    0
   739,  4049,20140908,  180,    0
   739,  4049,20140909,  172,    0
   739,  4049,20140910,  150,    0
   739,  4049,20140911,  144,    0
   739,  4049,20140912,  147,    0
   739,  4049,20140913,  168,    0
   739,  4049,20140914,  170,    0
   739,  4049,20140915,  159,    0
   739,  4049,20140916,  176,    0
   739,  4049,20140917,  190,    0
   739,  4049,20140918,  218,    0
   739,  4049,20140919,  191,    0
   739,  4049,20140920,  197,    0
   739,  4049,20140921,  166,    0
   739,  4049,20140922,  133,    0
   739,  4049,20140923,  101,    0
   739,  4049,20140924,  105,    0
   739,  4049,20140925,  137,    0
   739,  4049,20140926,  129,    0
   739,  4049,20140927,  150,    0
   739,  4049,20140928,  164,    0
   739,  4049,20140929,  152,    0
   739,  4049,20140930,  176,    0
   739,  4049,20141001,  160,    0
   739,  4049,20141002,  154,    0
   739,  4049,20141003,  155,    0
   739,  4049,20141004,  152,    0
   739,  4049,20141005,  118,    0
   739,  4049,20141006,  130,    0
   739,  4049,20141007,  138,    0
   739,  4049,20141008,  148,    0
   739,  4049,20141009,  162,    0
   739,  4049,20141010,  148,    0
   739,  4049,20141011,  142,    0
   739,  4049,20141012,  102,    0
   739,  4049,20141013,  164,    0
   739,  4049,20141014,  116,    0
   739,  4049,20141015,  120,    0
   739,  4049,20141016,  154,    0
   739,  4049,20141017,  148,    0
   739,  4049,20141018,  171,    0
   739,  4049,20141019,  178,    0
   739,  4049,20141020,  149,    0
   739,  4049,20141021,  115,    0
   739,  4049,20141022,   97,    0
   739,  4049,20141023,   92,    0
   739,  4049,20141024,  120,    0
   739,  4049,20141025,  126,    0
   739,  4049,20141026,  122,    0
   739,  4049,20141027,  112,    0
   739,  4049,20141028,   97,    0
   739,  4049,20141029,   74,    0
   739,  4049,20141030,  126,    0
   739,  4049,20141031,  146,    0
   739,  4049,20141101,  143,    0
   739,  4049,20141102,  144,    0
   739,  4049,20141103,  134,    0
   739,  4049,20141104,   88,    0
   739,  4049,20141105,   68,    0
   739,  4049,20141106,   62,    0
   739,  4049,20141107,   78,    0
   739,  4049,20141108,   96,    0
   739,  4049,20141109,   84,    0
   739,  4049,20141110,   87,    0
   739,  4049,20141111,   95,    0
   739,  4049,20141112,  103,    0
   739,  4049,20141113,   83,    0
   739,  4049,20141114,   77,    0
   739,  4049,20141115,  100,    0
   739,  4049,20141116,   84,    0
   739,  4049,20141117,   94,    0
   739,  4049,20141118,   78,    0
   739,  4049,20141119,   43,    0
   739,  4049,20141120,   76,    0
   739,  4049,20141121,   82,    0
   739,  4049,20141122,   88,    0
   739,  4049,20141123,  110,    0
   739,  4049,20141124,  108,    0
   739,  4049,20141125,   90,    0
   739,  4049,20141126,   96,    0
   739,  4049,20141127,   99,    0
   739,  4049,20141128,   82,    0
   739,  4049,20141129,   30,    0
   739,  4049,20141130,   30,    0
   739,  4049,20141201,   32,    0
   739,  4049,20141202,   26,    0
   739,  4049,20141203,   24,    0
   739,  4049,20141204,   30,    0
   739,  4049,20141205,   49,    0
   739,  4049,20141206,   54,    0
   739,  4049,20141207,   29,    0
   739,  4049,20141208,   16,    0
   739,  4049,20141209,   17,    0
   739,  4049,20141210,   40,    0
   739,  4049,20141211,   74,    0
   739,  4049,20141212,   94,    0
   739,  4049,20141213,   44,    0
   739,  4049,20141214,   18,    0
   739,  4049,20141215,   22,    0
   739,  4049,20141216,   62,    0
   739,  4049,20141217,   80,    0
   739,  4049,20141218,  120,    0
   739,  4049,20141219,  111,    0
   739,  4049,20141220,   51,    0
   739,  4049,20141221,   44,    0
   739,  4049,20141222,   84,    0
   739,  4049,20141223,   80,    0
   739,  4049,20141224,   86,    0
   739,  4049,20141225,   44,    0
   739,  4049,20141226,   28,    0
   739,  4049,20141227,   44,    0
   739,  4049,20141228,  -22,    0
   739,  4049,20141229,  -25,    0
   739,  4049,20141230,   26,    0
   739,  4049,20141231,   32,    0
   739,  4049,20150101,   -3,    0
   739,  4049,20150102,   32,    0
   739,  4049,20150103,   55,    0
   739,  4049,20150104,   25,    0
   739,  4049,20150105,  -25,    0
   739,  4049,20150106,  -15,    0
   739,  4049,20150107,   36,    0
   739,  4049,20150108,   68,    0
   739,  4049,20150109,  102,    0
   739,  4049,20150110,  118,    0
   739,  4049,20150111,   59,    0
   739,  4049,20150112,   73,    0
   739,  4049,20150113,   86,    0
   739,  4049,20150114,   60,    0
   739,  4049,20150115,   70,    0
   739,  4049,20150116,   50,    0
   739,  4049,20150117,   19,    0
   739,  4049,20150118,   20,    0
   739,  4049,20150119,  -28,    0
   739,  4049,20150120,  -11,    0
   739,  4049,20150121,   -9,    0
   739,  4049,20150122,    6,    0
   739,  4049,20150123,   24,    0
   739,  4049,20150124,   -1,    0
   739,  4049,20150125,   21,    0
   739,  4049,20150126,   46,    0
   739,  4049,20150127,   36,    0
   739,  4049,20150128,   54,    0
   739,  4049,20150129,   40,    0
   739,  4049,20150130,   18,    0
   739,  4049,20150131,   31,    0
   739,  4049,20150201,   22,    0
   739,  4049,20150202,   23,    0
   739,  4049,20150203,    2,    0
   739,  4049,20150204,   10,    0
   739,  4049,20150205,    1,    0
   739,  4049,20150206,   -9,    0
   739,  4049,20150207,    7,    0
   739,  4049,20150208,   35,    0
   739,  4049,20150209,    8,    0
   739,  4049,20150210,   40,    0
   739,  4049,20150211,   50,    0
   739,  4049,20150212,   25,    0
   739,  4049,20150213,   50,    0
   739,  4049,20150214,   68,    0
   739,  4049,20150215,   63,    0
   739,  4049,20150216,    7,    0
   739,  4049,20150217,   43,    0
   739,  4049,20150218,   35,    0
   739,  4049,20150219,   20,    0
   739,  4049,20150220,   67,    0
   739,  4049,20150221,   49,    0
   739,  4049,20150222,   28,    0
   739,  4049,20150223,   68,    0
   739,  4049,20150224,   57,    0
   739,  4049,20150225,   30,    0
   739,  4049,20150226,   66,    0
   739,  4049,20150227,   54,    0
   739,  4049,20150228,   28,    0
   739,  4049,20150301,   92,    0
   739,  4049,20150302,   75,    0
   739,  4049,20150303,   53,    0
   739,  4049,20150304,   44,    0
   739,  4049,20150305,   39,    0
   739,  4049,20150306,   38,    0
   739,  4049,20150307,   50,    0
   739,  4049,20150308,   80,    0
   739,  4049,20150309,   83,    0
   739,  4049,20150310,   62,    0
   739,  4049,20150311,   62,    0
   739,  4049,20150312,   50,    0
   739,  4049,20150313,   43,    0
   739,  4049,20150314,   60,    0
   739,  4049,20150315,   60,    0
   739,  4049,20150316,   53,    0
   739,  4049,20150317,   78,    0
   739,  4049,20150318,   93,    0
   739,  4049,20150319,   66,    0
   739,  4049,20150320,   76,    0
   739,  4049,20150321,   57,    0
   739,  4049,20150322,   69,    0
   739,  4049,20150323,   51,    0
   739,  4049,20150324,   59,    0
   739,  4049,20150325,   56,    0
   739,  4049,20150326,   29,    0
   739,  4049,20150327,   56,    0
   739,  4049,20150328,   78,    0
   739,  4049,20150329,  116,    0
   739,  4049,20150330,  110,    0
   739,  4049,20150331,  114,    0
   739,  4049,20150401,   73,    0
   739,  4049,20150402,   78,    0
   739,  4049,20150403,   38,    0
   739,  4049,20150404,   68,    0
   739,  4049,20150405,   58,    0
   739,  4049,20150406,   56,    0
   739,  4049,20150407,   64,    0
   739,  4049,20150408,   78,    0
   739,  4049,20150409,   98,    0
   739,  4049,20150410,  106,    0
   739,  4049,20150411,  112,    0
   739,  4049,20150412,   94,    0
   739,  4049,20150413,  104,    0
   739,  4049,20150414,  144,    0
   739,  4049,20150415,  152,    0
   739,  4049,20150416,  130,    0
   739,  4049,20150417,  136,    0
   739,  4049,20150418,  105,    0
   739,  4049,20150419,   97,    0
   739,  4049,20150420,  104,    0
   739,  4049,20150421,  123,    0
   739,  4049,20150422,  122,    0
   739,  4049,20150423,  102,    0
   739,  4049,20150424,  115,    0
   739,  4049,20150425,  147,    0
   739,  4049,20150426,  138,    0
   739,  4049,20150427,  102,    0
   739,  4049,20150428,   85,    0
   739,  4049,20150429,   77,    0
   739,  4049,20150430,   86,    0
   739,  4049,20150501,   93,    0
   739,  4049,20150502,  107,    0
   739,  4049,20150503,  151,    0
   739,  4049,20150504,  154,    0
   739,  4049,20150505,  184,    0
   739,  4049,20150506,  111,    0
   739,  4049,20150507,  128,    0
   739,  4049,20150508,  119,    0
   739,  4049,20150509,  163,    0
   739,  4049,20150510,  140,    0
   739,  4049,20150511,  173,    0
   739,  4049,20150512,  174,    0
   739,  4049,20150513,  105,    0
   739,  4049,20150514,  140,    0
   739,  4049,20150515,   93,    0
   739,  4049,20150516,   84,    0
   739,  4049,20150517,  114,    0
   739,  4049,20150518,  118,    0
   739,  4049,20150519,  113,    0
   739,  4049,20150520,   88,    0
   739,  4049,20150521,  101,    0
   739,  4049,20150522,  124,    0
   739,  4049,20150523,  138,    0
   739,  4049,20150524,  154,    0
   739,  4049,20150525,  132,    0
   739,  4049,20150526,  114,    0
   739,  4049,20150527,  120,    0
   739,  4049,20150528,  132,    0
   739,  4049,20150529,  122,    0
   739,  4049,20150530,  137,    0
   739,  4049,20150531,  116,    0
   739,  4049,20150601,  139,    0
   739,  4049,20150602,  163,    0
   739,  4049,20150603,  158,    0
   739,  4049,20150604,  157,    0
   739,  4049,20150605,  225,    0
   739,  4049,20150606,  170,    0
   739,  4049,20150607,  151,    0
   739,  4049,20150608,  150,    0
   739,  4049,20150609,  151,    0
   739,  4049,20150610,  163,    0
   739,  4049,20150611,  192,    0
   739,  4049,20150612,  217,    0
   739,  4049,20150613,  200,    0
   739,  4049,20150614,  170,    0
   739,  4049,20150615,  183,    0
   739,  4049,20150616,  168,    0
   739,  4049,20150617,  158,    0
   739,  4049,20150618,  176,    0
   739,  4049,20150619,  118,    0
   739,  4049,20150620,  147,    0
   739,  4049,20150621,  186,    0
   739,  4049,20150622,  136,    0
   739,  4049,20150623,  123,    0
   739,  4049,20150624,  130,    0
   739,  4049,20150625,  180,    0
   739,  4049,20150626,  210,    0
   739,  4049,20150627,  191,    0
   739,  4049,20150628,  174,    0
   739,  4049,20150629,  202,    0
   739,  4049,20150630,  203,    0
   739,  4049,20150701,  254,    0
   739,  4049,20150702,  273,    0
   739,  4049,20150703,  268,    0
   739,  4049,20150704,  269,    0
   739,  4049,20150705,  250,    0
   739,  4049,20150706,  184,    0
   739,  4049,20150707,  213,    0
   739,  4049,20150708,  170,    0
   739,  4049,20150709,  176,    0
   739,  4049,20150710,  162,    0
   739,  4049,20150711,  206,    0
   739,  4049,20150712,  154,    0
   739,  4049,20150713,  202,    0
   739,  4049,20150714,  199,    0
   739,  4049,20150715,  198,    0
   739,  4049,20150716,  238,    0
   739,  4049,20150717,  272,    0
   739,  4049,20150718,  212,    0
   739,  4049,20150719,  201,    0
   739,  4049,20150720,  218,    0
   739,  4049,20150721,  234,    0
   739,  4049,20150722,  222,    0
   739,  4049,20150723,  208,    0
   739,  4049,20150724,  188,    0
   739,  4049,20150725,  170,    0
   739,  4049,20150726,  124,    0
   739,  4049,20150727,  187,    0
   739,  4049,20150728,  162,    0
   739,  4049,20150729,  172,    0
   739,  4049,20150730,  122,    0
   739,  4049,20150731,  125,    0
   739,  4049,20150801,  168,    0
   739,  4049,20150802,  174,    0
   739,  4049,20150803,  234,    0
   739,  4049,20150804,  204,    0
   739,  4049,20150805,  181,    0
   739,  4049,20150806,  226,    0
   739,  4049,20150807,  239,    0
   739,  4049,20150808,  218,    0
   739,  4049,20150809,  202,    0
   739,  4049,20150810,  210,    0
   739,  4049,20150811,  214,    0
   739,  4049,20150812,  257,    0
   739,  4049,20150813,  258,    0
   739,  4049,20150814,  217,    0
   739,  4049,20150815,  173,    0
   739,  4049,20150816,  184,    0
   739,  4049,20150817,  148,    0
   739,  4049,20150818,  149,    0
   739,  4049,20150819,  152,    0
   739,  4049,20150820,  186,    0
   739,  4049,20150821,  192,    0
   739,  4049,20150822,  204,    0
   739,  4049,20150823,  180,    0
   739,  4049,20150824,  182,    0
   739,  4049,20150825,  166,    0
   739,  4049,20150826,  220,    0
   739,  4049,20150827,  150,    0
   739,  4049,20150828,  172,    0
   739,  4049,20150829,  212,    0
   739,  4049,20150830,  257,    0
   739,  4049,20150831,  229,    0
   739,  4049,20150901,  184,    0
   739,  4049,20150902,  150,    0
   739,  4049,20150903,  136,    0
   739,  4049,20150904,  134,    0
   739,  4049,20150905,  127,    0
   739,  4049,20150906,  114,    0
   739,  4049,20150907,  112,    0
   739,  4049,20150908,  152,    0
   739,  4049,20150909,  135,    0
   739,  4049,20150910,  144,    0
   739,  4049,20150911,  137,    0
   739,  4049,20150912,  154,    0
   739,  4049,20150913,  171,    0
   739,  4049,20150914,  171,    0
   739,  4049,20150915,  142,    0
   739,  4049,20150916,  172,    0
   739,  4049,20150917,  162,    0
   739,  4049,20150918,  142,    0
   739,  4049,20150919,  140,    0
   739,  4049,20150920,  135,    0
   739,  4049,20150921,  104,    0
   739,  4049,20150922,  136,    0
   739,  4049,20150923,  136,    0
   739,  4049,20150924,  122,    0
   739,  4049,20150925,  141,    0
   739,  4049,20150926,  126,    0
   739,  4049,20150927,  126,    0
   739,  4049,20150928,  120,    0
   739,  4049,20150929,  140,    0
   739,  4049,20150930,  122,    0
   739,  4049,20151001,  110,    0
   739,  4049,20151002,  100,    0
   739,  4049,20151003,  130,    0
   739,  4049,20151004,  154,    0
   739,  4049,20151005,  150,    0
   739,  4049,20151006,  184,    0
   739,  4049,20151007,  146,    0
   739,  4049,20151008,  123,    0
   739,  4049,20151009,  134,    0
   739,  4049,20151010,  112,    0
   739,  4049,20151011,  103,    0
   739,  4049,20151012,   78,    0
   739,  4049,20151013,   60,    0
   739,  4049,20151014,   60,    0
   739,  4049,20151015,   56,    0
   739,  4049,20151016,   56,    0
   739,  4049,20151017,   74,    0
   739,  4049,20151018,   90,    0
   739,  4049,20151019,   71,    0
   739,  4049,20151020,   92,    0
   739,  4049,20151021,   92,    0
   739,  4049,20151022,  120,    0
   739,  4049,20151023,  122,    0
   739,  4049,20151024,  123,    0
   739,  4049,20151025,  112,    0
   739,  4049,20151026,   88,    0
   739,  4049,20151027,  127,    0
   739,  4049,20151028,  125,    0
   739,  4049,20151029,   78,    0
   739,  4049,20151030,   91,    0
   739,  4049,20151031,   96,    0
   739,  4049,20151101,   92,    0
   739,  4049,20151102,   58,    0
   739,  4049,20151103,   88,    0
   739,  4049,20151104,  121,    0
   739,  4049,20151105,  146,    0
   739,  4049,20151106,  158,    0
   739,  4049,20151107,  184,    0
   739,  4049,20151108,  136,    0
   739,  4049,20151109,  156,    0
   739,  4049,20151110,  102,    0
   739,  4049,20151111,   98,    0
   739,  4049,20151112,  122,    0
   739,  4049,20151113,  106,    0
   739,  4049,20151114,  100,    0
   739,  4049,20151115,  133,    0
   739,  4049,20151116,  108,    0
   739,  4049,20151117,  146,    0
   739,  4049,20151118,  130,    0
   739,  4049,20151119,  146,    0
   739,  4049,20151120,   84,    0
   739,  4049,20151121,   38,    0
   739,  4049,20151122,   40,    0
   739,  4049,20151123,   13,    0
   739,  4049,20151124,   27,    0
   739,  4049,20151125,   64,    0
   739,  4049,20151126,   41,    0
   739,  4049,20151127,   34,    0
   739,  4049,20151128,   56,    0
   739,  4049,20151129,   95,    0
   739,  4049,20151130,  121,    0
   739,  4049,20151201,  119,    0
   739,  4049,20151202,  106,    0
   739,  4049,20151203,   62,    0
   739,  4049,20151204,   66,    0
   739,  4049,20151205,   31,    0
   739,  4049,20151206,   77,    0
   739,  4049,20151207,   74,    0
   739,  4049,20151208,   80,    0
   739,  4049,20151209,   62,    0
   739,  4049,20151210,   37,    0
   739,  4049,20151211,   51,    0
   739,  4049,20151212,  100,    0
   739,  4049,20151213,   70,    0
   739,  4049,20151214,   43,    0
   739,  4049,20151215,   72,    0
   739,  4049,20151216,  118,    0
   739,  4049,20151217,  141,    0
   739,  4049,20151218,  114,    0
   739,  4049,20151219,  108,    0
   739,  4049,20151220,  107,    0
   739,  4049,20151221,  111,    0
   739,  4049,20151222,  117,    0
   739,  4049,20151223,  104,    0
   739,  4049,20151224,   92,    0
   739,  4049,20151225,  116,    0
   739,  4049,20151226,  100,    0
   739,  4049,20151227,   82,    0
   739,  4049,20151228,   60,    0
   739,  4049,20151229,   77,    0
   739,  4049,20151230,   49,    0
   739,  4049,20151231,   74,    0
   739,  4049,20160101,   47,    0
   739,  4049,20160102,   85,    0
   739,  4049,20160103,   67,    0
   739,  4049,20160104,   78,    0
   739,  4049,20160105,   53,    0
   739,  4049,20160106,   73,    0
   739,  4049,20160107,   84,    0
   739,  4049,20160108,   40,    0
   739,  4049,20160109,   43,    0
   739,  4049,20160110,   59,    0
   739,  4049,20160111,   59,    0
   739,  4049,20160112,   58,    0
   739,  4049,20160113,   54,    0
   739,  4049,20160114,   35,    0
   739,  4049,20160115,   34,    0
   739,  4049,20160116,   21,    0
   739,  4049,20160117,    5,    0
   739,  4049,20160118,  -46,    0
   739,  4049,20160119,  -45,    0
   739,  4049,20160120,  -55,    0
   739,  4049,20160121,  -21,    0
   739,  4049,20160122,    0,    0
   739,  4049,20160123,   55,    0
   739,  4049,20160124,   37,    0
   739,  4049,20160125,   71,    0
   739,  4049,20160126,   70,    0
   739,  4049,20160127,  109,    0
   739,  4049,20160128,   62,    0
   739,  4049,20160129,   43,    0
   739,  4049,20160130,   78,    0
   739,  4049,20160131,   94,    0
   739,  4049,20160201,  119,    0
   739,  4049,20160202,  102,    0
   739,  4049,20160203,   63,    0
   739,  4049,20160204,   68,    0
   739,  4049,20160205,   96,    0
   739,  4049,20160206,   92,    0
   739,  4049,20160207,   86,    0
   739,  4049,20160208,   92,    0
   739,  4049,20160209,   86,    0
   739,  4049,20160210,   48,    0
   739,  4049,20160211,   52,    0
   739,  4049,20160212,   23,    0
   739,  4049,20160213,   52,    0
   739,  4049,20160214,   54,    0
   739,  4049,20160215,   40,    0
   739,  4049,20160216,    6,    0
   739,  4049,20160217,  -21,    0
   739,  4049,20160218,    9,    0
   739,  4049,20160219,   36,    0
   739,  4049,20160220,   70,    0
   739,  4049,20160221,  114,    0
   739,  4049,20160222,  107,    0
   739,  4049,20160223,   57,    0
   739,  4049,20160224,   24,    0
   739,  4049,20160225,   18,    0
   739,  4049,20160226,    5,    0
   739,  4049,20160227,   36,    0
   739,  4049,20160228,   26,    0
   739,  4049,20160229,   31,    0
   739,  4049,20160301,   20,    0
   739,  4049,20160302,   60,    0
   739,  4049,20160303,   50,    0
   739,  4049,20160304,   33,    0
   739,  4049,20160305,   32,    0
   739,  4049,20160306,   33,    0
   739,  4049,20160307,   24,    0
   739,  4049,20160308,   22,    0
   739,  4049,20160309,   30,    0
   739,  4049,20160310,   59,    0
   739,  4049,20160311,   45,    0
   739,  4049,20160312,   45,    0
   739,  4049,20160313,   58,    0
   739,  4049,20160314,   50,    0
   739,  4049,20160315,   55,    0
   739,  4049,20160316,   51,    0
   739,  4049,20160317,   46,    0
   739,  4049,20160318,   45,    0
   739,  4049,20160319,   45,    0
   739,  4049,20160320,   51,    0
   739,  4049,20160321,   68,    0
   739,  4049,20160322,   88,    0
   739,  4049,20160323,   64,    0
   739,  4049,20160324,   87,    0
   739,  4049,20160325,   82,    0
   739,  4049,20160326,   78,    0
   739,  4049,20160327,  100,    0
   739,  4049,20160328,  100,    0
   739,  4049,20160329,   93,    0
   739,  4049,20160330,   87,    0
   739,  4049,20160331,   63,    0
   739,  4049,20160401,   64,    0
   739,  4049,20160402,   86,    0
   739,  4049,20160403,  149,    0
   739,  4049,20160404,  134,    0
   739,  4049,20160405,  130,    0
   739,  4049,20160406,   84,    0
   739,  4049,20160407,   80,    0
   739,  4049,20160408,   66,    0
   739,  4049,20160409,   76,    0
   739,  4049,20160410,  106,    0
   739,  4049,20160411,  112,    0
   739,  4049,20160412,   82,    0
   739,  4049,20160413,   92,    0
   739,  4049,20160414,  105,    0
   739,  4049,20160415,  132,    0
   739,  4049,20160416,  127,    0
   739,  4049,20160417,   72,    0
   739,  4049,20160418,   70,    0
   739,  4049,20160419,   68,    0
   739,  4049,20160420,  105,    0
   739,  4049,20160421,  118,    0
   739,  4049,20160422,  131,    0
   739,  4049,20160423,   86,    0
   739,  4049,20160424,   40,    0
   739,  4049,20160425,   54,    0
   739,  4049,20160426,   55,    0
   739,  4049,20160427,   54,    0
   739,  4049,20160428,   56,    0
   739,  4049,20160429,   86,    0
   739,  4049,20160430,   83,    0
   739,  4049,20160501,   82,    0
   739,  4049,20160502,  102,    0
   739,  4049,20160503,  114,    0
   739,  4049,20160504,   82,    0
   739,  4049,20160505,   98,    0
   739,  4049,20160506,  136,    0
   739,  4049,20160507,  164,    0
   739,  4049,20160508,  163,    0
   739,  4049,20160509,  158,    0
   739,  4049,20160510,  172,    0
   739,  4049,20160511,  144,    0
   739,  4049,20160512,  166,    0
   739,  4049,20160513,  172,    0
   739,  4049,20160514,  115,    0
   739,  4049,20160515,   78,    0
   739,  4049,20160516,   92,    0
   739,  4049,20160517,  107,    0
   739,  4049,20160518,  126,    0
   739,  4049,20160519,  129,    0
   739,  4049,20160520,  119,    0
   739,  4049,20160521,  164,    0
   739,  4049,20160522,  155,    0
   739,  4049,20160523,  126,    0
   739,  4049,20160524,  122,    0
   739,  4049,20160525,  138,    0
   739,  4049,20160526,  146,    0
   739,  4049,20160527,  170,    0
   739,  4049,20160528,  156,    0
   739,  4049,20160529,  167,    0
   739,  4049,20160530,  139,    0
   739,  4049,20160531,  142,    0
   739,  4049,20160601,  152,    0
   739,  4049,20160602,  149,    0
   739,  4049,20160603,  142,    0
   739,  4049,20160604,  147,    0
   739,  4049,20160605,  188,    0
   739,  4049,20160606,  204,    0
   739,  4049,20160607,  210,    0
   739,  4049,20160608,  189,    0
   739,  4049,20160609,  168,    0
   739,  4049,20160610,  158,    0
   739,  4049,20160611,  172,    0
   739,  4049,20160612,  162,    0
   739,  4049,20160613,  166,    0
   739,  4049,20160614,  156,    0
   739,  4049,20160615,  149,    0
   739,  4049,20160616,  144,    0
   739,  4049,20160617,  156,    0
   739,  4049,20160618,  142,    0
   739,  4049,20160619,  160,    0
   739,  4049,20160620,  147,    0
   739,  4049,20160621,  176,    0
   739,  4049,20160622,  217,    0
   739,  4049,20160623,  240,    0
   739,  4049,20160624,  210,    0
   739,  4049,20160625,  177,    0
   739,  4049,20160626,  140,    0
   739,  4049,20160627,  152,    0
   739,  4049,20160628,  174,    0
   739,  4049,20160629,  182,    0
   739,  4049,20160630,  191,    0
   739,  4049,20160701,  180,    0
   739,  4049,20160702,  173,    0
   739,  4049,20160703,  152,    0
   739,  4049,20160704,  186,    0
   739,  4049,20160705,  176,    0
   739,  4049,20160706,  162,    0
   739,  4049,20160707,  170,    0
   739,  4049,20160708,  194,    0
   739,  4049,20160709,  207,    0
   739,  4049,20160710,  222,    0
   739,  4049,20160711,  191,    0
   739,  4049,20160712,  170,    0
   739,  4049,20160713,  152,    0
   739,  4049,20160714,  148,    0
   739,  4049,20160715,  144,    0
   739,  4049,20160716,  176,    0
   739,  4049,20160717,  202,    0
   739,  4049,20160718,  217,    0
   739,  4049,20160719,  228,    0
   739,  4049,20160720,  246,    0
   739,  4049,20160721,  228,    0
   739,  4049,20160722,  218,    0
   739,  4049,20160723,  202,    0
   739,  4049,20160724,  208,    0
   739,  4049,20160725,  208,    0
   739,  4049,20160726,  199,    0
   739,  4049,20160727,  170,    0
   739,  4049,20160728,  188,    0
   739,  4049,20160729,  209,    0
   739,  4049,20160730,  196,    0
   739,  4049,20160731,  181,    0
   739,  4049,20160801,  167,    0
   739,  4049,20160802,  173,    0
   739,  4049,20160803,  203,    0
   739,  4049,20160804,  183,    0
   739,  4049,20160805,  174,    0
   739,  4049,20160806,  163,    0
   739,  4049,20160807,  180,    0
   739,  4049,20160808,  176,    0
   739,  4049,20160809,  176,    0
   739,  4049,20160810,  127,    0
   739,  4049,20160811,  116,    0
   739,  4049,20160812,  178,    0
   739,  4049,20160813,  190,    0
   739,  4049,20160814,  192,    0
   739,  4049,20160815,  203,    0
   739,  4049,20160816,  216,    0
   739,  4049,20160817,  221,    0
   739,  4049,20160818,  171,    0
   739,  4049,20160819,  190,    0
   739,  4049,20160820,  190,    0
   739,  4049,20160821,  170,    0
   739,  4049,20160822,  174,    0
   739,  4049,20160823,  216,    0
   739,  4049,20160824,  242,    0
   739,  4049,20160825,  238,    0
   739,  4049,20160826,  264,    0
   739,  4049,20160827,  250,    0
   739,  4049,20160828,  221,    0
   739,  4049,20160829,  170,    0
   739,  4049,20160830,  182,    0
   739,  4049,20160831,  180,    0
   739,  4049,20160901,  174,    0
   739,  4049,20160902,  178,    0
   739,  4049,20160903,  204,    0
   739,  4049,20160904,  174,    0
   739,  4049,20160905,  172,    0
   739,  4049,20160906,  216,    0
   739,  4049,20160907,  179,    0
   739,  4049,20160908,  200,    0
   739,  4049,20160909,  152,    0
   739,  4049,20160910,  168,    0
   739,  4049,20160911,  203,    0
   739,  4049,20160912,  214,    0
   739,  4049,20160913,  238,    0
   739,  4049,20160914,  228,    0
   739,  4049,20160915,  175,    0
   739,  4049,20160916,  157,    0
   739,  4049,20160917,  164,    0
   739,  4049,20160918,  172,    0
   739,  4049,20160919,  167,    0
   739,  4049,20160920,  128,    0
   739,  4049,20160921,  143,    0
   739,  4049,20160922,  141,    0
   739,  4049,20160923,  162,    0
   739,  4049,20160924,  156,    0
   739,  4049,20160925,  168,    0
   739,  4049,20160926,  104,    0
   739,  4049,20160927,  132,    0
   739,  4049,20160928,  156,    0
   739,  4049,20160929,  155,    0
   739,  4049,20160930,  143,    0
   739,  4049,20161001,  154,    0
   739,  4049,20161002,  124,    0
   739,  4049,20161003,  105,    0
   739,  4049,20161004,  112,    0
   739,  4049,20161005,  110,    0
   739,  4049,20161006,   93,    0
   739,  4049,20161007,  100,    0
   739,  4049,20161008,  122,    0
   739,  4049,20161009,   74,    0
   739,  4049,20161010,   62,    0
   739,  4049,20161011,   69,    0
   739,  4049,20161012,   68,    0
   739,  4049,20161013,   70,    0
   739,  4049,20161014,  107,    0
   739,  4049,20161015,  129,    0
   739,  4049,20161016,  129,    0
   739,  4049,20161017,  121,    0
   739,  4049,20161018,   98,    0
   739,  4049,20161019,   93,    0
   739,  4049,20161020,   92,    0
   739,  4049,20161021,   90,    0
   739,  4049,20161022,   58,    0
   739,  4049,20161023,   85,    0
   739,  4049,20161024,  114,    0
   739,  4049,20161025,  131,    0
   739,  4049,20161026,  110,    0
   739,  4049,20161027,  104,    0
   739,  4049,20161028,   96,    0
   739,  4049,20161029,  135,    0
   739,  4049,20161030,   98,    0
   739,  4049,20161031,  104,    0
   739,  4049,20161101,   74,    0
   739,  4049,20161102,   72,    0
   739,  4049,20161103,   31,    0
   739,  4049,20161104,   32,    0
   739,  4049,20161105,   68,    0
   739,  4049,20161106,   54,    0
   739,  4049,20161107,   25,    0
   739,  4049,20161108,   38,    0
   739,  4049,20161109,   55,    0
   739,  4049,20161110,   85,    0
   739,  4049,20161111,   39,    0
   739,  4049,20161112,   10,    0
   739,  4049,20161113,   48,    0
   739,  4049,20161114,   29,    0
   739,  4049,20161115,   76,    0
   739,  4049,20161116,  114,    0
   739,  4049,20161117,  119,    0
   739,  4049,20161118,   90,    0
   739,  4049,20161119,   71,    0
   739,  4049,20161120,   94,    0
   739,  4049,20161121,  126,    0
   739,  4049,20161122,  104,    0
   739,  4049,20161123,  108,    0
   739,  4049,20161124,   92,    0
   739,  4049,20161125,   82,    0
   739,  4049,20161126,   88,    0
   739,  4049,20161127,   66,    0
   739,  4049,20161128,   36,    0
   739,  4049,20161129,    3,    0
   739,  4049,20161130,   -9,    0
   739,  4049,20161201,   -9,    0
   739,  4049,20161202,   14,    0
   739,  4049,20161203,   26,    0
   739,  4049,20161204,    6,    0
   739,  4049,20161205,    9,    0
   739,  4049,20161206,    8,    0
   739,  4049,20161207,   22,    0
   739,  4049,20161208,   30,    0
   739,  4049,20161209,   40,    0
   739,  4049,20161210,   42,    0
   739,  4049,20161211,   64,    0
   739,  4049,20161212,   48,    0
   739,  4049,20161213,   48,    0
   739,  4049,20161214,   62,    0
   739,  4049,20161215,   38,    0
   739,  4049,20161216,   44,    0
   739,  4049,20161217,    8,    0
   739,  4049,20161218,   37,    0
   739,  4049,20161219,   49,    0
   739,  4049,20161220,   12,    0
   739,  4049,20161221,   26,    0
   739,  4049,20161222,   57,    0
   739,  4049,20161223,   48,    0
   739,  4049,20161224,   76,    0
   739,  4049,20161225,   82,    0
   739,  4049,20161226,   86,    0
   739,  4049,20161227,   20,    0
   739,  4049,20161228,    6,    0
   739,  4049,20161229,   -4,    0
   739,  4049,20161230,  -30,    0
   739,  4049,20161231,  -40,    0
   739,  4049,20170101,  -23,    0
   739,  4049,20170102,   -6,    0
   739,  4049,20170103,    6,    0
   739,  4049,20170104,   29,    0
   739,  4049,20170105,   26,    0
   739,  4049,20170106,  -43,    0
   739,  4049,20170107,  -42,    0
   739,  4049,20170108,    0,    0
   739,  4049,20170109,   35,    0
   739,  4049,20170110,   33,    0
   739,  4049,20170111,   56,    0
   739,  4049,20170112,   70,    0
   739,  4049,20170113,   24,    0
   739,  4049,20170114,   22,    0
   739,  4049,20170115,   18,    0
   739,  4049,20170116,   10,    0
   739,  4049,20170117,  -41,    0
   739,  4049,20170118,  -34,    0
   739,  4049,20170119,  -38,    0
   739,  4049,20170120,  -43,    0
   739,  4049,20170121,  -40,    0
   739,  4049,20170122,  -40,    0
   739,  4049,20170123,  -46,    0
   739,  4049,20170124,  -18,    0
   739,  4049,20170125,  -20,    0
   739,  4049,20170126,  -40,    0
   739,  4049,20170127,    9,    0
   739,  4049,20170128,   55,    0
   739,  4049,20170129,   36,    0
   739,  4049,20170130,   55,    0
   739,  4049,20170131,   60,    0
   739,  4049,20170201,   82,    0
   739,  4049,20170202,   92,    0
   739,  4049,20170203,   99,    0
   739,  4049,20170204,   61,    0
   739,  4049,20170205,   52,    0
   739,  4049,20170206,   56,    0
   739,  4049,20170207,   42,    0
   739,  4049,20170208,   53,    0
   739,  4049,20170209,   35,    0
   739,  4049,20170210,   11,    0
   739,  4049,20170211,   17,    0
   739,  4049,20170212,   42,    0
   739,  4049,20170213,   29,    0
   739,  4049,20170214,   59,    0
   739,  4049,20170215,   87,    0
   739,  4049,20170216,   54,    0
   739,  4049,20170217,   80,    0
   739,  4049,20170218,   28,    0
   739,  4049,20170219,   46,    0
   739,  4049,20170220,   90,    0
   739,  4049,20170221,  106,    0
   739,  4049,20170222,  109,    0
   739,  4049,20170223,   97,    0
   739,  4049,20170224,   57,    0
   739,  4049,20170225,   35,    0
   739,  4049,20170226,   72,    0
   739,  4049,20170227,   98,    0
   739,  4049,20170228,   58,    0
   739,  4049,20170301,   71,    0
   739,  4049,20170302,   88,    0
   739,  4049,20170303,   77,    0
   739,  4049,20170304,   95,    0
   739,  4049,20170305,   61,    0
   739,  4049,20170306,   74,    0
   739,  4049,20170307,   67,    0
   739,  4049,20170308,   64,    0
   739,  4049,20170309,  136,    0
   739,  4049,20170310,   80,    0
   739,  4049,20170311,   72,    0
   739,  4049,20170312,   86,    0
   739,  4049,20170313,   82,    0
   739,  4049,20170314,   81,    0
   739,  4049,20170315,  102,    0
   739,  4049,20170316,   97,    0
   739,  4049,20170317,   83,    0
   739,  4049,20170318,   95,    0
   739,  4049,20170319,  122,    0
   739,  4049,20170320,  107,    0
   739,  4049,20170321,   86,    0
   739,  4049,20170322,   60,    0
   739,  4049,20170323,   82,    0
   739,  4049,20170324,   96,    0
   739,  4049,20170325,  113,    0
   739,  4049,20170326,   84,    0
   739,  4049,20170327,   88,    0
   739,  4049,20170328,  108,    0
   739,  4049,20170329,   98,    0
   739,  4049,20170330,  146,    0
   739,  4049,20170331,  142,    0
   739,  4049,20170401,  121,    0
   739,  4049,20170402,   96,    0
   739,  4049,20170403,  112,    0
   739,  4049,20170404,  100,    0
   739,  4049,20170405,  104,    0
   739,  4049,20170406,   64,    0
   739,  4049,20170407,   77,    0
   739,  4049,20170408,   92,    0
   739,  4049,20170409,  118,    0
   739,  4049,20170410,   95,    0
   739,  4049,20170411,   86,    0
   739,  4049,20170412,   89,    0
   739,  4049,20170413,   98,    0
   739,  4049,20170414,  109,    0
   739,  4049,20170415,   79,    0
   739,  4049,20170416,   94,    0
   739,  4049,20170417,  104,    0
   739,  4049,20170418,   48,    0
   739,  4049,20170419,   50,    0
   739,  4049,20170420,   36,    0
   739,  4049,20170421,   72,    0
   739,  4049,20170422,  119,    0
   739,  4049,20170423,   63,    0
   739,  4049,20170424,   74,    0
   739,  4049,20170425,   64,    0
   739,  4049,20170426,   58,    0
   739,  4049,20170427,   64,    0
   739,  4049,20170428,   38,    0
   739,  4049,20170429,   84,    0
   739,  4049,20170430,  106,    0
   739,  4049,20170501,  118,    0
   739,  4049,20170502,   82,    0
   739,  4049,20170503,   98,    0
   739,  4049,20170504,   99,    0
   739,  4049,20170505,  120,    0
   739,  4049,20170506,   92,    0
   739,  4049,20170507,  111,    0
   739,  4049,20170508,   94,    0
   739,  4049,20170509,  103,    0
   739,  4049,20170510,  102,    0
   739,  4049,20170511,  146,    0
   739,  4049,20170512,  164,    0
   739,  4049,20170513,  147,    0
   739,  4049,20170514,  136,    0
   739,  4049,20170515,  134,    0
   739,  4049,20170516,  184,    0
   739,  4049,20170517,  196,    0
   739,  4049,20170518,  188,    0
   739,  4049,20170519,  138,    0
   739,  4049,20170520,  135,    0
   739,  4049,20170521,  122,    0
   739,  4049,20170522,  148,    0
   739,  4049,20170523,  159,    0
   739,  4049,20170524,  164,    0
   739,  4049,20170525,  183,    0
   739,  4049,20170526,  176,    0
   739,  4049,20170527,  204,    0
   739,  4049,20170528,  238,    0
   739,  4049,20170529,  229,    0
   739,  4049,20170530,  192,    0
   739,  4049,20170531,  156,    0
   739,  4049,20170601,  183,    0
   739,  4049,20170602,  198,    0
   739,  4049,20170603,  163,    0
   739,  4049,20170604,  154,    0
   739,  4049,20170605,  156,    0
   739,  4049,20170606,  138,    0
   739,  4049,20170607,  146,    0
   739,  4049,20170608,  158,    0
   739,  4049,20170609,  174,    0
   739,  4049,20170610,  174,    0
   739,  4049,20170611,  206,    0
   739,  4049,20170612,  184,    0
   739,  4049,20170613,  140,    0
   739,  4049,20170614,  188,    0
   739,  4049,20170615,  202,    0
   739,  4049,20170616,  176,    0
   739,  4049,20170617,  182,    0
   739,  4049,20170618,  207,    0
   739,  4049,20170619,  215,    0
   739,  4049,20170620,  224,    0
   739,  4049,20170621,  234,    0
   739,  4049,20170622,  275,    0
   739,  4049,20170623,  190,    0
   739,  4049,20170624,  160,    0
   739,  4049,20170625,  181,    0
   739,  4049,20170626,  184,    0
   739,  4049,20170627,  218,    0
   739,  4049,20170628,  208,    0
   739,  4049,20170629,  185,    0
   739,  4049,20170630,  166,    0
   739,  4049,20170701,  144,    0
   739,  4049,20170702,  157,    0
   739,  4049,20170703,  178,    0
   739,  4049,20170704,  178,    0
   739,  4049,20170705,  211,    0
   739,  4049,20170706,  238,    0
   739,  4049,20170707,  242,    0
   739,  4049,20170708,  227,    0
   739,  4049,20170709,  222,    0
   739,  4049,20170710,  207,    0
   739,  4049,20170711,  184,    0
   739,  4049,20170712,  196,    0
   739,  4049,20170713,  164,    0
   739,  4049,20170714,  185,    0
   739,  4049,20170715,  166,    0
   739,  4049,20170716,  234,    0
   739,  4049,20170717,  217,    0
   739,  4049,20170718,  238,    0
   739,  4049,20170719,  242,    0
   739,  4049,20170720,  224,    0
   739,  4049,20170721,  168,    0
   739,  4049,20170722,  178,    0
   739,  4049,20170723,  170,    0
   739,  4049,20170724,  170,    0
   739,  4049,20170725,  185,    0
   739,  4049,20170726,  168,    0
   739,  4049,20170727,  188,    0
   739,  4049,20170728,  166,    0
   739,  4049,20170729,  223,    0
   739,  4049,20170730,  230,    0
   739,  4049,20170731,  174,    0
   739,  4049,20170801,  204,    0
   739,  4049,20170802,  198,    0
   739,  4049,20170803,  219,    0
   739,  4049,20170804,  218,    0
   739,  4049,20170805,  200,    0
   739,  4049,20170806,  154,    0
   739,  4049,20170807,  161,    0
   739,  4049,20170808,  188,    0
   739,  4049,20170809,  150,    0
   739,  4049,20170810,  140,    0
   739,  4049,20170811,  164,    0
   739,  4049,20170812,  161,    0
   739,  4049,20170813,  158,    0
   739,  4049,20170814,  178,    0
   739,  4049,20170815,  201,    0
   739,  4049,20170816,  198,    0
   739,  4049,20170817,  188,    0
   739,  4049,20170818,  187,    0
   739,  4049,20170819,  156,    0
   739,  4049,20170820,  136,    0
   739,  4049,20170821,  159,    0
   739,  4049,20170822,  202,    0
   739,  4049,20170823,  208,    0
   739,  4049,20170824,  168,    0
   739,  4049,20170825,  182,    0
   739,  4049,20170826,  211,    0
   739,  4049,20170827,  219,    0
   739,  4049,20170828,  215,    0
   739,  4049,20170829,  228,    0
   739,  4049,20170830,  214,    0
   739,  4049,20170831,  163,    0
   739,  4049,20170901,  144,    0
   739,  4049,20170902,  159,    0
   739,  4049,20170903,  132,    0
   739,  4049,20170904,  182,    0
   739,  4049,20170905,  199,    0
   739,  4049,20170906,  178,    0
   739,  4049,20170907,  153,    0
   739,  4049,20170908,  157,    0
   739,  4049,20170909,  161,    0
   739,  4049,20170910,  118,    0
   739,  4049,20170911,  155,    0
   739,  4049,20170912,  152,    0
   739,  4049,20170913,  154,    0
   739,  4049,20170914,  139,    0
   739,  4049,20170915,  134,    0
   739,  4049,20170916,  100,    0
   739,  4049,20170917,  104,    0
   739,  4049,20170918,  100,    0
   739,  4049,20170919,  106,    0
   739,  4049,20170920,  106,    0
   739,  4049,20170921,  122,    0
   739,  4049,20170922,  122,    0
   739,  4049,20170923,  124,    0
   739,  4049,20170924,  133,    0
   739,  4049,20170925,  133,    0
   739,  4049,20170926,  164,    0
   739,  4049,20170927,  139,    0
   739,  4049,20170928,  164,    0
   739,  4049,20170929,  196,    0
   739,  4049,20170930,  150,    0
   739,  4049,20171001,  120,    0
   739,  4049,20171002,  170,    0
   739,  4049,20171003,  135,    0
   739,  4049,20171004,  114,    0
   739,  4049,20171005,  110,    0
   739,  4049,20171006,   98,    0
   739,  4049,20171007,   76,    0
   739,  4049,20171008,  133,    0
   739,  4049,20171009,  122,    0
   739,  4049,20171010,  137,    0
   739,  4049,20171011,  134,    0
   739,  4049,20171012,  155,    0
   739,  4049,20171013,  154,    0
   739,  4049,20171014,  148,    0
   739,  4049,20171015,  151,    0
   739,  4049,20171016,  166,    0
   739,  4049,20171017,  158,    0
   739,  4049,20171018,  146,    0
   739,  4049,20171019,  155,    0
   739,  4049,20171020,  134,    0
   739,  4049,20171021,  114,    0
   739,  4049,20171022,  115,    0
   739,  4049,20171023,  112,    0
   739,  4049,20171024,  146,    0
   739,  4049,20171025,  157,    0
   739,  4049,20171026,  105,    0
   739,  4049,20171027,  120,    0
   739,  4049,20171028,   87,    0
   739,  4049,20171029,  110,    0
   739,  4049,20171030,   68,    0
   739,  4049,20171031,   50,    0
   739,  4049,20171101,   72,    0
   739,  4049,20171102,   82,    0
   739,  4049,20171103,  101,    0
   739,  4049,20171104,  110,    0
   739,  4049,20171105,   68,    0
   739,  4049,20171106,   47,    0
   739,  4049,20171107,   30,    0
   739,  4049,20171108,   44,    0
   739,  4049,20171109,   63,    0
   739,  4049,20171110,   82,    0
   739,  4049,20171111,   86,    0
   739,  4049,20171112,   86,    0
   739,  4049,20171113,   66,    0
   739,  4049,20171114,   30,    0
   739,  4049,20171115,   50,    0
   739,  4049,20171116,   40,    0
   739,  4049,20171117,   63,    0
   739,  4049,20171118,   16,    0
   739,  4049,20171119,   42,    0
   739,  4049,20171120,   31,    0
   739,  4049,20171121,   90,    0
   739,  4049,20171122,  104,    0
   739,  4049,20171123,  120,    0
   739,  4049,20171124,  100,    0
   739,  4049,20171125,   46,    0
   739,  4049,20171126,   38,    0
   739,  4049,20171127,   42,    0
   739,  4049,20171128,   66,    0
   739,  4049,20171129,   21,    0
   739,  4049,20171130,   28,    0
   739,  4049,20171201,   23,    0
   739,  4049,20171202,    0,    0
   739,  4049,20171203,   -4,    0
   739,  4049,20171204,   30,    0
   739,  4049,20171205,   26,    0
   739,  4049,20171206,   60,    0
   739,  4049,20171207,   52,    0
   739,  4049,20171208,   40,    0
   739,  4049,20171209,   16,    0
   739,  4049,20171210,   50,    0
   739,  4049,20171211,   80,    0
   739,  4049,20171212,   36,    0
   739,  4049,20171213,   48,    0
   739,  4049,20171214,   55,    0
   739,  4049,20171215,   44,    0
   739,  4049,20171216,   34,    0
   739,  4049,20171217,   22,    0
   739,  4049,20171218,   39,    0
   739,  4049,20171219,   47,    0
   739,  4049,20171220,   62,    0
   739,  4049,20171221,   85,    0
   739,  4049,20171222,   90,    0
   739,  4049,20171223,   88,    0
   739,  4049,20171224,   82,    0
   739,  4049,20171225,   48,    0
   739,  4049,20171226,   44,    0
   739,  4049,20171227,   56,    0
   739,  4049,20171228,   28,    0
   739,  4049,20171229,   26,    0
   739,  4049,20171230,   98,    0
   739,  4049,20171231,  136,    0
   739,  4049,20180101,-9999,    9
   739,  4049,20180102,-9999,    9
   739,  4049,20180103,-9999,    9
   739,  4049,20180104,-9999,    9
   739,  4049,20180105,-9999,    9
   739,  4049,20180106,-9999,    9
   739,  4049,20180107,-9999,    9
   739,  4049,20180108,-9999,    9
   739,  4049,20180109,-9999,    9
   739,  4049,20180110,-9999,    9
   739,  4049,20180111,-9999,    9
   739,  4049,20180112,-9999,    9
   739,  4049,20180113,-9999,    9
   739,  4049,20180114,-9999,    9
   739,  4049,20180115,-9999,    9
   739,  4049,20180116,-9999,    9
   739,  4049,20180117,-9999,    9
   739,  4049,20180118,-9999,    9
   739,  4049,20180119,-9999,    9
   739,  4049,20180120,-9999,    9
   739,  4049,20180121,-9999,    9
   739,  4049,20180122,-9999,    9
   739,  4049,20180123,-9999,    9
   739,  4049,20180124,-9999,    9
   739,  4049,20180125,-9999,    9
   739,  4049,20180126,-9999,    9
   739,  4049,20180127,-9999,    9
   739,  4049,20180128,-9999,    9
   739,  4049,20180129,-9999,    9
   739,  4049,20180130,-9999,    9
   739,  4049,20180131,-9999,    9
   739,  4049,20180201,-9999,    9
   739,  4049,20180202,-9999,    9
   739,  4049,20180203,-9999,    9
   739,  4049,20180204,-9999,    9
   739,  4049,20180205,-9999,    9
   739,  4049,20180206,-9999,    9
   739,  4049,20180207,-9999,    9
   739,  4049,20180208,-9999,    9
   739,  4049,20180209,-9999,    9
   739,  4049,20180210,-9999,    9
   739,  4049,20180211,-9999,    9
   739,  4049,20180212,-9999,    9
   739,  4049,20180213,-9999,    9
   739,  4049,20180214,-9999,    9
   739,  4049,20180215,-9999,    9
   739,  4049,20180216,-9999,    9
   739,  4049,20180217,-9999,    9
   739,  4049,20180218,-9999,    9
   739,  4049,20180219,-9999,    9
   739,  4049,20180220,-9999,    9
   739,  4049,20180221,-9999,    9
   739,  4049,20180222,-9999,    9
   739,  4049,20180223,-9999,    9
   739,  4049,20180224,-9999,    9
   739,  4049,20180225,-9999,    9
   739,  4049,20180226,-9999,    9
   739,  4049,20180227,-9999,    9
   739,  4049,20180228,-9999,    9
   739,  4049,20180301,-9999,    9
   739,  4049,20180302,-9999,    9
   739,  4049,20180303,-9999,    9
   739,  4049,20180304,-9999,    9
   739,  4049,20180305,-9999,    9
   739,  4049,20180306,-9999,    9
   739,  4049,20180307,-9999,    9
   739,  4049,20180308,-9999,    9
   739,  4049,20180309,-9999,    9
   739,  4049,20180310,-9999,    9
   739,  4049,20180311,-9999,    9
   739,  4049,20180312,-9999,    9
   739,  4049,20180313,-9999,    9
   739,  4049,20180314,-9999,    9
   739,  4049,20180315,-9999,    9
   739,  4049,20180316,-9999,    9
   739,  4049,20180317,-9999,    9
   739,  4049,20180318,-9999,    9
   739,  4049,20180319,-9999,    9
   739,  4049,20180320,-9999,    9
   739,  4049,20180321,-9999,    9
   739,  4049,20180322,-9999,    9
   739,  4049,20180323,-9999,    9
   739,  4049,20180324,-9999,    9
   739,  4049,20180325,-9999,    9
   739,  4049,20180326,-9999,    9
   739,  4049,20180327,-9999,    9
   739,  4049,20180328,-9999,    9
   739,  4049,20180329,-9999,    9
   739,  4049,20180330,-9999,    9
   739,  4049,20180331,-9999,    9
   739,  4049,20180401,-9999,    9
   739,  4049,20180402,-9999,    9
   739,  4049,20180403,-9999,    9
   739,  4049,20180404,-9999,    9
   739,  4049,20180405,-9999,    9
   739,  4049,20180406,-9999,    9
   739,  4049,20180407,-9999,    9
   739,  4049,20180408,-9999,    9
   739,  4049,20180409,-9999,    9
   739,  4049,20180410,-9999,    9
   739,  4049,20180411,-9999,    9
   739,  4049,20180412,-9999,    9
   739,  4049,20180413,-9999,    9
   739,  4049,20180414,-9999,    9
   739,  4049,20180415,-9999,    9
   739,  4049,20180416,-9999,    9
   739,  4049,20180417,-9999,    9
   739,  4049,20180418,-9999,    9
   739,  4049,20180419,-9999,    9
   739,  4049,20180420,-9999,    9
   739,  4049,20180421,-9999,    9
   739,  4049,20180422,-9999,    9
   739,  4049,20180423,-9999,    9
   739,  4049,20180424,-9999,    9
   739,  4049,20180425,-9999,    9
   739,  4049,20180426,-9999,    9
   739,  4049,20180427,-9999,    9
   739,  4049,20180428,-9999,    9
   739,  4049,20180429,-9999,    9
   739,  4049,20180430,-9999,    9
   739,  4049,20180501,-9999,    9
   739,  4049,20180502,-9999,    9
   739,  4049,20180503,-9999,    9
   739,  4049,20180504,-9999,    9
   739,  4049,20180505,-9999,    9
   739,  4049,20180506,-9999,    9
   739,  4049,20180507,-9999,    9
   739,  4049,20180508,-9999,    9
   739,  4049,20180509,-9999,    9
   739,  4049,20180510,-9999,    9
   739,  4049,20180511,-9999,    9
   739,  4049,20180512,-9999,    9
   739,  4049,20180513,-9999,    9
   739,  4049,20180514,-9999,    9
   739,  4049,20180515,-9999,    9
   739,  4049,20180516,-9999,    9
   739,  4049,20180517,-9999,    9
   739,  4049,20180518,-9999,    9
   739,  4049,20180519,-9999,    9
   739,  4049,20180520,-9999,    9
   739,  4049,20180521,-9999,    9
   739,  4049,20180522,-9999,    9
   739,  4049,20180523,-9999,    9
   739,  4049,20180524,-9999,    9
   739,  4049,20180525,-9999,    9
   739,  4049,20180526,-9999,    9
   739,  4049,20180527,-9999,    9
   739,  4049,20180528,-9999,    9
   739,  4049,20180529,-9999,    9
   739,  4049,20180530,-9999,    9
   739,  4049,20180531,-9999,    9
   739,  4049,20180601,-9999,    9
   739,  4049,20180602,-9999,    9
   739,  4049,20180603,-9999,    9
   739,  4049,20180604,-9999,    9
   739,  4049,20180605,-9999,    9
   739,  4049,20180606,-9999,    9
   739,  4049,20180607,-9999,    9
   739,  4049,20180608,-9999,    9
   739,  4049,20180609,-9999,    9
   739,  4049,20180610,-9999,    9
   739,  4049,20180611,-9999,    9
   739,  4049,20180612,-9999,    9
   739,  4049,20180613,-9999,    9
   739,  4049,20180614,-9999,    9
   739,  4049,20180615,-9999,    9
   739,  4049,20180616,-9999,    9
   739,  4049,20180617,-9999,    9
   739,  4049,20180618,-9999,    9
   739,  4049,20180619,-9999,    9
   739,  4049,20180620,-9999,    9
   739,  4049,20180621,-9999,    9
   739,  4049,20180622,-9999,    9
   739,  4049,20180623,-9999,    9
   739,  4049,20180624,-9999,    9
   739,  4049,20180625,-9999,    9
   739,  4049,20180626,-9999,    9
   739,  4049,20180627,-9999,    9
   739,  4049,20180628,-9999,    9
   739,  4049,20180629,-9999,    9
   739,  4049,20180630,-9999,    9
   739,  4049,20180701,-9999,    9
   739,  4049,20180702,-9999,    9
   739,  4049,20180703,-9999,    9
   739,  4049,20180704,-9999,    9
   739,  4049,20180705,-9999,    9
   739,  4049,20180706,-9999,    9
   739,  4049,20180707,-9999,    9
   739,  4049,20180708,-9999,    9
   739,  4049,20180709,-9999,    9
   739,  4049,20180710,-9999,    9
   739,  4049,20180711,-9999,    9
   739,  4049,20180712,-9999,    9
   739,  4049,20180713,-9999,    9
   739,  4049,20180714,-9999,    9
   739,  4049,20180715,-9999,    9
   739,  4049,20180716,-9999,    9
   739,  4049,20180717,-9999,    9
   739,  4049,20180718,-9999,    9
   739,  4049,20180719,-9999,    9
   739,  4049,20180720,-9999,    9
   739,  4049,20180721,-9999,    9
   739,  4049,20180722,-9999,    9
   739,  4049,20180723,-9999,    9
   739,  4049,20180724,-9999,    9
   739,  4049,20180725,-9999,    9
   739,  4049,20180726,-9999,    9
   739,  4049,20180727,-9999,    9
   739,  4049,20180728,-9999,    9
   739,  4049,20180729,-9999,    9
   739,  4049,20180730,-9999,    9
   739,  4049,20180731,-9999,    9
   739,  4049,20180801,-9999,    9
   739,  4049,20180802,-9999,    9
   739,  4049,20180803,-9999,    9
   739,  4049,20180804,-9999,    9
   739,  4049,20180805,-9999,    9
   739,  4049,20180806,-9999,    9
   739,  4049,20180807,-9999,    9
   739,  4049,20180808,-9999,    9
   739,  4049,20180809,-9999,    9
   739,  4049,20180810,-9999,    9
   739,  4049,20180811,-9999,    9
   739,  4049,20180812,-9999,    9
   739,  4049,20180813,-9999,    9
   739,  4049,20180814,-9999,    9
   739,  4049,20180815,-9999,    9
   739,  4049,20180816,-9999,    9
   739,  4049,20180817,-9999,    9
   739,  4049,20180818,-9999,    9
   739,  4049,20180819,-9999,    9
   739,  4049,20180820,-9999,    9
   739,  4049,20180821,-9999,    9
   739,  4049,20180822,-9999,    9
   739,  4049,20180823,-9999,    9
   739,  4049,20180824,-9999,    9
   739,  4049,20180825,-9999,    9
   739,  4049,20180826,-9999,    9
   739,  4049,20180827,-9999,    9
   739,  4049,20180828,-9999,    9
   739,  4049,20180829,-9999,    9
   739,  4049,20180830,-9999,    9
   739,  4049,20180831,-9999,    9
   739,  4049,20180901,-9999,    9
   739,  4049,20180902,-9999,    9
   739,  4049,20180903,-9999,    9
   739,  4049,20180904,-9999,    9
   739,  4049,20180905,-9999,    9
   739,  4049,20180906,-9999,    9
   739,  4049,20180907,-9999,    9
   739,  4049,20180908,-9999,    9
   739,  4049,20180909,-9999,    9
   739,  4049,20180910,-9999,    9
   739,  4049,20180911,-9999,    9
   739,  4049,20180912,-9999,    9
   739,  4049,20180913,-9999,    9
   739,  4049,20180914,-9999,    9
   739,  4049,20180915,-9999,    9
   739,  4049,20180916,-9999,    9
   739,  4049,20180917,-9999,    9
   739,  4049,20180918,-9999,    9
   739,  4049,20180919,-9999,    9
   739,  4049,20180920,-9999,    9
   739,  4049,20180921,-9999,    9
   739,  4049,20180922,-9999,    9
   739,  4049,20180923,-9999,    9
   739,  4049,20180924,-9999,    9
   739,  4049,20180925,-9999,    9
   739,  4049,20180926,-9999,    9
   739,  4049,20180927,-9999,    9
   739,  4049,20180928,-9999,    9
   739,  4049,20180929,-9999,    9
   739,  4049,20180930,-9999,    9
   739,  4049,20181001,-9999,    9
   739,  4049,20181002,-9999,    9
   739,  4049,20181003,-9999,    9
   739,  4049,20181004,-9999,    9
   739,  4049,20181005,-9999,    9
   739,  4049,20181006,-9999,    9
   739,  4049,20181007,-9999,    9
   739,  4049,20181008,-9999,    9
   739,  4049,20181009,-9999,    9
   739,  4049,20181010,-9999,    9
   739,  4049,20181011,-9999,    9
   739,  4049,20181012,-9999,    9
   739,  4049,20181013,-9999,    9
   739,  4049,20181014,-9999,    9
   739,  4049,20181015,-9999,    9
   739,  4049,20181016,-9999,    9
   739,  4049,20181017,-9999,    9
   739,  4049,20181018,-9999,    9
   739,  4049,20181019,-9999,    9
   739,  4049,20181020,-9999,    9
   739,  4049,20181021,-9999,    9
   739,  4049,20181022,-9999,    9
   739,  4049,20181023,-9999,    9
   739,  4049,20181024,-9999,    9
   739,  4049,20181025,-9999,    9
   739,  4049,20181026,-9999,    9
   739,  4049,20181027,-9999,    9
   739,  4049,20181028,-9999,    9
   739,  4049,20181029,-9999,    9
   739,  4049,20181030,-9999,    9
   739,  4049,20181031,-9999,    9
   739,  4049,20181101,-9999,    9
   739,  4049,20181102,-9999,    9
   739,  4049,20181103,-9999,    9
   739,  4049,20181104,-9999,    9
   739,  4049,20181105,-9999,    9
   739,  4049,20181106,-9999,    9
   739,  4049,20181107,-9999,    9
   739,  4049,20181108,-9999,    9
   739,  4049,20181109,-9999,    9
   739,  4049,20181110,-9999,    9
   739,  4049,20181111,-9999,    9
   739,  4049,20181112,-9999,    9
   739,  4049,20181113,-9999,    9
   739,  4049,20181114,-9999,    9
   739,  4049,20181115,-9999,    9
   739,  4049,20181116,-9999,    9
   739,  4049,20181117,-9999,    9
   739,  4049,20181118,-9999,    9
   739,  4049,20181119,-9999,    9
   739,  4049,20181120,-9999,    9
   739,  4049,20181121,-9999,    9
   739,  4049,20181122,-9999,    9
   739,  4049,20181123,-9999,    9
   739,  4049,20181124,-9999,    9
   739,  4049,20181125,-9999,    9
   739,  4049,20181126,-9999,    9
   739,  4049,20181127,-9999,    9
   739,  4049,20181128,-9999,    9
   739,  4049,20181129,-9999,    9
   739,  4049,20181130,-9999,    9
   739,  4049,20181201,-9999,    9
   739,  4049,20181202,-9999,    9
   739,  4049,20181203,-9999,    9
   739,  4049,20181204,-9999,    9
   739,  4049,20181205,-9999,    9
   739,  4049,20181206,-9999,    9
   739,  4049,20181207,-9999,    9
   739,  4049,20181208,-9999,    9
   739,  4049,20181209,-9999,    9
   739,  4049,20181210,-9999,    9
   739,  4049,20181211,-9999,    9
   739,  4049,20181212,-9999,    9
   739,  4049,20181213,-9999,    9
   739,  4049,20181214,-9999,    9
   739,  4049,20181215,-9999,    9
   739,  4049,20181216,-9999,    9
   739,  4049,20181217,-9999,    9
   739,  4049,20181218,-9999,    9
   739,  4049,20181219,-9999,    9
   739,  4049,20181220,-9999,    9
   739,  4049,20181221,-9999,    9
   739,  4049,20181222,-9999,    9
   739,  4049,20181223,-9999,    9
   739,  4049,20181224,-9999,    9
   739,  4049,20181225,-9999,    9
   739,  4049,20181226,-9999,    9
   739,  4049,20181227,-9999,    9
   739,  4049,20181228,-9999,    9
   739,  4049,20181229,-9999,    9
   739,  4049,20181230,-9999,    9
   739,  4049,20181231,-9999,    9
   739,  4049,20190101,-9999,    9
   739,  4049,20190102,-9999,    9
   739,  4049,20190103,-9999,    9
   739,  4049,20190104,-9999,    9
   739,  4049,20190105,-9999,    9
   739,  4049,20190106,-9999,    9
   739,  4049,20190107,-9999,    9
   739,  4049,20190108,-9999,    9
   739,  4049,20190109,-9999,    9
   739,  4049,20190110,-9999,    9
   739,  4049,20190111,-9999,    9
   739,  4049,20190112,-9999,    9
   739,  4049,20190113,-9999,    9
   739,  4049,20190114,-9999,    9
   739,  4049,20190115,-9999,    9
   739,  4049,20190116,-9999,    9
   739,  4049,20190117,-9999,    9
   739,  4049,20190118,-9999,    9
   739,  4049,20190119,-9999,    9
   739,  4049,20190120,-9999,    9
   739,  4049,20190121,-9999,    9
   739,  4049,20190122,-9999,    9
   739,  4049,20190123,-9999,    9
   739,  4049,20190124,-9999,    9
   739,  4049,20190125,-9999,    9
   739,  4049,20190126,-9999,    9
   739,  4049,20190127,-9999,    9
   739,  4049,20190128,-9999,    9
   739,  4049,20190129,-9999,    9
   739,  4049,20190130,-9999,    9
   739,  4049,20190131,-9999,    9
   739,  4049,20190201,-9999,    9
   739,  4049,20190202,-9999,    9
   739,  4049,20190203,-9999,    9
   739,  4049,20190204,-9999,    9
   739,  4049,20190205,-9999,    9
   739,  4049,20190206,-9999,    9
   739,  4049,20190207,-9999,    9
   739,  4049,20190208,-9999,    9
   739,  4049,20190209,-9999,    9
   739,  4049,20190210,-9999,    9
   739,  4049,20190211,-9999,    9
   739,  4049,20190212,-9999,    9
   739,  4049,20190213,-9999,    9
   739,  4049,20190214,-9999,    9
   739,  4049,20190215,-9999,    9
   739,  4049,20190216,-9999,    9
   739,  4049,20190217,-9999,    9
   739,  4049,20190218,-9999,    9
   739,  4049,20190219,-9999,    9
   739,  4049,20190220,-9999,    9
   739,  4049,20190221,-9999,    9
   739,  4049,20190222,-9999,    9
   739,  4049,20190223,-9999,    9
   739,  4049,20190224,-9999,    9
   739,  4049,20190225,-9999,    9
   739,  4049,20190226,-9999,    9
   739,  4049,20190227,-9999,    9
   739,  4049,20190228,-9999,    9
   739,  4049,20190301,-9999,    9
   739,  4049,20190302,-9999,    9
   739,  4049,20190303,-9999,    9
   739,  4049,20190304,-9999,    9
   739,  4049,20190305,-9999,    9
   739,  4049,20190306,-9999,    9
   739,  4049,20190307,-9999,    9
   739,  4049,20190308,-9999,    9
   739,  4049,20190309,-9999,    9
   739,  4049,20190310,-9999,    9
   739,  4049,20190311,-9999,    9
   739,  4049,20190312,-9999,    9
   739,  4049,20190313,-9999,    9
   739,  4049,20190314,-9999,    9
   739,  4049,20190315,-9999,    9
   739,  4049,20190316,-9999,    9
   739,  4049,20190317,-9999,    9
   739,  4049,20190318,-9999,    9
   739,  4049,20190319,-9999,    9
   739,  4049,20190320,-9999,    9
   739,  4049,20190321,-9999,    9
   739,  4049,20190322,-9999,    9
   739,  4049,20190323,-9999,    9
   739,  4049,20190324,-9999,    9
   739,  4049,20190325,-9999,    9
   739,  4049,20190326,-9999,    9
   739,  4049,20190327,-9999,    9
   739,  4049,20190328,-9999,    9
   739,  4049,20190329,-9999,    9
   739,  4049,20190330,-9999,    9
   739,  4049,20190331,-9999,    9
   739,  4049,20190401,-9999,    9
   739,  4049,20190402,-9999,    9
   739,  4049,20190403,-9999,    9
   739,  4049,20190404,-9999,    9
   739,  4049,20190405,-9999,    9
   739,  4049,20190406,-9999,    9
   739,  4049,20190407,-9999,    9
   739,  4049,20190408,-9999,    9
   739,  4049,20190409,-9999,    9
   739,  4049,20190410,-9999,    9
   739,  4049,20190411,-9999,    9
   739,  4049,20190412,-9999,    9
   739,  4049,20190413,-9999,    9
   739,  4049,20190414,-9999,    9
   739,  4049,20190415,-9999,    9
   739,  4049,20190416,-9999,    9
   739,  4049,20190417,-9999,    9
   739,  4049,20190418,-9999,    9
   739,  4049,20190419,-9999,    9
   739,  4049,20190420,-9999,    9
   739,  4049,20190421,-9999,    9
   739,  4049,20190422,-9999,    9
   739,  4049,20190423,-9999,    9
   739,  4049,20190424,-9999,    9
   739,  4049,20190425,-9999,    9
   739,  4049,20190426,-9999,    9
   739,  4049,20190427,-9999,    9
   739,  4049,20190428,-9999,    9
   739,  4049,20190429,-9999,    9
   739,  4049,20190430,-9999,    9
