EUROPEAN CLIMATE ASSESSMENT & DATASET (ECA&D), file created on: 13-05-2019
THESE DATA CAN BE USED FOR NON-COMMERCIAL RESEARCH AND EDUCATION PROVIDED THAT THE FOLLOWING SOURCE IS ACKNOWLEDGED: 

Klein Tank, A.M.G. and Coauthors, 2002. Daily dataset of 20th-century surface
air temperature and precipitation series for the European Climate Assessment.
Int. J. of Climatol., 22, 1441-1453.
Data and metadata available at http://www.ecad.eu

FILE FORMAT (MISSING VALUE CODE = -9999):

01-06 STAID: Station identifier
08-13 SOUID: Source identifier
15-22 DATE : Date YYYYMMDD
24-28 TG   : Mean temperature in 0.1 &#176;C
30-34 Q_TG : quality code for TG (0='valid'; 1='suspect'; 9='missing')

This is the blended series of station CAWOOD, UNITED KINGDOM (STAID: 11103)
Blended and updated with sources:56843 903355 
See files sources.txt and stations.txt for more info.

STAID, SOUID,    DATE,   TG, Q_TG
 11103, 56843,20130101,   53,    0
 11103, 56843,20130102,   82,    0
 11103, 56843,20130103,   91,    0
 11103, 56843,20130104,  102,    0
 11103, 56843,20130105,   91,    1
 11103, 56843,20130106,   64,    0
 11103, 56843,20130107,   79,    0
 11103, 56843,20130108,   83,    1
 11103, 56843,20130109,   36,    0
 11103, 56843,20130110,   26,    0
 11103, 56843,20130111,   30,    0
 11103, 56843,20130112,   34,    0
 11103, 56843,20130113,   21,    1
 11103, 56843,20130114,    9,    0
 11103, 56843,20130115,    2,    1
 11103, 56843,20130116,  -44,    0
 11103, 56843,20130117,  -34,    0
 11103, 56843,20130118,  -29,    0
 11103, 56843,20130119,    4,    0
 11103, 56843,20130120,   11,    1
 11103, 56843,20130121,    5,    0
 11103, 56843,20130122,    5,    0
 11103, 56843,20130123,   -1,    0
 11103, 56843,20130124,    9,    0
 11103, 56843,20130125,    2,    0
 11103, 56843,20130126,   39,    0
 11103, 56843,20130127,   36,    0
 11103, 56843,20130128,   68,    0
 11103, 56843,20130129,   96,    0
 11103, 56843,20130130,   88,    0
 11103, 56843,20130131,   71,    0
 11103, 56843,20130201,   60,    1
 11103, 56843,20130202,   30,    0
 11103, 56843,20130203,   51,    0
 11103, 56843,20130204,   63,    1
 11103, 56843,20130205,   32,    0
 11103, 56843,20130206,   34,    0
 11103, 56843,20130207,   23,    0
 11103, 56843,20130208,   30,    0
 11103, 56843,20130209,   37,    0
 11103, 56843,20130210,   33,    0
 11103, 56843,20130211,   19,    0
 11103, 56843,20130212,   19,    0
 11103, 56843,20130213,   10,    0
 11103, 56843,20130214,   40,    0
 11103, 56843,20130215,   56,    0
 11103, 56843,20130216,   39,    0
 11103, 56843,20130217,   40,    0
 11103, 56843,20130218,   37,    0
 11103, 56843,20130219,   21,    0
 11103, 56843,20130220,    1,    0
 11103, 56843,20130221,   19,    0
 11103, 56843,20130222,   11,    0
 11103, 56843,20130223,   15,    0
 11103, 56843,20130224,   23,    0
 11103, 56843,20130225,   26,    0
 11103, 56843,20130226,   36,    0
 11103, 56843,20130227,   51,    0
 11103, 56843,20130228,   37,    0
 11103, 56843,20130301,   45,    0
 11103, 56843,20130302,   38,    0
 11103, 56843,20130303,   49,    0
 11103, 56843,20130304,   34,    0
 11103, 56843,20130305,   24,    0
 11103, 56843,20130306,   33,    0
 11103, 56843,20130307,   53,    1
 11103, 56843,20130308,   49,    1
 11103, 56843,20130309,   38,    1
 11103, 56843,20130310,   23,    1
 11103, 56843,20130311,   -5,    0
 11103, 56843,20130312,    4,    0
 11103, 56843,20130313,   23,    0
 11103, 56843,20130314,   18,    0
 11103, 56843,20130315,   46,    0
 11103, 56843,20130316,   50,    0
 11103, 56843,20130317,   46,    0
 11103,903355,20130318,   15,    0
 11103,903355,20130319,   27,    0
 11103,903355,20130320,   21,    0
 11103,903355,20130321,   13,    0
 11103,903355,20130322,   14,    0
 11103,903355,20130323,    3,    0
 11103,903355,20130324,   14,    0
 11103,903355,20130325,   23,    0
 11103, 56843,20130326,   17,    0
 11103, 56843,20130327,   13,    0
 11103, 56843,20130328,   18,    0
 11103, 56843,20130329,   10,    0
 11103, 56843,20130330,   22,    0
 11103, 56843,20130331,   14,    0
 11103, 56843,20130401,   29,    0
 11103, 56843,20130402,   28,    0
 11103, 56843,20130403,   32,    0
 11103, 56843,20130404,   35,    0
 11103, 56843,20130405,   42,    0
 11103, 56843,20130406,   40,    0
 11103, 56843,20130407,   37,    0
 11103, 56843,20130408,   43,    0
 11103, 56843,20130409,   47,    0
 11103, 56843,20130410,   73,    1
 11103, 56843,20130411,   47,    0
 11103, 56843,20130412,   63,    0
 11103, 56843,20130413,   90,    0
 11103, 56843,20130414,  138,    0
 11103, 56843,20130415,  136,    0
 11103, 56843,20130416,  131,    0
 11103, 56843,20130417,  111,    0
 11103, 56843,20130418,  111,    0
 11103, 56843,20130419,   94,    0
 11103, 56843,20130420,   83,    0
 11103, 56843,20130421,   84,    0
 11103, 56843,20130422,   72,    0
 11103, 56843,20130423,  117,    0
 11103, 56843,20130424,  118,    0
 11103, 56843,20130425,  107,    0
 11103, 56843,20130426,   71,    0
 11103, 56843,20130427,   60,    0
 11103, 56843,20130428,   81,    0
 11103, 56843,20130429,   89,    0
 11103, 56843,20130430,   81,    0
 11103, 56843,20130501,   95,    0
 11103, 56843,20130502,   93,    0
 11103, 56843,20130503,   99,    0
 11103, 56843,20130504,  123,    0
 11103, 56843,20130505,  121,    0
 11103, 56843,20130506,  125,    0
 11103, 56843,20130507,  136,    0
 11103, 56843,20130508,  132,    0
 11103, 56843,20130509,  101,    0
 11103, 56843,20130510,  118,    0
 11103, 56843,20130511,   91,    0
 11103, 56843,20130512,   96,    0
 11103, 56843,20130513,   96,    0
 11103, 56843,20130514,   88,    0
 11103, 56843,20130515,   88,    0
 11103, 56843,20130516,   76,    0
 11103, 56843,20130517,  100,    0
 11103, 56843,20130518,  100,    0
 11103, 56843,20130519,  136,    0
 11103, 56843,20130520,  144,    0
 11103, 56843,20130521,  121,    0
 11103, 56843,20130522,  127,    1
 11103, 56843,20130523,   72,    0
 11103, 56843,20130524,   87,    0
 11103, 56843,20130525,  103,    0
 11103, 56843,20130526,  116,    0
 11103, 56843,20130527,  114,    0
 11103, 56843,20130528,  121,    0
 11103, 56843,20130529,   98,    0
 11103, 56843,20130530,  131,    0
 11103, 56843,20130531,  153,    0
 11103, 56843,20130601,  134,    0
 11103, 56843,20130602,  112,    0
 11103, 56843,20130603,  127,    0
 11103, 56843,20130604,  113,    0
 11103, 56843,20130605,  118,    0
 11103, 56843,20130606,  142,    0
 11103, 56843,20130607,  121,    0
 11103, 56843,20130608,  111,    0
 11103, 56843,20130609,  126,    0
 11103, 56843,20130610,  129,    0
 11103, 56843,20130611,  118,    0
 11103, 56843,20130612,  166,    0
 11103, 56843,20130613,  154,    0
 11103, 56843,20130614,  137,    0
 11103, 56843,20130615,  132,    0
 11103, 56843,20130616,  139,    0
 11103, 56843,20130617,  142,    0
 11103, 56843,20130618,  145,    0
 11103, 56843,20130619,  185,    0
 11103, 56843,20130620,  134,    0
 11103, 56843,20130621,  163,    0
 11103, 56843,20130622,  146,    0
 11103, 56843,20130623,  146,    0
 11103, 56843,20130624,  135,    0
 11103, 56843,20130625,  127,    0
 11103, 56843,20130626,  141,    0
 11103, 56843,20130627,  126,    0
 11103, 56843,20130628,  149,    0
 11103, 56843,20130629,  149,    0
 11103, 56843,20130630,  159,    0
 11103, 56843,20130701,  135,    0
 11103, 56843,20130702,  118,    0
 11103, 56843,20130703,  167,    0
 11103, 56843,20130704,  160,    0
 11103, 56843,20130705,  159,    0
 11103, 56843,20130706,  190,    0
 11103, 56843,20130707,  188,    0
 11103, 56843,20130708,  162,    0
 11103, 56843,20130709,  176,    0
 11103, 56843,20130710,  156,    0
 11103, 56843,20130711,  152,    0
 11103, 56843,20130712,  183,    0
 11103, 56843,20130713,  200,    0
 11103, 56843,20130714,  203,    0
 11103, 56843,20130715,  173,    0
 11103, 56843,20130716,  183,    0
 11103, 56843,20130717,  193,    0
 11103, 56843,20130718,  210,    0
 11103, 56843,20130719,  199,    0
 11103, 56843,20130720,  180,    0
 11103, 56843,20130721,  165,    0
 11103, 56843,20130722,  196,    0
 11103, 56843,20130723,  188,    0
 11103, 56843,20130724,  208,    0
 11103, 56843,20130725,  197,    0
 11103, 56843,20130726,  182,    0
 11103, 56843,20130727,  177,    0
 11103, 56843,20130728,  183,    0
 11103, 56843,20130729,  185,    0
 11103, 56843,20130730,  174,    0
 11103, 56843,20130731,  177,    0
 11103, 56843,20130801,  234,    0
 11103, 56843,20130802,  206,    0
 11103, 56843,20130803,  201,    0
 11103, 56843,20130804,  195,    0
 11103, 56843,20130805,  167,    0
 11103, 56843,20130806,  151,    0
 11103, 56843,20130807,  156,    0
 11103, 56843,20130808,  160,    0
 11103, 56843,20130809,  183,    0
 11103, 56843,20130810,  149,    0
 11103, 56843,20130811,  156,    0
 11103, 56843,20130812,  153,    0
 11103, 56843,20130813,  144,    0
 11103, 56843,20130814,  161,    0
 11103, 56843,20130815,  209,    0
 11103, 56843,20130816,  201,    0
 11103, 56843,20130817,  159,    0
 11103, 56843,20130818,  172,    0
 11103, 56843,20130819,  152,    0
 11103, 56843,20130820,  158,    0
 11103, 56843,20130821,  183,    0
 11103, 56843,20130822,  193,    0
 11103, 56843,20130823,  199,    0
 11103, 56843,20130824,  176,    0
 11103, 56843,20130825,  186,    0
 11103, 56843,20130826,  181,    0
 11103, 56843,20130827,  167,    0
 11103, 56843,20130828,  166,    0
 11103, 56843,20130829,  170,    0
 11103, 56843,20130830,  195,    1
 11103, 56843,20130831,  130,    0
 11103, 56843,20130901,  143,    0
 11103, 56843,20130902,  181,    0
 11103, 56843,20130903,  192,    0
 11103, 56843,20130904,  173,    0
 11103, 56843,20130905,  166,    1
 11103, 56843,20130906,  128,    0
 11103, 56843,20130907,  130,    0
 11103, 56843,20130908,  115,    0
 11103, 56843,20130909,  113,    0
 11103, 56843,20130910,  129,    0
 11103, 56843,20130911,  136,    0
 11103, 56843,20130912,  158,    1
 11103, 56843,20130913,  138,    0
 11103, 56843,20130914,  129,    0
 11103, 56843,20130915,  115,    0
 11103, 56843,20130916,  103,    0
 11103, 56843,20130917,  114,    0
 11103, 56843,20130918,  108,    0
 11103, 56843,20130919,  123,    0
 11103, 56843,20130920,  126,    0
 11103, 56843,20130921,  151,    0
 11103, 56843,20130922,  174,    0
 11103, 56843,20130923,  142,    0
 11103, 56843,20130924,  153,    0
 11103, 56843,20130925,  152,    0
 11103, 56843,20130926,  141,    0
 11103, 56843,20130927,  147,    0
 11103, 56843,20130928,  124,    0
 11103, 56843,20130929,  132,    0
 11103, 56843,20130930,  133,    0
 11103, 56843,20131001,  125,    0
 11103, 56843,20131002,  135,    0
 11103, 56843,20131003,  154,    0
 11103, 56843,20131004,  166,    0
 11103, 56843,20131005,  147,    0
 11103, 56843,20131006,  137,    0
 11103, 56843,20131007,  161,    0
 11103, 56843,20131008,  159,    1
 11103, 56843,20131009,  110,    0
 11103, 56843,20131010,   88,    0
 11103, 56843,20131011,  106,    0
 11103, 56843,20131012,  111,    0
 11103, 56843,20131013,  112,    0
 11103, 56843,20131014,  111,    0
 11103, 56843,20131015,  111,    0
 11103, 56843,20131016,   91,    0
 11103, 56843,20131017,  120,    0
 11103, 56843,20131018,   95,    0
 11103, 56843,20131019,  132,    0
 11103, 56843,20131020,  135,    0
 11103, 56843,20131021,  133,    0
 11103, 56843,20131022,  147,    1
 11103, 56843,20131023,  136,    0
 11103, 56843,20131024,  104,    0
 11103, 56843,20131025,  137,    0
 11103, 56843,20131026,  142,    0
 11103, 56843,20131027,  120,    0
 11103, 56843,20131028,  111,    0
 11103, 56843,20131029,   96,    0
 11103, 56843,20131030,   85,    0
 11103, 56843,20131031,  101,    0
 11103, 56843,20131101,   89,    0
 11103, 56843,20131102,   83,    0
 11103, 56843,20131103,   78,    0
 11103, 56843,20131104,   43,    0
 11103, 56843,20131105,   33,    0
 11103, 56843,20131106,   75,    0
 11103, 56843,20131107,   79,    0
 11103, 56843,20131108,   67,    0
 11103, 56843,20131109,   58,    0
 11103, 56843,20131110,   43,    0
 11103, 56843,20131111,   62,    0
 11103, 56843,20131112,   90,    0
 11103, 56843,20131113,   60,    0
 11103, 56843,20131114,   73,    0
 11103, 56843,20131115,   48,    0
 11103, 56843,20131116,   75,    0
 11103, 56843,20131117,   88,    1
 11103, 56843,20131118,   80,    1
 11103, 56843,20131119,   35,    0
 11103, 56843,20131120,   36,    0
 11103, 56843,20131121,   54,    0
 11103, 56843,20131122,   47,    0
 11103, 56843,20131123,   29,    0
 11103, 56843,20131124,   48,    0
 11103, 56843,20131125,   51,    0
 11103, 56843,20131126,   31,    0
 11103, 56843,20131127,   68,    0
 11103, 56843,20131128,   56,    0
 11103, 56843,20131129,   81,    0
 11103, 56843,20131130,   63,    0
 11103, 56843,20131201,   50,    0
 11103, 56843,20131202,   40,    0
 11103, 56843,20131203,   74,    0
 11103, 56843,20131204,   56,    0
 11103, 56843,20131205,   66,    1
 11103, 56843,20131206,   29,    0
 11103, 56843,20131207,   46,    0
 11103, 56843,20131208,   87,    0
 11103, 56843,20131209,  101,    0
 11103, 56843,20131210,   75,    1
 11103, 56843,20131211,   24,    0
 11103, 56843,20131212,   57,    0
 11103, 56843,20131213,   85,    0
 11103, 56843,20131214,   78,    0
 11103, 56843,20131215,   88,    0
 11103, 56843,20131216,   85,    1
 11103, 56843,20131217,   35,    0
 11103, 56843,20131218,   59,    0
 11103, 56843,20131219,   59,    0
 11103, 56843,20131220,   62,    0
 11103, 56843,20131221,   73,    1
 11103, 56843,20131222,   56,    0
 11103, 56843,20131223,   64,    0
 11103, 56843,20131224,   54,    0
 11103, 56843,20131225,   36,    0
 11103, 56843,20131226,   54,    0
 11103, 56843,20131227,   51,    0
 11103, 56843,20131228,   25,    0
 11103, 56843,20131229,   63,    0
 11103, 56843,20131230,   69,    0
 11103, 56843,20131231,   58,    0
 11103, 56843,20140101,   67,    0
 11103, 56843,20140102,   66,    0
 11103, 56843,20140103,   74,    1
 11103, 56843,20140104,   51,    0
 11103, 56843,20140105,   62,    0
 11103, 56843,20140106,   66,    0
 11103, 56843,20140107,   87,    0
 11103, 56843,20140108,   85,    1
 11103, 56843,20140109,   60,    0
 11103, 56843,20140110,   56,    0
 11103, 56843,20140111,   42,    0
 11103, 56843,20140112,-9999,    9
 11103, 56843,20140113,-9999,    9
 11103, 56843,20140114,-9999,    9
 11103, 56843,20140115,-9999,    9
 11103, 56843,20140116,-9999,    9
 11103, 56843,20140117,-9999,    9
 11103, 56843,20140118,-9999,    9
 11103, 56843,20140119,-9999,    9
 11103, 56843,20140120,-9999,    9
 11103, 56843,20140121,   12,    0
 11103, 56843,20140122,   36,    0
 11103, 56843,20140123,   53,    0
 11103, 56843,20140124,   39,    0
 11103, 56843,20140125,   60,    0
 11103, 56843,20140126,-9999,    9
 11103, 56843,20140127,   42,    0
 11103, 56843,20140128,   50,    0
 11103, 56843,20140129,   55,    1
 11103, 56843,20140130,   36,    0
 11103, 56843,20140131,   50,    0
 11103, 56843,20140201,   40,    0
 11103, 56843,20140202,   60,    0
 11103, 56843,20140203,   49,    0
 11103, 56843,20140204,   59,    0
 11103, 56843,20140205,   64,    0
 11103, 56843,20140206,   74,    0
 11103, 56843,20140207,   56,    0
 11103, 56843,20140208,   67,    0
 11103, 56843,20140209,   72,    1
 11103, 56843,20140210,   25,    0
 11103, 56843,20140211,   28,    0
 11103, 56843,20140212,   47,    0
 11103, 56843,20140213,   49,    0
 11103, 56843,20140214,   61,    0
 11103, 56843,20140215,   50,    0
 11103, 56843,20140216,   60,    0
 11103, 56843,20140217,   52,    0
 11103, 56843,20140218,   75,    0
 11103, 56843,20140219,   83,    0
 11103, 56843,20140220,   92,    0
 11103, 56843,20140221,   52,    0
 11103, 56843,20140222,   76,    0
 11103, 56843,20140223,   91,    0
 11103, 56843,20140224,   99,    0
 11103, 56843,20140225,   88,    0
 11103, 56843,20140226,   65,    0
 11103, 56843,20140227,   73,    1
 11103, 56843,20140228,   24,    0
 11103, 56843,20140301,   37,    0
 11103, 56843,20140302,   59,    0
 11103, 56843,20140303,   45,    0
 11103, 56843,20140304,   49,    0
 11103, 56843,20140305,   62,    0
 11103, 56843,20140306,   83,    0
 11103, 56843,20140307,  110,    0
 11103, 56843,20140308,   63,    0
 11103, 56843,20140309,  109,    0
 11103, 56843,20140310,   80,    0
 11103, 56843,20140311,   50,    0
 11103, 56843,20140312,   49,    0
 11103, 56843,20140313,   75,    0
 11103, 56843,20140314,   73,    0
 11103, 56843,20140315,   96,    0
 11103, 56843,20140316,  101,    0
 11103, 56843,20140317,  102,    0
 11103, 56843,20140318,   90,    0
 11103, 56843,20140319,  121,    0
 11103, 56843,20140320,   90,    0
 11103, 56843,20140321,   71,    0
 11103, 56843,20140322,   58,    0
 11103, 56843,20140323,   63,    0
 11103, 56843,20140324,   32,    0
 11103, 56843,20140325,   43,    0
 11103, 56843,20140326,   38,    0
 11103, 56843,20140327,   53,    0
 11103, 56843,20140328,   67,    0
 11103, 56843,20140329,   98,    0
 11103, 56843,20140330,   94,    0
 11103, 56843,20140331,  102,    0
 11103, 56843,20140401,  109,    1
 11103, 56843,20140402,   70,    0
 11103, 56843,20140403,   77,    0
 11103, 56843,20140404,  101,    0
 11103, 56843,20140405,   99,    0
 11103, 56843,20140406,  138,    0
 11103, 56843,20140407,  105,    0
 11103, 56843,20140408,   88,    0
 11103, 56843,20140409,  102,    0
 11103, 56843,20140410,  110,    0
 11103, 56843,20140411,   94,    0
 11103, 56843,20140412,   87,    0
 11103, 56843,20140413,   91,    0
 11103, 56843,20140414,   91,    0
 11103, 56843,20140415,   69,    0
 11103, 56843,20140416,   95,    0
 11103, 56843,20140417,   98,    0
 11103, 56843,20140418,   78,    0
 11103, 56843,20140419,   62,    0
 11103, 56843,20140420,   80,    0
 11103, 56843,20140421,  128,    0
 11103, 56843,20140422,  114,    0
 11103, 56843,20140423,  133,    0
 11103, 56843,20140424,  131,    1
 11103, 56843,20140425,   91,    0
 11103, 56843,20140426,  116,    0
 11103, 56843,20140427,  107,    0
 11103, 56843,20140428,  129,    0
 11103, 56843,20140429,  126,    0
 11103, 56843,20140430,  124,    1
 11103, 56843,20140501,   90,    0
 11103, 56843,20140502,   89,    0
 11103, 56843,20140503,   65,    0
 11103, 56843,20140504,  122,    0
 11103, 56843,20140505,  131,    0
 11103, 56843,20140506,  136,    0
 11103, 56843,20140507,  111,    0
 11103, 56843,20140508,  124,    0
 11103, 56843,20140509,  115,    0
 11103, 56843,20140510,  117,    0
 11103, 56843,20140511,  119,    0
 11103, 56843,20140512,  114,    0
 11103, 56843,20140513,  109,    0
 11103, 56843,20140514,  115,    0
 11103, 56843,20140515,  121,    0
 11103, 56843,20140516,  138,    0
 11103, 56843,20140517,  142,    0
 11103, 56843,20140518,  160,    0
 11103, 56843,20140519,  167,    0
 11103, 56843,20140520,  151,    0
 11103, 56843,20140521,  151,    1
 11103, 56843,20140522,  111,    0
 11103, 56843,20140523,  123,    0
 11103, 56843,20140524,  125,    0
 11103, 56843,20140525,  119,    0
 11103, 56843,20140526,  120,    0
 11103, 56843,20140527,  123,    0
 11103, 56843,20140528,  114,    0
 11103, 56843,20140529,  114,    0
 11103, 56843,20140530,  121,    0
 11103, 56843,20140531,  142,    0
 11103, 56843,20140601,  146,    0
 11103, 56843,20140602,  163,    0
 11103, 56843,20140603,  153,    0
 11103, 56843,20140604,  136,    0
 11103, 56843,20140605,  132,    0
 11103, 56843,20140606,  130,    0
 11103, 56843,20140607,  137,    0
 11103, 56843,20140608,  154,    0
 11103, 56843,20140609,  149,    0
 11103, 56843,20140610,  178,    0
 11103, 56843,20140611,  157,    0
 11103, 56843,20140612,  147,    0
 11103, 56843,20140613,  154,    0
 11103, 56843,20140614,  168,    0
 11103, 56843,20140615,  144,    0
 11103, 56843,20140616,  130,    0
 11103, 56843,20140617,  134,    0
 11103, 56843,20140618,  183,    0
 11103, 56843,20140619,  149,    0
 11103, 56843,20140620,  164,    0
 11103, 56843,20140621,  142,    0
 11103, 56843,20140622,  175,    0
 11103, 56843,20140623,  168,    0
 11103, 56843,20140624,  156,    0
 11103, 56843,20140625,  146,    0
 11103, 56843,20140626,  137,    0
 11103, 56843,20140627,  122,    0
 11103, 56843,20140628,  120,    0
 11103, 56843,20140629,  122,    0
 11103, 56843,20140630,  153,    0
 11103, 56843,20140701,  137,    0
 11103, 56843,20140702,  153,    0
 11103, 56843,20140703,  187,    0
 11103, 56843,20140704,  184,    0
 11103, 56843,20140705,  169,    0
 11103, 56843,20140706,  144,    0
 11103, 56843,20140707,  137,    0
 11103, 56843,20140708,  165,    0
 11103, 56843,20140709,  156,    0
 11103, 56843,20140710,  158,    0
 11103, 56843,20140711,  178,    0
 11103, 56843,20140712,  178,    0
 11103, 56843,20140713,  196,    0
 11103, 56843,20140714,  161,    0
 11103, 56843,20140715,  169,    0
 11103, 56843,20140716,  168,    0
 11103, 56843,20140717,  184,    0
 11103, 56843,20140718,  175,    0
 11103, 56843,20140719,  188,    0
 11103, 56843,20140720,  188,    0
 11103, 56843,20140721,  205,    0
 11103, 56843,20140722,  188,    0
 11103, 56843,20140723,  200,    0
 11103, 56843,20140724,  200,    0
 11103, 56843,20140725,  208,    0
 11103, 56843,20140726,  210,    0
 11103, 56843,20140727,  183,    0
 11103, 56843,20140728,  171,    0
 11103, 56843,20140729,  175,    0
 11103, 56843,20140730,  155,    0
 11103, 56843,20140731,  179,    0
 11103, 56843,20140801,  176,    0
 11103, 56843,20140802,  192,    0
 11103, 56843,20140803,  171,    0
 11103, 56843,20140804,  160,    0
 11103, 56843,20140805,  167,    0
 11103, 56843,20140806,  184,    0
 11103, 56843,20140807,  172,    0
 11103, 56843,20140808,  162,    0
 11103, 56843,20140809,  178,    1
 11103, 56843,20140810,  148,    0
 11103, 56843,20140811,  164,    0
 11103, 56843,20140812,  155,    0
 11103, 56843,20140813,  161,    0
 11103, 56843,20140814,  155,    0
 11103, 56843,20140815,  150,    0
 11103, 56843,20140816,  149,    0
 11103, 56843,20140817,  157,    0
 11103, 56843,20140818,  146,    0
 11103, 56843,20140819,  128,    0
 11103, 56843,20140820,  120,    0
 11103, 56843,20140821,  133,    0
 11103, 56843,20140822,  135,    0
 11103, 56843,20140823,  111,    0
 11103, 56843,20140824,  117,    0
 11103, 56843,20140825,  131,    0
 11103, 56843,20140826,  154,    0
 11103, 56843,20140827,  141,    0
 11103, 56843,20140828,  181,    0
 11103, 56843,20140829,  152,    0
 11103, 56843,20140830,  165,    0
 11103, 56843,20140831,  156,    0
 11103, 56843,20140901,  161,    0
 11103, 56843,20140902,  142,    0
 11103, 56843,20140903,  169,    0
 11103, 56843,20140904,  166,    0
 11103, 56843,20140905,  166,    1
 11103, 56843,20140906,  142,    0
 11103, 56843,20140907,  133,    0
 11103, 56843,20140908,  126,    0
 11103, 56843,20140909,  138,    0
 11103, 56843,20140910,  144,    0
 11103, 56843,20140911,  136,    0
 11103, 56843,20140912,  132,    0
 11103, 56843,20140913,  152,    0
 11103, 56843,20140914,  132,    0
 11103, 56843,20140915,  153,    0
 11103, 56843,20140916,  160,    0
 11103, 56843,20140917,  152,    0
 11103, 56843,20140918,  180,    1
 11103, 56843,20140919,  158,    0
 11103, 56843,20140920,  150,    0
 11103, 56843,20140921,  128,    0
 11103, 56843,20140922,  120,    0
 11103, 56843,20140923,  132,    0
 11103, 56843,20140924,  145,    0
 11103, 56843,20140925,  129,    0
 11103, 56843,20140926,  163,    0
 11103, 56843,20140927,  134,    0
 11103, 56843,20140928,  144,    0
 11103, 56843,20140929,  137,    0
 11103, 56843,20140930,  168,    0
 11103, 56843,20141001,  165,    0
 11103, 56843,20141002,  112,    0
 11103, 56843,20141003,  142,    1
 11103, 56843,20141004,  125,    0
 11103, 56843,20141005,   92,    0
 11103, 56843,20141006,   98,    0
 11103, 56843,20141007,   98,    0
 11103, 56843,20141008,   93,    0
 11103, 56843,20141009,  116,    0
 11103, 56843,20141010,  116,    0
 11103, 56843,20141011,   89,    0
 11103, 56843,20141012,   80,    0
 11103, 56843,20141013,   93,    0
 11103, 56843,20141014,  108,    0
 11103, 56843,20141015,  100,    0
 11103, 56843,20141016,  132,    0
 11103, 56843,20141017,  141,    0
 11103, 56843,20141018,  167,    0
 11103, 56843,20141019,  162,    1
 11103, 56843,20141020,  127,    1
 11103, 56843,20141021,  105,    0
 11103, 56843,20141022,   96,    0
 11103, 56843,20141023,  125,    0
 11103, 56843,20141024,  129,    0
 11103, 56843,20141025,  103,    0
 11103, 56843,20141026,  128,    0
 11103, 56843,20141027,  149,    0
 11103, 56843,20141028,  158,    1
 11103, 56843,20141029,   80,    0
 11103, 56843,20141030,  114,    0
 11103, 56843,20141031,  155,    0
 11103, 56843,20141101,  141,    1
 11103, 56843,20141102,  124,    1
 11103, 56843,20141103,   98,    1
 11103, 56843,20141104,   48,    0
 11103, 56843,20141105,   48,    0
 11103, 56843,20141106,   52,    0
 11103, 56843,20141107,   91,    0
 11103, 56843,20141108,   82,    0
 11103, 56843,20141109,   65,    0
 11103, 56843,20141110,   67,    0
 11103, 56843,20141111,   90,    0
 11103, 56843,20141112,  108,    0
 11103, 56843,20141113,   93,    0
 11103, 56843,20141114,  101,    1
 11103, 56843,20141115,   61,    0
 11103, 56843,20141116,   73,    0
 11103, 56843,20141117,   91,    0
 11103, 56843,20141118,   93,    0
 11103, 56843,20141119,   88,    0
 11103, 56843,20141120,   72,    0
 11103, 56843,20141121,   76,    0
 11103, 56843,20141122,  101,    1
 11103, 56843,20141123,   67,    0
 11103, 56843,20141124,   48,    0
 11103, 56843,20141125,   27,    0
 11103, 56843,20141126,   34,    0
 11103, 56843,20141127,   80,    0
 11103, 56843,20141128,   78,    0
 11103, 56843,20141129,   99,    0
 11103, 56843,20141130,   83,    1
 11103, 56843,20141201,   72,    1
 11103, 56843,20141202,   61,    0
 11103, 56843,20141203,   32,    0
 11103, 56843,20141204,   28,    0
 11103, 56843,20141205,   38,    0
 11103, 56843,20141206,   52,    0
 11103, 56843,20141207,   45,    0
 11103, 56843,20141208,   42,    0
 11103, 56843,20141209,   53,    0
 11103, 56843,20141210,   48,    0
 11103, 56843,20141211,   45,    0
 11103, 56843,20141212,   36,    0
 11103, 56843,20141213,   22,    0
 11103, 56843,20141214,   41,    0
 11103, 56843,20141215,   51,    0
 11103, 56843,20141216,   67,    0
 11103, 56843,20141217,   78,    0
 11103, 56843,20141218,  114,    1
 11103, 56843,20141219,   72,    0
 11103, 56843,20141220,   72,    0
 11103, 56843,20141221,  100,    0
 11103, 56843,20141222,  107,    0
 11103, 56843,20141223,  118,    1
 11103, 56843,20141224,   62,    0
 11103, 56843,20141225,   60,    1
 11103, 56843,20141226,   22,    0
 11103, 56843,20141227,   23,    0
 11103, 56843,20141228,   19,    0
 11103, 56843,20141229,    8,    0
 11103, 56843,20141230,   17,    0
 11103, 56843,20141231,   29,    0
 11103, 56843,20150101,   70,    0
 11103, 56843,20150102,   66,    1
 11103, 56843,20150103,   42,    0
 11103, 56843,20150104,  -11,    0
 11103, 56843,20150105,   30,    0
 11103, 56843,20150106,   59,    0
 11103, 56843,20150107,   63,    0
 11103, 56843,20150108,   81,    0
 11103, 56843,20150109,  101,    1
 11103, 56843,20150110,   85,    0
 11103, 56843,20150111,   66,    0
 11103, 56843,20150112,   70,    1
 11103, 56843,20150113,   37,    0
 11103, 56843,20150114,   51,    0
 11103, 56843,20150115,   45,    0
 11103, 56843,20150116,   33,    0
 11103, 56843,20150117,   24,    0
 11103, 56843,20150118,   -3,    0
 11103, 56843,20150119,    8,    0
 11103, 56843,20150120,   15,    0
 11103, 56843,20150121,    9,    0
 11103, 56843,20150122,   15,    0
 11103, 56843,20150123,   30,    0
 11103, 56843,20150124,   31,    0
 11103, 56843,20150125,   61,    0
 11103, 56843,20150126,   63,    0
 11103, 56843,20150127,   60,    0
 11103, 56843,20150128,   75,    1
 11103, 56843,20150129,   25,    0
 11103, 56843,20150130,    9,    0
 11103, 56843,20150131,   22,    0
 11103, 56843,20150201,   28,    0
 11103, 56843,20150202,    3,    0
 11103, 56843,20150203,   14,    0
 11103, 56843,20150204,   21,    0
 11103, 56843,20150205,   27,    0
 11103, 56843,20150206,   22,    0
 11103, 56843,20150207,   23,    0
 11103, 56843,20150208,   41,    0
 11103, 56843,20150209,   53,    1
 11103, 56843,20150210,   23,    0
 11103, 56843,20150211,   24,    0
 11103, 56843,20150212,   35,    0
 11103, 56843,20150213,   52,    0
 11103, 56843,20150214,   63,    0
 11103, 56843,20150215,   60,    0
 11103, 56843,20150216,   59,    0
 11103, 56843,20150217,   45,    0
 11103, 56843,20150218,   76,    0
 11103, 56843,20150219,   72,    1
 11103, 56843,20150220,   42,    0
 11103, 56843,20150221,   42,    0
 11103, 56843,20150222,   38,    0
 11103, 56843,20150223,   52,    0
 11103, 56843,20150224,   59,    0
 11103, 56843,20150225,   68,    0
 11103, 56843,20150226,   92,    0
 11103, 56843,20150227,   48,    0
 11103, 56843,20150228,   78,    0
 11103, 56843,20150301,   77,    1
 11103, 56843,20150302,   41,    0
 11103, 56843,20150303,   42,    0
 11103, 56843,20150304,   65,    0
 11103, 56843,20150305,   66,    0
 11103, 56843,20150306,   72,    0
 11103, 56843,20150307,  107,    1
 11103, 56843,20150308,   73,    0
 11103, 56843,20150309,   52,    0
 11103, 56843,20150310,   71,    0
 11103, 56843,20150311,   48,    0
 11103, 56843,20150312,   72,    0
 11103, 56843,20150313,   67,    0
 11103, 56843,20150314,   60,    0
 11103, 56843,20150315,   58,    0
 11103, 56843,20150316,   58,    0
 11103, 56843,20150317,   72,    0
 11103, 56843,20150318,-9999,    9
 11103, 56843,20150319,-9999,    9
 11103, 56843,20150320,-9999,    9
 11103, 56843,20150321,   60,    0
 11103, 56843,20150322,   66,    0
 11103, 56843,20150323,   76,    0
 11103, 56843,20150324,-9999,    9
 11103, 56843,20150325,-9999,    9
 11103, 56843,20150326,   70,    0
 11103, 56843,20150327,-9999,    9
 11103, 56843,20150328,-9999,    9
 11103, 56843,20150329,-9999,    9
 11103, 56843,20150330,-9999,    9
 11103, 56843,20150331,-9999,    9
 11103, 56843,20150401,   72,    0
 11103, 56843,20150402,-9999,    9
 11103, 56843,20150403,-9999,    9
 11103, 56843,20150404,-9999,    9
 11103, 56843,20150405,-9999,    9
 11103, 56843,20150406,-9999,    9
 11103, 56843,20150407,-9999,    9
 11103, 56843,20150408,   96,    0
 11103, 56843,20150409,  102,    0
 11103, 56843,20150410,  108,    0
 11103, 56843,20150411,   90,    0
 11103, 56843,20150412,   90,    0
 11103, 56843,20150413,   82,    0
 11103, 56843,20150414,  130,    0
 11103, 56843,20150415,   68,    0
 11103, 56843,20150416,   75,    0
 11103, 56843,20150417,   89,    0
 11103, 56843,20150418,   79,    0
 11103, 56843,20150419,   80,    0
 11103, 56843,20150420,   77,    0
 11103, 56843,20150421,   91,    0
 11103, 56843,20150422,  100,    0
 11103, 56843,20150423,  104,    0
 11103, 56843,20150424,  119,    0
 11103, 56843,20150425,  131,    1
 11103, 56843,20150426,   63,    0
 11103, 56843,20150427,   51,    0
 11103, 56843,20150428,   75,    0
 11103, 56843,20150429,   77,    0
 11103, 56843,20150430,   81,    0
 11103, 56843,20150501,   47,    0
 11103, 56843,20150502,   59,    0
 11103, 56843,20150503,  128,    0
 11103, 56843,20150504,  129,    0
 11103, 56843,20150505,  128,    1
 11103, 56843,20150506,   94,    0
 11103, 56843,20150507,   96,    0
 11103, 56843,20150508,   91,    0
 11103, 56843,20150509,  106,    0
 11103, 56843,20150510,  118,    0
 11103, 56843,20150511,  151,    0
 11103, 56843,20150512,  131,    0
 11103, 56843,20150513,  107,    1
 11103, 56843,20150514,   78,    0
 11103, 56843,20150515,  115,    0
 11103, 56843,20150516,  115,    0
 11103, 56843,20150517,  108,    0
 11103, 56843,20150518,  103,    0
 11103, 56843,20150519,   88,    0
 11103, 56843,20150520,   97,    0
 11103, 56843,20150521,  105,    0
 11103, 56843,20150522,  148,    0
 11103, 56843,20150523,  138,    0
 11103, 56843,20150524,  124,    0
 11103, 56843,20150525,  124,    0
 11103, 56843,20150526,  127,    0
 11103, 56843,20150527,   97,    0
 11103, 56843,20150528,  120,    0
 11103, 56843,20150529,  104,    0
 11103, 56843,20150530,  104,    0
 11103, 56843,20150531,  114,    0
 11103, 56843,20150601,   92,    0
 11103, 56843,20150602,  135,    0
 11103, 56843,20150603,  128,    0
 11103, 56843,20150604,  123,    0
 11103, 56843,20150605,  158,    0
 11103, 56843,20150606,  130,    0
 11103, 56843,20150607,  114,    0
 11103, 56843,20150608,   94,    0
 11103, 56843,20150609,   88,    0
 11103, 56843,20150610,   97,    0
 11103, 56843,20150611,  113,    0
 11103, 56843,20150612,  124,    0
 11103, 56843,20150613,  144,    1
 11103, 56843,20150614,  122,    0
 11103, 56843,20150615,  109,    0
 11103, 56843,20150616,  159,    0
 11103, 56843,20150617,  166,    1
 11103, 56843,20150618,  116,    0
 11103, 56843,20150619,  113,    0
 11103, 56843,20150620,  153,    0
 11103, 56843,20150621,  138,    0
 11103, 56843,20150622,  121,    0
 11103, 56843,20150623,  134,    0
 11103, 56843,20150624,  140,    0
 11103, 56843,20150625,  154,    0
 11103, 56843,20150626,  175,    0
 11103, 56843,20150627,  163,    0
 11103, 56843,20150628,  179,    0
 11103, 56843,20150629,  168,    0
 11103, 56843,20150630,  205,    0
 11103, 56843,20150701,  206,    0
 11103, 56843,20150702,  207,    0
 11103, 56843,20150703,  157,    0
 11103, 56843,20150704,  195,    0
 11103, 56843,20150705,  150,    0
 11103, 56843,20150706,  133,    0
 11103, 56843,20150707,  173,    1
 11103, 56843,20150708,  138,    0
 11103, 56843,20150709,  136,    0
 11103, 56843,20150710,  174,    0
 11103, 56843,20150711,  188,    0
 11103, 56843,20150712,  176,    0
 11103, 56843,20150713,  148,    0
 11103, 56843,20150714,  173,    0
 11103, 56843,20150715,  164,    0
 11103, 56843,20150716,  144,    0
 11103, 56843,20150717,  166,    0
 11103, 56843,20150718,  156,    0
 11103, 56843,20150719,  153,    0
 11103, 56843,20150720,  152,    0
 11103, 56843,20150721,  170,    0
 11103, 56843,20150722,  152,    0
 11103, 56843,20150723,  142,    0
 11103, 56843,20150724,  110,    0
 11103, 56843,20150725,  145,    0
 11103, 56843,20150726,  110,    0
 11103, 56843,20150727,  150,    0
 11103, 56843,20150728,  137,    0
 11103, 56843,20150729,  141,    0
 11103, 56843,20150730,  139,    0
 11103, 56843,20150731,  125,    0
 11103, 56843,20150801,  150,    0
 11103, 56843,20150802,  165,    0
 11103, 56843,20150803,  178,    0
 11103, 56843,20150804,  152,    0
 11103, 56843,20150805,  173,    0
 11103, 56843,20150806,  178,    0
 11103, 56843,20150807,  138,    0
 11103, 56843,20150808,  182,    0
 11103, 56843,20150809,  173,    0
 11103, 56843,20150810,  192,    0
 11103, 56843,20150811,  149,    0
 11103, 56843,20150812,  160,    0
 11103, 56843,20150813,  140,    0
 11103, 56843,20150814,  151,    0
 11103, 56843,20150815,  153,    0
 11103, 56843,20150816,  121,    0
 11103, 56843,20150817,  165,    0
 11103, 56843,20150818,  145,    0
 11103, 56843,20150819,  174,    0
 11103, 56843,20150820,  187,    0
 11103, 56843,20150821,  206,    0
 11103, 56843,20150822,  210,    0
 11103, 56843,20150823,  203,    1
 11103, 56843,20150824,  151,    0
 11103, 56843,20150825,  163,    0
 11103, 56843,20150826,  177,    0
 11103, 56843,20150827,  165,    0
 11103, 56843,20150828,  147,    0
 11103, 56843,20150829,  166,    0
 11103, 56843,20150830,  149,    0
 11103, 56843,20150831,  137,    0
 11103, 56843,20150901,  150,    0
 11103, 56843,20150902,  132,    0
 11103, 56843,20150903,  119,    0
 11103, 56843,20150904,  127,    0
 11103, 56843,20150905,  123,    0
 11103, 56843,20150906,  115,    0
 11103, 56843,20150907,  125,    0
 11103, 56843,20150908,  104,    0
 11103, 56843,20150909,  136,    0
 11103, 56843,20150910,  143,    0
 11103, 56843,20150911,  148,    0
 11103, 56843,20150912,  163,    0
 11103, 56843,20150913,  134,    0
 11103, 56843,20150914,   99,    0
 11103, 56843,20150915,  143,    0
 11103, 56843,20150916,  110,    0
 11103, 56843,20150917,  112,    0
 11103, 56843,20150918,  115,    0
 11103, 56843,20150919,  133,    0
 11103, 56843,20150920,  118,    0
 11103, 56843,20150921,  138,    0
 11103, 56843,20150922,  117,    0
 11103, 56843,20150923,  126,    0
 11103, 56843,20150924,  133,    0
 11103, 56843,20150925,  125,    0
 11103, 56843,20150926,  108,    0
 11103, 56843,20150927,  107,    0
 11103, 56843,20150928,  119,    0
 11103, 56843,20150929,  123,    0
 11103, 56843,20150930,  122,    0
 11103, 56843,20151001,  108,    0
 11103, 56843,20151002,  104,    0
 11103, 56843,20151003,   85,    0
 11103, 56843,20151004,  103,    0
 11103, 56843,20151005,  109,    0
 11103, 56843,20151006,  159,    1
 11103, 56843,20151007,  140,    0
 11103, 56843,20151008,   98,    0
 11103, 56843,20151009,  116,    0
 11103, 56843,20151010,   99,    0
 11103, 56843,20151011,  110,    0
 11103, 56843,20151012,   84,    0
 11103, 56843,20151013,   92,    0
 11103, 56843,20151014,   96,    0
 11103, 56843,20151015,  101,    0
 11103, 56843,20151016,  103,    0
 11103, 56843,20151017,  107,    0
 11103, 56843,20151018,  104,    0
 11103, 56843,20151019,   99,    0
 11103, 56843,20151020,  101,    0
 11103, 56843,20151021,  129,    0
 11103, 56843,20151022,  131,    1
 11103, 56843,20151023,   77,    0
 11103, 56843,20151024,   91,    0
 11103, 56843,20151025,   84,    0
 11103, 56843,20151026,   90,    0
 11103, 56843,20151027,  106,    0
 11103, 56843,20151028,  116,    0
 11103, 56843,20151029,  106,    0
 11103, 56843,20151030,  134,    0
 11103, 56843,20151031,  121,    1
 11103, 56843,20151101,   96,    1
 11103, 56843,20151102,   87,    0
 11103, 56843,20151103,   85,    0
 11103, 56843,20151104,  101,    0
 11103, 56843,20151105,  116,    0
 11103, 56843,20151106,  135,    0
 11103, 56843,20151107,  135,    0
 11103, 56843,20151108,  110,    0
 11103, 56843,20151109,  124,    0
 11103, 56843,20151110,  150,    0
 11103, 56843,20151111,  151,    1
 11103, 56843,20151112,  106,    1
 11103, 56843,20151113,   75,    0
 11103, 56843,20151114,  101,    0
 11103, 56843,20151115,  118,    1
 11103, 56843,20151116,   99,    0
 11103, 56843,20151117,  113,    0
 11103, 56843,20151118,  102,    0
 11103, 56843,20151119,  101,    1
 11103, 56843,20151120,   63,    1
 11103, 56843,20151121,   32,    0
 11103, 56843,20151122,   16,    0
 11103, 56843,20151123,   32,    0
 11103, 56843,20151124,   58,    0
 11103, 56843,20151125,   74,    0
 11103, 56843,20151126,   78,    0
 11103, 56843,20151127,   93,    1
 11103, 56843,20151128,   61,    0
 11103, 56843,20151129,   77,    0
 11103, 56843,20151130,   82,    0
 11103, 56843,20151201,   83,    0
 11103, 56843,20151202,   90,    0
 11103, 56843,20151203,   98,    0
 11103, 56843,20151204,   96,    0
 11103, 56843,20151205,  116,    0
 11103, 56843,20151206,  132,    0
 11103, 56843,20151207,   95,    0
 11103, 56843,20151208,  103,    0
 11103, 56843,20151209,   75,    0
 11103, 56843,20151210,   75,    0
 11103, 56843,20151211,   57,    1
 11103, 56843,20151212,   42,    0
 11103, 56843,20151213,   29,    0
 11103, 56843,20151214,   35,    0
 11103, 56843,20151215,   97,    0
 11103, 56843,20151216,  105,    0
 11103, 56843,20151217,  128,    0
 11103, 56843,20151218,  116,    0
 11103, 56843,20151219,  129,    1
 11103, 56843,20151220,  112,    0
 11103, 56843,20151221,   98,    0
 11103, 56843,20151222,  106,    0
 11103, 56843,20151223,   93,    0
 11103, 56843,20151224,   88,    0
 11103, 56843,20151225,   84,    0
 11103, 56843,20151226,   95,    0
 11103, 56843,20151227,   76,    0
 11103, 56843,20151228,   75,    0
 11103, 56843,20151229,  109,    0
 11103, 56843,20151230,  106,    1
 11103, 56843,20151231,   69,    0
 11103, 56843,20160101,   38,    0
 11103, 56843,20160102,   32,    0
 11103, 56843,20160103,   67,    0
 11103, 56843,20160104,   58,    0
 11103, 56843,20160105,   66,    0
 11103, 56843,20160106,   70,    0
 11103, 56843,20160107,   65,    0
 11103, 56843,20160108,   48,    0
 11103, 56843,20160109,   60,    0
 11103, 56843,20160110,   60,    1
 11103, 56843,20160111,   28,    0
 11103, 56843,20160112,   32,    0
 11103, 56843,20160113,   32,    0
 11103, 56843,20160114,   26,    0
 11103, 56843,20160115,   21,    0
 11103, 56843,20160116,   22,    0
 11103, 56843,20160117,    4,    0
 11103, 56843,20160118,   10,    0
 11103, 56843,20160119,   26,    0
 11103, 56843,20160120,   32,    0
 11103, 56843,20160121,    8,    0
 11103, 56843,20160122,   54,    0
 11103, 56843,20160123,   81,    0
 11103, 56843,20160124,   94,    0
 11103, 56843,20160125,  125,    0
 11103, 56843,20160126,  102,    0
 11103, 56843,20160127,  118,    0
 11103, 56843,20160128,   80,    0
 11103, 56843,20160129,   82,    1
 11103, 56843,20160130,   51,    0
 11103, 56843,20160131,   75,    0
 11103, 56843,20160201,   80,    0
 11103, 56843,20160202,   68,    0
 11103, 56843,20160203,   56,    0
 11103, 56843,20160204,   64,    0
 11103, 56843,20160205,  102,    0
 11103, 56843,20160206,   65,    0
 11103, 56843,20160207,   62,    0
 11103, 56843,20160208,   66,    0
 11103, 56843,20160209,   50,    0
 11103, 56843,20160210,   52,    0
 11103, 56843,20160211,   38,    0
 11103, 56843,20160212,   34,    0
 11103, 56843,20160213,   30,    0
 11103, 56843,20160214,   31,    0
 11103, 56843,20160215,   29,    0
 11103, 56843,20160216,   17,    0
 11103, 56843,20160217,   22,    0
 11103, 56843,20160218,   36,    0
 11103, 56843,20160219,   39,    0
 11103, 56843,20160220,   64,    0
 11103, 56843,20160221,  104,    1
 11103, 56843,20160222,   54,    0
 11103, 56843,20160223,   38,    0
 11103, 56843,20160224,   13,    0
 11103, 56843,20160225,   14,    0
 11103, 56843,20160226,   30,    1
 11103, 56843,20160227,    6,    0
 11103, 56843,20160228,   38,    0
 11103, 56843,20160229,   28,    0
 11103, 56843,20160301,   54,    1
 11103, 56843,20160302,   26,    0
 11103, 56843,20160303,   29,    0
 11103, 56843,20160304,   20,    0
 11103, 56843,20160305,   41,    0
 11103, 56843,20160306,   33,    0
 11103, 56843,20160307,   30,    0
 11103, 56843,20160308,   13,    0
 11103, 56843,20160309,   35,    0
 11103, 56843,20160310,   44,    0
 11103, 56843,20160311,   63,    0
 11103, 56843,20160312,   62,    0
 11103, 56843,20160313,   68,    0
 11103, 56843,20160314,   49,    0
 11103, 56843,20160315,   50,    0
 11103, 56843,20160316,   72,    0
 11103, 56843,20160317,   65,    0
 11103, 56843,20160318,   43,    0
 11103, 56843,20160319,   68,    0
 11103, 56843,20160320,   85,    0
 11103, 56843,20160321,   72,    1
 11103, 56843,20160322,   40,    0
 11103, 56843,20160323,   66,    0
 11103, 56843,20160324,   66,    0
 11103, 56843,20160325,   86,    0
 11103, 56843,20160326,   96,    0
 11103, 56843,20160327,   69,    1
 11103, 56843,20160328,   54,    0
 11103, 56843,20160329,   50,    0
 11103, 56843,20160330,   62,    0
 11103, 56843,20160331,-9999,    9
 11103, 56843,20160401,   48,    0
 11103, 56843,20160402,-9999,    9
 11103, 56843,20160403,-9999,    9
 11103, 56843,20160404,-9999,    9
 11103, 56843,20160405,-9999,    9
 11103, 56843,20160406,-9999,    9
 11103, 56843,20160407,-9999,    9
 11103, 56843,20160408,-9999,    9
 11103, 56843,20160409,-9999,    9
 11103, 56843,20160410,-9999,    9
 11103, 56843,20160411,-9999,    9
 11103, 56843,20160412,-9999,    9
 11103, 56843,20160413,-9999,    9
 11103, 56843,20160414,-9999,    9
 11103, 56843,20160415,-9999,    9
 11103, 56843,20160416,   44,    0
 11103, 56843,20160417,   46,    0
 11103, 56843,20160418,   73,    0
 11103, 56843,20160419,-9999,    9
 11103, 56843,20160420,-9999,    9
 11103, 56843,20160421,-9999,    9
 11103, 56843,20160422,-9999,    9
 11103, 56843,20160423,-9999,    9
 11103, 56843,20160424,   44,    0
 11103, 56843,20160425,-9999,    9
 11103, 56843,20160426,-9999,    9
 11103, 56843,20160427,   36,    0
 11103, 56843,20160428,-9999,    9
 11103, 56843,20160429,   48,    0
 11103, 56843,20160430,   43,    0
 11103, 56843,20160501,   68,    0
 11103, 56843,20160502,  118,    0
 11103, 56843,20160503,   82,    0
 11103, 56843,20160504,   84,    0
 11103, 56843,20160505,-9999,    9
 11103, 56843,20160506,-9999,    9
 11103, 56843,20160507,-9999,    9
 11103, 56843,20160508,-9999,    9
 11103, 56843,20160509,-9999,    9
 11103, 56843,20160510,-9999,    9
 11103, 56843,20160511,  138,    0
 11103, 56843,20160512,-9999,    9
 11103, 56843,20160513,-9999,    9
 11103, 56843,20160514,   78,    0
 11103, 56843,20160515,   66,    0
 11103, 56843,20160516,   73,    0
 11103, 56843,20160517,-9999,    9
 11103, 56843,20160518,-9999,    9
 11103, 56843,20160519,-9999,    9
 11103, 56843,20160520,  128,    0
 11103, 56843,20160521,-9999,    9
 11103, 56843,20160522,-9999,    9
 11103, 56843,20160523,-9999,    9
 11103, 56843,20160524,-9999,    9
 11103, 56843,20160525,  102,    0
 11103, 56843,20160526,  106,    0
 11103, 56843,20160527,  110,    0
 11103, 56843,20160528,-9999,    9
 11103, 56843,20160529,-9999,    9
 11103, 56843,20160530,-9999,    9
 11103, 56843,20160531,  109,    0
 11103, 56843,20160601,  112,    0
 11103, 56843,20160602,  105,    0
 11103, 56843,20160603,  104,    0
 11103, 56843,20160604,  147,    0
 11103, 56843,20160605,  150,    0
 11103, 56843,20160606,  154,    0
 11103, 56843,20160607,  157,    0
 11103, 56843,20160608,  164,    0
 11103, 56843,20160609,  152,    0
 11103, 56843,20160610,  158,    1
 11103, 56843,20160611,  134,    0
 11103, 56843,20160612,  150,    0
 11103, 56843,20160613,  140,    0
 11103, 56843,20160614,  140,    0
 11103, 56843,20160615,  136,    0
 11103, 56843,20160616,  136,    0
 11103, 56843,20160617,  129,    0
 11103, 56843,20160618,  134,    0
 11103, 56843,20160619,  118,    0
 11103, 56843,20160620,  166,    0
 11103, 56843,20160621,  158,    0
 11103, 56843,20160622,  162,    0
 11103, 56843,20160623,  166,    0
 11103, 56843,20160624,  144,    0
 11103, 56843,20160625,  148,    0
 11103, 56843,20160626,  148,    0
 11103, 56843,20160627,  141,    0
 11103, 56843,20160628,  128,    0
 11103, 56843,20160629,  130,    0
 11103, 56843,20160630,  138,    0
 11103, 56843,20160701,  141,    0
 11103, 56843,20160702,  118,    0
 11103, 56843,20160703,  132,    0
 11103, 56843,20160704,-9999,    9
 11103, 56843,20160705,-9999,    9
 11103, 56843,20160706,  129,    0
 11103, 56843,20160707,-9999,    9
 11103, 56843,20160708,  157,    0
 11103, 56843,20160709,  158,    0
 11103, 56843,20160710,-9999,    9
 11103, 56843,20160711,-9999,    9
 11103, 56843,20160712,-9999,    9
 11103, 56843,20160713,  140,    0
 11103, 56843,20160714,-9999,    9
 11103, 56843,20160715,  136,    0
 11103, 56843,20160716,-9999,    9
 11103, 56843,20160717,  165,    0
 11103, 56843,20160718,  180,    0
 11103, 56843,20160719,-9999,    9
 11103, 56843,20160720,-9999,    9
 11103, 56843,20160721,-9999,    9
 11103, 56843,20160722,-9999,    9
 11103, 56843,20160723,-9999,    9
 11103, 56843,20160724,-9999,    9
 11103, 56843,20160725,-9999,    9
 11103, 56843,20160726,  149,    0
 11103, 56843,20160727,-9999,    9
 11103, 56843,20160728,-9999,    9
 11103, 56843,20160729,  158,    0
 11103, 56843,20160730,-9999,    9
 11103, 56843,20160731,  138,    0
 11103, 56843,20160801,  140,    0
 11103, 56843,20160802,  176,    0
 11103, 56843,20160803,  187,    0
 11103, 56843,20160804,  170,    0
 11103, 56843,20160805,  164,    0
 11103, 56843,20160806,  165,    0
 11103, 56843,20160807,  192,    1
 11103, 56843,20160808,  161,    0
 11103, 56843,20160809,  134,    0
 11103, 56843,20160810,  139,    0
 11103, 56843,20160811,  153,    0
 11103, 56843,20160812,  191,    0
 11103, 56843,20160813,  176,    0
 11103, 56843,20160814,  186,    0
 11103, 56843,20160815,  158,    0
 11103, 56843,20160816,  144,    0
 11103, 56843,20160817,  156,    0
 11103, 56843,20160818,  183,    1
 11103, 56843,20160819,  148,    0
 11103, 56843,20160820,  160,    0
 11103, 56843,20160821,  169,    0
 11103, 56843,20160822,  176,    0
 11103, 56843,20160823,  205,    0
 11103, 56843,20160824,  187,    1
 11103, 56843,20160825,  160,    0
 11103, 56843,20160826,  177,    0
 11103, 56843,20160827,  140,    0
 11103, 56843,20160828,  162,    0
 11103, 56843,20160829,  153,    0
 11103, 56843,20160830,  171,    0
 11103, 56843,20160831,  172,    0
 11103, 56843,20160901,  164,    0
 11103, 56843,20160902,  178,    1
 11103, 56843,20160903,  136,    0
 11103, 56843,20160904,  152,    0
 11103, 56843,20160905,  174,    0
 11103, 56843,20160906,-9999,    9
 11103, 56843,20160907,-9999,    9
 11103, 56843,20160908,  178,    0
 11103, 56843,20160909,-9999,    9
 11103, 56843,20160910,-9999,    9
 11103, 56843,20160911,  126,    0
 11103, 56843,20160912,  156,    0
 11103, 56843,20160913,-9999,    9
 11103, 56843,20160914,-9999,    9
 11103, 56843,20160915,-9999,    9
 11103, 56843,20160916,-9999,    9
 11103, 56843,20160917,-9999,    9
 11103, 56843,20160918,-9999,    9
 11103, 56843,20160919,-9999,    9
 11103, 56843,20160920,-9999,    9
 11103, 56843,20160921,-9999,    9
 11103, 56843,20160922,-9999,    9
 11103, 56843,20160923,-9999,    9
 11103, 56843,20160924,-9999,    9
 11103, 56843,20160925,-9999,    9
 11103, 56843,20160926,  110,    0
 11103, 56843,20160927,  134,    0
 11103, 56843,20160928,-9999,    9
 11103, 56843,20160929,-9999,    9
 11103, 56843,20160930,  125,    0
 11103, 56843,20161001,   99,    0
 11103, 56843,20161002,  110,    0
 11103, 56843,20161003,   83,    0
 11103, 56843,20161004,  125,    0
 11103, 56843,20161005,  132,    0
 11103, 56843,20161006,  110,    0
 11103, 56843,20161007,  124,    0
 11103, 56843,20161008,  112,    0
 11103, 56843,20161009,  100,    0
 11103, 56843,20161010,   79,    0
 11103, 56843,20161011,   86,    0
 11103, 56843,20161012,  110,    1
 11103, 56843,20161013,   88,    0
 11103, 56843,20161014,  105,    0
 11103, 56843,20161015,  114,    0
 11103, 56843,20161016,  112,    0
 11103, 56843,20161017,  116,    1
 11103, 56843,20161018,   93,    0
 11103, 56843,20161019,   92,    0
 11103, 56843,20161020,  114,    0
 11103, 56843,20161021,   96,    0
 11103, 56843,20161022,   92,    0
 11103, 56843,20161023,   81,    0
 11103, 56843,20161024,   64,    0
 11103, 56843,20161025,   74,    0
 11103, 56843,20161026,   96,    0
 11103, 56843,20161027,  120,    0
 11103, 56843,20161028,  130,    0
 11103, 56843,20161029,  132,    1
 11103, 56843,20161030,  120,    0
 11103, 56843,20161031,  116,    0
 11103, 56843,20161101,-9999,    9
 11103, 56843,20161102,-9999,    9
 11103, 56843,20161103,   39,    0
 11103, 56843,20161104,-9999,    9
 11103, 56843,20161105,-9999,    9
 11103, 56843,20161106,-9999,    9
 11103, 56843,20161107,-9999,    9
 11103, 56843,20161108,-9999,    9
 11103, 56843,20161109,   26,    0
 11103, 56843,20161110,-9999,    9
 11103, 56843,20161111,   36,    0
 11103, 56843,20161112,-9999,    9
 11103, 56843,20161113,   66,    0
 11103, 56843,20161114,   92,    0
 11103, 56843,20161115,-9999,    9
 11103, 56843,20161116,-9999,    9
 11103, 56843,20161117,-9999,    9
 11103, 56843,20161118,   33,    0
 11103, 56843,20161119,-9999,    9
 11103, 56843,20161120,   22,    0
 11103, 56843,20161121,   26,    0
 11103, 56843,20161122,   48,    0
 11103, 56843,20161123,-9999,    9
 11103, 56843,20161124,   43,    0
 11103, 56843,20161125,-9999,    9
 11103, 56843,20161126,   24,    0
 11103, 56843,20161127,-9999,    9
 11103, 56843,20161128,-9999,    9
 11103, 56843,20161129,-9999,    9
 11103, 56843,20161130,   26,    0
 11103, 56843,20161201,-9999,    9
 11103, 56843,20161202,-9999,    9
 11103, 56843,20161203,   38,    0
 11103, 56843,20161204,-9999,    9
 11103, 56843,20161205,  -11,    0
 11103, 56843,20161206,   38,    0
 11103, 56843,20161207,   59,    0
 11103, 56843,20161208,  104,    0
 11103, 56843,20161209,-9999,    9
 11103, 56843,20161210,-9999,    9
 11103, 56843,20161211,-9999,    9
 11103, 56843,20161212,   46,    0
 11103, 56843,20161213,   52,    0
 11103, 56843,20161214,-9999,    9
 11103, 56843,20161215,   58,    0
 11103, 56843,20161216,-9999,    9
 11103, 56843,20161217,-9999,    9
 11103, 56843,20161218,-9999,    9
 11103, 56843,20161219,   33,    0
 11103, 56843,20161220,   42,    0
 11103, 56843,20161221,-9999,    9
 11103, 56843,20161222,-9999,    9
 11103, 56843,20161223,-9999,    9
 11103, 56843,20161224,   84,    0
 11103, 56843,20161225,-9999,    9
 11103, 56843,20161226,-9999,    9
 11103, 56843,20161227,   28,    1
 11103, 56843,20161228,  -16,    0
 11103, 56843,20161229,-9999,    9
 11103, 56843,20161230,   32,    0
 11103, 56843,20161231,   59,    1
 11103, 56843,20170101,   48,    0
 11103, 56843,20170102,   25,    0
 11103, 56843,20170103,   34,    0
 11103, 56843,20170104,   50,    0
 11103, 56843,20170105,   19,    0
 11103, 56843,20170106,   26,    0
 11103, 56843,20170107,   48,    0
 11103, 56843,20170108,   52,    0
 11103, 56843,20170109,   74,    0
 11103, 56843,20170110,   79,    0
 11103, 56843,20170111,   80,    1
 11103, 56843,20170112,   39,    0
 11103, 56843,20170113,   19,    0
 11103, 56843,20170114,   22,    0
 11103, 56843,20170115,   58,    1
 11103, 56843,20170116,   43,    0
 11103, 56843,20170117,   60,    0
 11103, 56843,20170118,   66,    0
 11103, 56843,20170119,   73,    0
 11103, 56843,20170120,   64,    1
 11103, 56843,20170121,   15,    0
 11103, 56843,20170122,    4,    0
 11103, 56843,20170123,   -1,    0
 11103, 56843,20170124,   19,    0
 11103, 56843,20170125,   27,    1
 11103, 56843,20170126,   -1,    0
 11103, 56843,20170127,   11,    0
 11103, 56843,20170128,   33,    0
 11103, 56843,20170129,   28,    0
 11103, 56843,20170130,   44,    0
 11103, 56843,20170131,   55,    0
 11103, 56843,20170201,   72,    0
 11103, 56843,20170202,   92,    0
 11103, 56843,20170203,   76,    0
 11103, 56843,20170204,   50,    0
 11103, 56843,20170205,   34,    0
 11103, 56843,20170206,   11,    0
 11103, 56843,20170207,   28,    0
 11103, 56843,20170208,   31,    1
 11103, 56843,20170209,   19,    0
 11103, 56843,20170210,   19,    0
 11103, 56843,20170211,   20,    0
 11103, 56843,20170212,   30,    0
 11103, 56843,20170213,   46,    0
 11103, 56843,20170214,   44,    0
 11103, 56843,20170215,   50,    0
 11103, 56843,20170216,   75,    0
 11103, 56843,20170217,   80,    0
 11103, 56843,20170218,   86,    0
 11103, 56843,20170219,   85,    0
 11103, 56843,20170220,  108,    0
 11103, 56843,20170221,   91,    0
 11103, 56843,20170222,   85,    0
 11103, 56843,20170223,   72,    0
 11103, 56843,20170224,   52,    0
 11103, 56843,20170225,   72,    0
 11103, 56843,20170226,   93,    1
 11103, 56843,20170227,   60,    0
 11103, 56843,20170228,   39,    0
 11103, 56843,20170301,   44,    0
 11103, 56843,20170302,   58,    0
 11103, 56843,20170303,   47,    0
 11103, 56843,20170304,   72,    1
 11103, 56843,20170305,   46,    0
 11103, 56843,20170306,   63,    0
 11103, 56843,20170307,   52,    0
 11103, 56843,20170308,   78,    0
 11103, 56843,20170309,   85,    0
 11103, 56843,20170310,   68,    0
 11103, 56843,20170311,   87,    0
 11103, 56843,20170312,  118,    0
 11103, 56843,20170313,   68,    0
 11103, 56843,20170314,  106,    0
 11103, 56843,20170315,   98,    0
 11103, 56843,20170316,   86,    0
 11103, 56843,20170317,   72,    0
 11103, 56843,20170318,   98,    0
 11103, 56843,20170319,  122,    1
 11103, 56843,20170320,  102,    1
 11103, 56843,20170321,   62,    0
 11103, 56843,20170322,   63,    0
 11103, 56843,20170323,   67,    0
 11103, 56843,20170324,   62,    0
 11103, 56843,20170325,   78,    0
 11103, 56843,20170326,   73,    0
 11103, 56843,20170327,   69,    0
 11103, 56843,20170328,   92,    0
 11103, 56843,20170329,  104,    0
 11103, 56843,20170330,  148,    0
 11103, 56843,20170331,  143,    0
 11103, 56843,20170401,   99,    0
 11103, 56843,20170402,   93,    0
 11103, 56843,20170403,  112,    0
 11103, 56843,20170404,  101,    0
 11103, 56843,20170405,   87,    0
 11103, 56843,20170406,   70,    0
 11103, 56843,20170407,   75,    0
 11103, 56843,20170408,   93,    0
 11103, 56843,20170409,  132,    0
 11103, 56843,20170410,   87,    0
 11103, 56843,20170411,   78,    0
 11103, 56843,20170412,  113,    0
 11103, 56843,20170413,   75,    0
 11103, 56843,20170414,  104,    1
 11103, 56843,20170415,   70,    0
 11103, 56843,20170416,-9999,    9
 11103, 56843,20170417,   68,    0
 11103, 56843,20170418,-9999,    9
 11103, 56843,20170419,   75,    0
 11103, 56843,20170420,-9999,    9
 11103, 56843,20170421,-9999,    9
 11103, 56843,20170422,-9999,    9
 11103, 56843,20170423,-9999,    9
 11103, 56843,20170424,   87,    1
 11103, 56843,20170425,   26,    0
 11103, 56843,20170426,   52,    0
 11103, 56843,20170427,-9999,    9
 11103, 56843,20170428,   58,    0
 11103, 56843,20170429,   62,    0
 11103, 56843,20170430,   83,    0
 11103, 56843,20170501,-9999,    9
 11103, 56843,20170502,   90,    0
 11103, 56843,20170503,   96,    0
 11103, 56843,20170504,-9999,    9
 11103, 56843,20170505,-9999,    9
 11103, 56843,20170506,   75,    0
 11103, 56843,20170507,-9999,    9
 11103, 56843,20170508,-9999,    9
 11103, 56843,20170509,   94,    0
 11103, 56843,20170510,-9999,    9
 11103, 56843,20170511,-9999,    9
 11103, 56843,20170512,  104,    0
 11103, 56843,20170513,-9999,    9
 11103, 56843,20170514,-9999,    9
 11103, 56843,20170515,  112,    0
 11103, 56843,20170516,-9999,    9
 11103, 56843,20170517,  123,    0
 11103, 56843,20170518,-9999,    9
 11103, 56843,20170519,  111,    0
 11103, 56843,20170520,  102,    0
 11103, 56843,20170521,  103,    0
 11103, 56843,20170522,-9999,    9
 11103, 56843,20170523,  140,    0
 11103, 56843,20170524,  161,    0
 11103, 56843,20170525,-9999,    9
 11103, 56843,20170526,-9999,    9
 11103, 56843,20170527,-9999,    9
 11103, 56843,20170528,-9999,    9
 11103, 56843,20170529,  139,    0
 11103, 56843,20170530,  158,    0
 11103, 56843,20170531,  132,    0
 11103, 56843,20170601,  174,    0
 11103, 56843,20170602,  153,    0
 11103, 56843,20170603,  158,    0
 11103, 56843,20170604,  133,    0
 11103, 56843,20170605,  115,    0
 11103, 56843,20170606,  134,    0
 11103, 56843,20170607,  138,    0
 11103, 56843,20170608,  161,    0
 11103, 56843,20170609,  147,    0
 11103, 56843,20170610,  148,    0
 11103, 56843,20170611,  160,    0
 11103, 56843,20170612,  151,    0
 11103, 56843,20170613,  157,    0
 11103, 56843,20170614,  163,    0
 11103, 56843,20170615,  164,    0
 11103, 56843,20170616,  174,    0
 11103, 56843,20170617,  202,    0
 11103, 56843,20170618,  199,    0
 11103, 56843,20170619,  211,    1
 11103, 56843,20170620,  168,    0
 11103, 56843,20170621,  196,    0
 11103, 56843,20170622,  184,    0
 11103, 56843,20170623,  164,    0
 11103, 56843,20170624,  157,    0
 11103, 56843,20170625,  152,    0
 11103, 56843,20170626,  122,    0
 11103, 56843,20170627,  133,    1
 11103, 56843,20170628,  120,    0
 11103, 56843,20170629,  128,    0
 11103, 56843,20170630,  149,    0
 11103, 56843,20170701,-9999,    9
 11103, 56843,20170702,  127,    0
 11103, 56843,20170703,-9999,    9
 11103, 56843,20170704,-9999,    9
 11103, 56843,20170705,  153,    0
 11103, 56843,20170706,-9999,    9
 11103, 56843,20170707,-9999,    9
 11103, 56843,20170708,  148,    0
 11103, 56843,20170709,-9999,    9
 11103, 56843,20170710,-9999,    9
 11103, 56843,20170711,  136,    0
 11103, 56843,20170712,  142,    0
 11103, 56843,20170713,-9999,    9
 11103, 56843,20170714,-9999,    9
 11103, 56843,20170715,  159,    0
 11103, 56843,20170716,  174,    0
 11103, 56843,20170717,-9999,    9
 11103, 56843,20170718,-9999,    9
 11103, 56843,20170719,-9999,    9
 11103, 56843,20170720,  159,    0
 11103, 56843,20170721,-9999,    9
 11103, 56843,20170722,  152,    0
 11103, 56843,20170723,-9999,    9
 11103, 56843,20170724,  145,    0
 11103, 56843,20170725,-9999,    9
 11103, 56843,20170726,-9999,    9
 11103, 56843,20170727,-9999,    9
 11103, 56843,20170728,  152,    0
 11103, 56843,20170729,-9999,    9
 11103, 56843,20170730,-9999,    9
 11103, 56843,20170731,  142,    0
 11103, 56843,20170801,  143,    0
 11103, 56843,20170802,  152,    0
 11103, 56843,20170803,  167,    0
 11103, 56843,20170804,  180,    0
 11103, 56843,20170805,  149,    0
 11103, 56843,20170806,  158,    0
 11103, 56843,20170807,-9999,    9
 11103, 56843,20170808,  134,    0
 11103, 56843,20170809,  145,    0
 11103, 56843,20170810,-9999,    9
 11103, 56843,20170811,-9999,    9
 11103, 56843,20170812,-9999,    9
 11103, 56843,20170813,-9999,    9
 11103, 56843,20170814,  157,    0
 11103, 56843,20170815,-9999,    9
 11103, 56843,20170816,-9999,    9
 11103, 56843,20170817,-9999,    9
 11103, 56843,20170818,  152,    0
 11103, 56843,20170819,  143,    0
 11103, 56843,20170820,  153,    0
 11103, 56843,20170821,  140,    0
 11103, 56843,20170822,-9999,    9
 11103, 56843,20170823,-9999,    9
 11103, 56843,20170824,  142,    0
 11103, 56843,20170825,  146,    0
 11103, 56843,20170826,-9999,    9
 11103, 56843,20170827,  149,    0
 11103, 56843,20170828,-9999,    9
 11103, 56843,20170829,-9999,    9
 11103, 56843,20170830,  132,    0
 11103, 56843,20170831,-9999,    9
 11103, 56843,20170901,  122,    0
 11103, 56843,20170902,  135,    0
 11103, 56843,20170903,  142,    0
 11103, 56843,20170904,  166,    0
 11103, 56843,20170905,  166,    1
 11103, 56843,20170906,  132,    0
 11103, 56843,20170907,  148,    0
 11103, 56843,20170908,  149,    0
 11103, 56843,20170909,-9999,    9
 11103, 56843,20170910,  115,    0
 11103, 56843,20170911,  136,    0
 11103, 56843,20170912,  138,    0
 11103, 56843,20170913,-9999,    9
 11103, 56843,20170914,-9999,    9
 11103, 56843,20170915,-9999,    9
 11103, 56843,20170916,-9999,    9
 11103, 56843,20170917,-9999,    9
 11103, 56843,20170918,-9999,    9
 11103, 56843,20170919,-9999,    9
 11103, 56843,20170920,-9999,    9
 11103, 56843,20170921,-9999,    9
 11103, 56843,20170922,-9999,    9
 11103, 56843,20170923,-9999,    9
 11103, 56843,20170924,-9999,    9
 11103, 56843,20170925,-9999,    9
 11103, 56843,20170926,-9999,    9
 11103, 56843,20170927,-9999,    9
 11103, 56843,20170928,-9999,    9
 11103, 56843,20170929,-9999,    9
 11103, 56843,20170930,-9999,    9
 11103, 56843,20171001,-9999,    9
 11103, 56843,20171002,-9999,    9
 11103, 56843,20171003,-9999,    9
 11103, 56843,20171004,-9999,    9
 11103, 56843,20171005,-9999,    9
 11103, 56843,20171006,-9999,    9
 11103, 56843,20171007,-9999,    9
 11103, 56843,20171008,-9999,    9
 11103, 56843,20171009,-9999,    9
 11103, 56843,20171010,-9999,    9
 11103, 56843,20171011,-9999,    9
 11103, 56843,20171012,-9999,    9
 11103, 56843,20171013,-9999,    9
 11103, 56843,20171014,-9999,    9
 11103, 56843,20171015,-9999,    9
 11103, 56843,20171016,-9999,    9
 11103, 56843,20171017,-9999,    9
 11103, 56843,20171018,-9999,    9
 11103, 56843,20171019,-9999,    9
 11103, 56843,20171020,-9999,    9
 11103, 56843,20171021,-9999,    9
 11103, 56843,20171022,-9999,    9
 11103, 56843,20171023,-9999,    9
 11103, 56843,20171024,-9999,    9
 11103, 56843,20171025,-9999,    9
 11103, 56843,20171026,-9999,    9
 11103, 56843,20171027,-9999,    9
 11103, 56843,20171028,-9999,    9
 11103, 56843,20171029,-9999,    9
 11103, 56843,20171030,-9999,    9
 11103, 56843,20171031,-9999,    9
 11103, 56843,20171101,-9999,    9
 11103, 56843,20171102,-9999,    9
 11103, 56843,20171103,-9999,    9
 11103, 56843,20171104,-9999,    9
 11103, 56843,20171105,-9999,    9
 11103, 56843,20171106,-9999,    9
 11103, 56843,20171107,-9999,    9
 11103, 56843,20171108,-9999,    9
 11103, 56843,20171109,-9999,    9
 11103, 56843,20171110,-9999,    9
 11103, 56843,20171111,-9999,    9
 11103, 56843,20171112,-9999,    9
 11103, 56843,20171113,-9999,    9
 11103, 56843,20171114,-9999,    9
 11103, 56843,20171115,-9999,    9
 11103, 56843,20171116,-9999,    9
 11103, 56843,20171117,-9999,    9
 11103, 56843,20171118,-9999,    9
 11103, 56843,20171119,-9999,    9
 11103, 56843,20171120,-9999,    9
 11103, 56843,20171121,-9999,    9
 11103, 56843,20171122,-9999,    9
 11103, 56843,20171123,-9999,    9
 11103, 56843,20171124,-9999,    9
 11103, 56843,20171125,-9999,    9
 11103, 56843,20171126,-9999,    9
 11103, 56843,20171127,-9999,    9
 11103, 56843,20171128,-9999,    9
 11103, 56843,20171129,-9999,    9
 11103, 56843,20171130,   11,    0
 11103, 56843,20171201,   21,    0
 11103, 56843,20171202,   52,    0
 11103, 56843,20171203,   56,    0
 11103, 56843,20171204,   40,    0
 11103, 56843,20171205,   68,    0
 11103, 56843,20171206,   91,    1
 11103, 56843,20171207,   84,    1
 11103, 56843,20171208,   16,    0
 11103, 56843,20171209,   -2,    0
 11103, 56843,20171210,    0,    0
 11103, 56843,20171211,   -7,    0
 11103, 56843,20171212,    6,    0
 11103, 56843,20171213,   22,    0
 11103, 56843,20171214,   32,    0
 11103, 56843,20171215,   19,    0
 11103, 56843,20171216,   13,    0
 11103, 56843,20171217,   24,    0
 11103, 56843,20171218,   32,    0
 11103, 56843,20171219,   45,    0
 11103, 56843,20171220,   72,    0
 11103, 56843,20171221,   78,    0
 11103, 56843,20171222,   80,    0
 11103, 56843,20171223,   90,    0
 11103, 56843,20171224,  102,    0
 11103, 56843,20171225,  109,    1
 11103, 56843,20171226,   42,    0
 11103, 56843,20171227,-9999,    9
 11103, 56843,20171228,   21,    0
 11103, 56843,20171229,   10,    0
 11103, 56843,20171230,   53,    0
 11103, 56843,20171231,   61,    0
 11103, 56843,20180101,-9999,    9
 11103, 56843,20180102,-9999,    9
 11103, 56843,20180103,-9999,    9
 11103, 56843,20180104,-9999,    9
 11103, 56843,20180105,-9999,    9
 11103, 56843,20180106,-9999,    9
 11103, 56843,20180107,-9999,    9
 11103, 56843,20180108,-9999,    9
 11103, 56843,20180109,-9999,    9
 11103, 56843,20180110,-9999,    9
 11103, 56843,20180111,-9999,    9
 11103, 56843,20180112,-9999,    9
 11103, 56843,20180113,-9999,    9
 11103, 56843,20180114,-9999,    9
 11103, 56843,20180115,-9999,    9
 11103, 56843,20180116,-9999,    9
 11103, 56843,20180117,-9999,    9
 11103, 56843,20180118,-9999,    9
 11103, 56843,20180119,-9999,    9
 11103, 56843,20180120,-9999,    9
 11103, 56843,20180121,-9999,    9
 11103, 56843,20180122,-9999,    9
 11103, 56843,20180123,-9999,    9
 11103, 56843,20180124,-9999,    9
 11103, 56843,20180125,-9999,    9
 11103, 56843,20180126,-9999,    9
 11103, 56843,20180127,-9999,    9
 11103, 56843,20180128,-9999,    9
 11103, 56843,20180129,-9999,    9
 11103, 56843,20180130,-9999,    9
 11103, 56843,20180131,-9999,    9
 11103, 56843,20180201,-9999,    9
 11103, 56843,20180202,-9999,    9
 11103, 56843,20180203,-9999,    9
 11103, 56843,20180204,-9999,    9
 11103, 56843,20180205,-9999,    9
 11103, 56843,20180206,-9999,    9
 11103, 56843,20180207,-9999,    9
 11103, 56843,20180208,-9999,    9
 11103, 56843,20180209,-9999,    9
 11103, 56843,20180210,-9999,    9
 11103, 56843,20180211,-9999,    9
 11103, 56843,20180212,-9999,    9
 11103, 56843,20180213,-9999,    9
 11103, 56843,20180214,-9999,    9
 11103, 56843,20180215,-9999,    9
 11103, 56843,20180216,-9999,    9
 11103, 56843,20180217,-9999,    9
 11103, 56843,20180218,-9999,    9
 11103, 56843,20180219,-9999,    9
 11103, 56843,20180220,-9999,    9
 11103, 56843,20180221,-9999,    9
 11103, 56843,20180222,-9999,    9
 11103, 56843,20180223,-9999,    9
 11103, 56843,20180224,-9999,    9
 11103, 56843,20180225,-9999,    9
 11103, 56843,20180226,-9999,    9
 11103, 56843,20180227,-9999,    9
 11103, 56843,20180228,-9999,    9
 11103, 56843,20180301,-9999,    9
 11103, 56843,20180302,-9999,    9
 11103, 56843,20180303,-9999,    9
 11103, 56843,20180304,-9999,    9
 11103, 56843,20180305,-9999,    9
 11103, 56843,20180306,-9999,    9
 11103, 56843,20180307,-9999,    9
 11103, 56843,20180308,-9999,    9
 11103, 56843,20180309,-9999,    9
 11103, 56843,20180310,-9999,    9
 11103, 56843,20180311,-9999,    9
 11103, 56843,20180312,-9999,    9
 11103, 56843,20180313,-9999,    9
 11103, 56843,20180314,-9999,    9
 11103, 56843,20180315,-9999,    9
 11103, 56843,20180316,-9999,    9
 11103, 56843,20180317,-9999,    9
 11103, 56843,20180318,-9999,    9
 11103, 56843,20180319,-9999,    9
 11103, 56843,20180320,-9999,    9
 11103, 56843,20180321,-9999,    9
 11103, 56843,20180322,-9999,    9
 11103, 56843,20180323,-9999,    9
 11103, 56843,20180324,-9999,    9
 11103, 56843,20180325,-9999,    9
 11103, 56843,20180326,-9999,    9
 11103, 56843,20180327,-9999,    9
 11103, 56843,20180328,-9999,    9
 11103, 56843,20180329,-9999,    9
 11103, 56843,20180330,-9999,    9
 11103, 56843,20180331,-9999,    9
 11103, 56843,20180401,-9999,    9
 11103, 56843,20180402,-9999,    9
 11103, 56843,20180403,-9999,    9
 11103, 56843,20180404,-9999,    9
 11103, 56843,20180405,-9999,    9
 11103, 56843,20180406,-9999,    9
 11103, 56843,20180407,-9999,    9
 11103, 56843,20180408,-9999,    9
 11103, 56843,20180409,-9999,    9
 11103, 56843,20180410,-9999,    9
 11103, 56843,20180411,-9999,    9
 11103, 56843,20180412,-9999,    9
 11103, 56843,20180413,-9999,    9
 11103, 56843,20180414,-9999,    9
 11103, 56843,20180415,-9999,    9
 11103, 56843,20180416,-9999,    9
 11103, 56843,20180417,-9999,    9
 11103, 56843,20180418,-9999,    9
 11103, 56843,20180419,-9999,    9
 11103, 56843,20180420,-9999,    9
 11103, 56843,20180421,-9999,    9
 11103, 56843,20180422,-9999,    9
 11103, 56843,20180423,-9999,    9
 11103, 56843,20180424,-9999,    9
 11103, 56843,20180425,-9999,    9
 11103, 56843,20180426,-9999,    9
 11103, 56843,20180427,-9999,    9
 11103, 56843,20180428,-9999,    9
 11103, 56843,20180429,-9999,    9
 11103, 56843,20180430,-9999,    9
 11103, 56843,20180501,-9999,    9
 11103, 56843,20180502,-9999,    9
 11103, 56843,20180503,-9999,    9
 11103, 56843,20180504,-9999,    9
 11103, 56843,20180505,-9999,    9
 11103, 56843,20180506,-9999,    9
 11103, 56843,20180507,-9999,    9
 11103, 56843,20180508,-9999,    9
 11103, 56843,20180509,-9999,    9
 11103, 56843,20180510,-9999,    9
 11103, 56843,20180511,-9999,    9
 11103, 56843,20180512,-9999,    9
 11103, 56843,20180513,-9999,    9
 11103, 56843,20180514,-9999,    9
 11103, 56843,20180515,-9999,    9
 11103, 56843,20180516,-9999,    9
 11103, 56843,20180517,-9999,    9
 11103, 56843,20180518,-9999,    9
 11103, 56843,20180519,-9999,    9
 11103, 56843,20180520,-9999,    9
 11103, 56843,20180521,-9999,    9
 11103, 56843,20180522,-9999,    9
 11103, 56843,20180523,-9999,    9
 11103, 56843,20180524,-9999,    9
 11103, 56843,20180525,-9999,    9
 11103, 56843,20180526,-9999,    9
 11103, 56843,20180527,-9999,    9
 11103, 56843,20180528,-9999,    9
 11103, 56843,20180529,-9999,    9
 11103, 56843,20180530,-9999,    9
 11103, 56843,20180531,-9999,    9
 11103, 56843,20180601,-9999,    9
 11103, 56843,20180602,-9999,    9
 11103, 56843,20180603,-9999,    9
 11103, 56843,20180604,-9999,    9
 11103, 56843,20180605,-9999,    9
 11103, 56843,20180606,-9999,    9
 11103, 56843,20180607,-9999,    9
 11103, 56843,20180608,-9999,    9
 11103, 56843,20180609,-9999,    9
 11103, 56843,20180610,-9999,    9
 11103, 56843,20180611,-9999,    9
 11103, 56843,20180612,-9999,    9
 11103, 56843,20180613,-9999,    9
 11103, 56843,20180614,-9999,    9
 11103, 56843,20180615,-9999,    9
 11103, 56843,20180616,-9999,    9
 11103, 56843,20180617,-9999,    9
 11103, 56843,20180618,-9999,    9
 11103, 56843,20180619,-9999,    9
 11103, 56843,20180620,-9999,    9
 11103, 56843,20180621,-9999,    9
 11103, 56843,20180622,-9999,    9
 11103, 56843,20180623,-9999,    9
 11103, 56843,20180624,-9999,    9
 11103, 56843,20180625,-9999,    9
 11103, 56843,20180626,-9999,    9
 11103, 56843,20180627,-9999,    9
 11103, 56843,20180628,-9999,    9
 11103, 56843,20180629,-9999,    9
 11103, 56843,20180630,-9999,    9
 11103, 56843,20180701,-9999,    9
 11103, 56843,20180702,-9999,    9
 11103, 56843,20180703,-9999,    9
 11103, 56843,20180704,-9999,    9
 11103, 56843,20180705,-9999,    9
 11103, 56843,20180706,-9999,    9
 11103, 56843,20180707,-9999,    9
 11103, 56843,20180708,-9999,    9
 11103, 56843,20180709,-9999,    9
 11103, 56843,20180710,-9999,    9
 11103, 56843,20180711,-9999,    9
 11103, 56843,20180712,-9999,    9
 11103, 56843,20180713,-9999,    9
 11103, 56843,20180714,-9999,    9
 11103, 56843,20180715,-9999,    9
 11103, 56843,20180716,-9999,    9
 11103, 56843,20180717,-9999,    9
 11103, 56843,20180718,-9999,    9
 11103, 56843,20180719,-9999,    9
 11103, 56843,20180720,-9999,    9
 11103, 56843,20180721,-9999,    9
 11103, 56843,20180722,-9999,    9
 11103, 56843,20180723,-9999,    9
 11103, 56843,20180724,-9999,    9
 11103, 56843,20180725,-9999,    9
 11103, 56843,20180726,-9999,    9
 11103, 56843,20180727,-9999,    9
 11103, 56843,20180728,-9999,    9
 11103, 56843,20180729,-9999,    9
 11103, 56843,20180730,-9999,    9
 11103, 56843,20180731,-9999,    9
 11103, 56843,20180801,-9999,    9
 11103, 56843,20180802,-9999,    9
 11103, 56843,20180803,-9999,    9
 11103, 56843,20180804,-9999,    9
 11103, 56843,20180805,-9999,    9
 11103, 56843,20180806,-9999,    9
 11103, 56843,20180807,-9999,    9
 11103, 56843,20180808,-9999,    9
 11103, 56843,20180809,-9999,    9
 11103, 56843,20180810,-9999,    9
 11103, 56843,20180811,-9999,    9
 11103, 56843,20180812,-9999,    9
 11103, 56843,20180813,-9999,    9
 11103, 56843,20180814,-9999,    9
 11103, 56843,20180815,-9999,    9
 11103, 56843,20180816,-9999,    9
 11103, 56843,20180817,-9999,    9
 11103, 56843,20180818,-9999,    9
 11103, 56843,20180819,-9999,    9
 11103, 56843,20180820,-9999,    9
 11103, 56843,20180821,-9999,    9
 11103, 56843,20180822,-9999,    9
 11103, 56843,20180823,-9999,    9
 11103, 56843,20180824,-9999,    9
 11103, 56843,20180825,-9999,    9
 11103, 56843,20180826,-9999,    9
 11103, 56843,20180827,-9999,    9
 11103, 56843,20180828,-9999,    9
 11103, 56843,20180829,-9999,    9
 11103, 56843,20180830,-9999,    9
 11103, 56843,20180831,-9999,    9
 11103, 56843,20180901,-9999,    9
 11103, 56843,20180902,-9999,    9
 11103, 56843,20180903,-9999,    9
 11103, 56843,20180904,-9999,    9
 11103, 56843,20180905,-9999,    9
 11103, 56843,20180906,-9999,    9
 11103, 56843,20180907,-9999,    9
 11103, 56843,20180908,-9999,    9
 11103, 56843,20180909,-9999,    9
 11103, 56843,20180910,-9999,    9
 11103, 56843,20180911,-9999,    9
 11103, 56843,20180912,-9999,    9
 11103, 56843,20180913,-9999,    9
 11103, 56843,20180914,-9999,    9
 11103, 56843,20180915,-9999,    9
 11103, 56843,20180916,-9999,    9
 11103, 56843,20180917,-9999,    9
 11103, 56843,20180918,-9999,    9
 11103, 56843,20180919,-9999,    9
 11103, 56843,20180920,-9999,    9
 11103, 56843,20180921,-9999,    9
 11103, 56843,20180922,-9999,    9
 11103, 56843,20180923,-9999,    9
 11103, 56843,20180924,-9999,    9
 11103, 56843,20180925,-9999,    9
 11103, 56843,20180926,-9999,    9
 11103, 56843,20180927,-9999,    9
 11103, 56843,20180928,-9999,    9
 11103, 56843,20180929,-9999,    9
 11103, 56843,20180930,-9999,    9
 11103, 56843,20181001,-9999,    9
 11103, 56843,20181002,-9999,    9
 11103, 56843,20181003,-9999,    9
 11103, 56843,20181004,-9999,    9
 11103, 56843,20181005,-9999,    9
 11103, 56843,20181006,-9999,    9
 11103, 56843,20181007,-9999,    9
 11103, 56843,20181008,-9999,    9
 11103, 56843,20181009,-9999,    9
 11103, 56843,20181010,-9999,    9
 11103, 56843,20181011,-9999,    9
 11103, 56843,20181012,-9999,    9
 11103, 56843,20181013,-9999,    9
 11103, 56843,20181014,-9999,    9
 11103, 56843,20181015,-9999,    9
 11103, 56843,20181016,-9999,    9
 11103, 56843,20181017,-9999,    9
 11103, 56843,20181018,-9999,    9
 11103, 56843,20181019,-9999,    9
 11103, 56843,20181020,-9999,    9
 11103, 56843,20181021,-9999,    9
 11103, 56843,20181022,-9999,    9
 11103, 56843,20181023,-9999,    9
 11103, 56843,20181024,-9999,    9
 11103, 56843,20181025,-9999,    9
 11103, 56843,20181026,-9999,    9
 11103, 56843,20181027,-9999,    9
 11103, 56843,20181028,-9999,    9
 11103, 56843,20181029,-9999,    9
 11103, 56843,20181030,-9999,    9
 11103, 56843,20181031,-9999,    9
 11103, 56843,20181101,-9999,    9
 11103, 56843,20181102,-9999,    9
 11103, 56843,20181103,-9999,    9
 11103, 56843,20181104,-9999,    9
 11103, 56843,20181105,-9999,    9
 11103, 56843,20181106,-9999,    9
 11103, 56843,20181107,-9999,    9
 11103, 56843,20181108,-9999,    9
 11103, 56843,20181109,-9999,    9
 11103, 56843,20181110,-9999,    9
 11103, 56843,20181111,-9999,    9
 11103, 56843,20181112,-9999,    9
 11103, 56843,20181113,-9999,    9
 11103, 56843,20181114,-9999,    9
 11103, 56843,20181115,-9999,    9
 11103, 56843,20181116,-9999,    9
 11103, 56843,20181117,-9999,    9
 11103, 56843,20181118,-9999,    9
 11103, 56843,20181119,-9999,    9
 11103, 56843,20181120,-9999,    9
 11103, 56843,20181121,-9999,    9
 11103, 56843,20181122,-9999,    9
 11103, 56843,20181123,-9999,    9
 11103, 56843,20181124,-9999,    9
 11103, 56843,20181125,-9999,    9
 11103, 56843,20181126,-9999,    9
 11103, 56843,20181127,-9999,    9
 11103, 56843,20181128,-9999,    9
 11103, 56843,20181129,-9999,    9
 11103, 56843,20181130,-9999,    9
 11103, 56843,20181201,-9999,    9
 11103, 56843,20181202,-9999,    9
 11103, 56843,20181203,-9999,    9
 11103, 56843,20181204,-9999,    9
 11103, 56843,20181205,-9999,    9
 11103, 56843,20181206,-9999,    9
 11103, 56843,20181207,-9999,    9
 11103, 56843,20181208,-9999,    9
 11103, 56843,20181209,-9999,    9
 11103, 56843,20181210,-9999,    9
 11103, 56843,20181211,-9999,    9
 11103, 56843,20181212,-9999,    9
 11103, 56843,20181213,-9999,    9
 11103, 56843,20181214,-9999,    9
 11103, 56843,20181215,-9999,    9
 11103, 56843,20181216,-9999,    9
 11103, 56843,20181217,-9999,    9
 11103, 56843,20181218,-9999,    9
 11103, 56843,20181219,-9999,    9
 11103, 56843,20181220,-9999,    9
 11103, 56843,20181221,-9999,    9
 11103, 56843,20181222,-9999,    9
 11103, 56843,20181223,-9999,    9
 11103, 56843,20181224,-9999,    9
 11103, 56843,20181225,-9999,    9
 11103, 56843,20181226,-9999,    9
 11103, 56843,20181227,-9999,    9
 11103, 56843,20181228,-9999,    9
 11103, 56843,20181229,-9999,    9
 11103, 56843,20181230,-9999,    9
 11103, 56843,20181231,-9999,    9
 11103, 56843,20190101,-9999,    9
 11103, 56843,20190102,-9999,    9
 11103, 56843,20190103,-9999,    9
 11103, 56843,20190104,-9999,    9
 11103, 56843,20190105,-9999,    9
 11103, 56843,20190106,-9999,    9
 11103, 56843,20190107,-9999,    9
 11103, 56843,20190108,-9999,    9
 11103, 56843,20190109,-9999,    9
 11103, 56843,20190110,-9999,    9
 11103, 56843,20190111,-9999,    9
 11103, 56843,20190112,-9999,    9
 11103, 56843,20190113,-9999,    9
 11103, 56843,20190114,-9999,    9
 11103, 56843,20190115,-9999,    9
 11103, 56843,20190116,-9999,    9
 11103, 56843,20190117,-9999,    9
 11103, 56843,20190118,-9999,    9
 11103, 56843,20190119,-9999,    9
 11103, 56843,20190120,-9999,    9
 11103, 56843,20190121,-9999,    9
 11103, 56843,20190122,-9999,    9
 11103, 56843,20190123,-9999,    9
 11103, 56843,20190124,-9999,    9
 11103, 56843,20190125,-9999,    9
 11103, 56843,20190126,-9999,    9
 11103, 56843,20190127,-9999,    9
 11103, 56843,20190128,-9999,    9
 11103, 56843,20190129,-9999,    9
 11103, 56843,20190130,-9999,    9
 11103, 56843,20190131,-9999,    9
 11103, 56843,20190201,-9999,    9
 11103, 56843,20190202,-9999,    9
 11103, 56843,20190203,-9999,    9
 11103, 56843,20190204,-9999,    9
 11103, 56843,20190205,-9999,    9
 11103, 56843,20190206,-9999,    9
 11103, 56843,20190207,-9999,    9
 11103, 56843,20190208,-9999,    9
 11103, 56843,20190209,-9999,    9
 11103, 56843,20190210,-9999,    9
 11103, 56843,20190211,-9999,    9
 11103, 56843,20190212,-9999,    9
 11103, 56843,20190213,-9999,    9
 11103, 56843,20190214,-9999,    9
 11103, 56843,20190215,-9999,    9
 11103, 56843,20190216,-9999,    9
 11103, 56843,20190217,-9999,    9
 11103, 56843,20190218,-9999,    9
 11103, 56843,20190219,-9999,    9
 11103, 56843,20190220,-9999,    9
 11103, 56843,20190221,-9999,    9
 11103, 56843,20190222,-9999,    9
 11103, 56843,20190223,-9999,    9
 11103, 56843,20190224,-9999,    9
 11103, 56843,20190225,-9999,    9
 11103, 56843,20190226,-9999,    9
 11103, 56843,20190227,-9999,    9
 11103, 56843,20190228,-9999,    9
 11103, 56843,20190301,-9999,    9
 11103, 56843,20190302,-9999,    9
 11103, 56843,20190303,-9999,    9
 11103, 56843,20190304,-9999,    9
 11103, 56843,20190305,-9999,    9
 11103, 56843,20190306,-9999,    9
 11103, 56843,20190307,-9999,    9
 11103, 56843,20190308,-9999,    9
 11103, 56843,20190309,-9999,    9
 11103, 56843,20190310,-9999,    9
 11103, 56843,20190311,-9999,    9
 11103, 56843,20190312,-9999,    9
 11103, 56843,20190313,-9999,    9
 11103, 56843,20190314,-9999,    9
 11103, 56843,20190315,-9999,    9
 11103, 56843,20190316,-9999,    9
 11103, 56843,20190317,-9999,    9
 11103, 56843,20190318,-9999,    9
 11103, 56843,20190319,-9999,    9
 11103, 56843,20190320,-9999,    9
 11103, 56843,20190321,-9999,    9
 11103, 56843,20190322,-9999,    9
 11103, 56843,20190323,-9999,    9
 11103, 56843,20190324,-9999,    9
 11103, 56843,20190325,-9999,    9
 11103, 56843,20190326,-9999,    9
 11103, 56843,20190327,-9999,    9
 11103, 56843,20190328,-9999,    9
 11103, 56843,20190329,-9999,    9
 11103, 56843,20190330,-9999,    9
 11103, 56843,20190331,-9999,    9
 11103, 56843,20190401,-9999,    9
 11103, 56843,20190402,-9999,    9
 11103, 56843,20190403,-9999,    9
 11103, 56843,20190404,-9999,    9
 11103, 56843,20190405,-9999,    9
 11103, 56843,20190406,-9999,    9
 11103, 56843,20190407,-9999,    9
 11103, 56843,20190408,-9999,    9
 11103, 56843,20190409,-9999,    9
 11103, 56843,20190410,-9999,    9
 11103, 56843,20190411,-9999,    9
 11103, 56843,20190412,-9999,    9
 11103, 56843,20190413,-9999,    9
 11103, 56843,20190414,-9999,    9
 11103, 56843,20190415,-9999,    9
 11103, 56843,20190416,-9999,    9
 11103, 56843,20190417,-9999,    9
 11103, 56843,20190418,-9999,    9
 11103, 56843,20190419,-9999,    9
 11103, 56843,20190420,-9999,    9
 11103, 56843,20190421,-9999,    9
 11103, 56843,20190422,-9999,    9
 11103, 56843,20190423,-9999,    9
 11103, 56843,20190424,-9999,    9
 11103, 56843,20190425,-9999,    9
 11103, 56843,20190426,-9999,    9
 11103, 56843,20190427,-9999,    9
 11103, 56843,20190428,-9999,    9
 11103, 56843,20190429,-9999,    9
 11103, 56843,20190430,-9999,    9
