EUROPEAN CLIMATE ASSESSMENT & DATASET (ECA&D), file created on: 13-05-2019
THESE DATA CAN BE USED FOR NON-COMMERCIAL RESEARCH AND EDUCATION PROVIDED THAT THE FOLLOWING SOURCE IS ACKNOWLEDGED: 

Klein Tank, A.M.G. and Coauthors, 2002. Daily dataset of 20th-century surface
air temperature and precipitation series for the European Climate Assessment.
Int. J. of Climatol., 22, 1441-1453.
Data and metadata available at http://www.ecad.eu

FILE FORMAT (MISSING VALUE CODE = -9999):

01-06 STAID: Station identifier
08-13 SOUID: Source identifier
15-22 DATE : Date YYYYMMDD
24-28 TG   : Mean temperature in 0.1 &#176;C
30-34 Q_TG : quality code for TG (0='valid'; 1='suspect'; 9='missing')

This is the blended series of station OSTMARK-ASARNA, SWEDEN (STAID: 11208)
Blended and updated with sources:71325 
See files sources.txt and stations.txt for more info.

STAID, SOUID,    DATE,   TG, Q_TG
 11208, 71325,20131101,   55,    0
 11208, 71325,20131102,   30,    0
 11208, 71325,20131103,   29,    0
 11208, 71325,20131104,   59,    0
 11208, 71325,20131105,   40,    0
 11208, 71325,20131106,   16,    0
 11208, 71325,20131107,    2,    0
 11208, 71325,20131108,   27,    0
 11208, 71325,20131109,   50,    0
 11208, 71325,20131110,    7,    0
 11208, 71325,20131111,  -21,    0
 11208, 71325,20131112,   60,    0
 11208, 71325,20131113,    7,    0
 11208, 71325,20131114,   -7,    0
 11208, 71325,20131115,   48,    0
 11208, 71325,20131116,   96,    0
 11208, 71325,20131117,   25,    0
 11208, 71325,20131118,   28,    0
 11208, 71325,20131119,   12,    0
 11208, 71325,20131120,  -44,    0
 11208, 71325,20131121,  -36,    0
 11208, 71325,20131122,  -80,    0
 11208, 71325,20131123, -100,    0
 11208, 71325,20131124,  -99,    0
 11208, 71325,20131125,  -31,    0
 11208, 71325,20131126,  -76,    0
 11208, 71325,20131127,   18,    0
 11208, 71325,20131128,   32,    0
 11208, 71325,20131129,  -19,    0
 11208, 71325,20131130,  -15,    0
 11208, 71325,20131201,   19,    0
 11208, 71325,20131202,  -38,    0
 11208, 71325,20131203,   29,    0
 11208, 71325,20131204,  -17,    0
 11208, 71325,20131205,    7,    0
 11208, 71325,20131206,  -22,    0
 11208, 71325,20131207,  -81,    0
 11208, 71325,20131208,  -94,    0
 11208, 71325,20131209,  -43,    0
 11208, 71325,20131210,   -3,    0
 11208, 71325,20131211,   -5,    0
 11208, 71325,20131212,   48,    0
 11208, 71325,20131213,  -39,    0
 11208, 71325,20131214,  -14,    0
 11208, 71325,20131215,   25,    0
 11208, 71325,20131216,   64,    0
 11208, 71325,20131217,   13,    0
 11208, 71325,20131218,  -14,    0
 11208, 71325,20131219,   38,    0
 11208, 71325,20131220,   27,    0
 11208, 71325,20131221,   44,    0
 11208, 71325,20131222,   50,    0
 11208, 71325,20131223,   10,    0
 11208, 71325,20131224,   51,    0
 11208, 71325,20131225,   53,    0
 11208, 71325,20131226,   43,    0
 11208, 71325,20131227,   20,    0
 11208, 71325,20131228,   50,    0
 11208, 71325,20131229,   32,    0
 11208, 71325,20131230,  -22,    0
 11208, 71325,20131231,   36,    0
 11208, 71325,20140101,   27,    0
 11208, 71325,20140102,   17,    0
 11208, 71325,20140103,   26,    0
 11208, 71325,20140104,   47,    0
 11208, 71325,20140105,   13,    0
 11208, 71325,20140106,   15,    0
 11208, 71325,20140107,   61,    0
 11208, 71325,20140108,   56,    0
 11208, 71325,20140109,   28,    0
 11208, 71325,20140110,  -12,    0
 11208, 71325,20140111,  -70,    0
 11208, 71325,20140112, -133,    0
 11208, 71325,20140113, -153,    0
 11208, 71325,20140114,  -82,    0
 11208, 71325,20140115,  -69,    0
 11208, 71325,20140116,  -63,    0
 11208, 71325,20140117,  -75,    0
 11208, 71325,20140118,  -75,    0
 11208, 71325,20140119,  -57,    0
 11208, 71325,20140120,  -61,    0
 11208, 71325,20140121,  -69,    0
 11208, 71325,20140122,  -84,    0
 11208, 71325,20140123, -105,    0
 11208, 71325,20140124,  -86,    0
 11208, 71325,20140125,  -66,    0
 11208, 71325,20140126,  -60,    0
 11208, 71325,20140127,  -37,    0
 11208, 71325,20140128,  -23,    0
 11208, 71325,20140129,  -48,    0
 11208, 71325,20140130,  -55,    0
 11208, 71325,20140131,  -45,    0
 11208, 71325,20140201,  -39,    0
 11208, 71325,20140202,   14,    0
 11208, 71325,20140203,   24,    0
 11208, 71325,20140204,    8,    0
 11208, 71325,20140205,   -5,    0
 11208, 71325,20140206,   -8,    0
 11208, 71325,20140207,   17,    0
 11208, 71325,20140208,   19,    0
 11208, 71325,20140209,   17,    0
 11208, 71325,20140210,   26,    0
 11208, 71325,20140211,   10,    0
 11208, 71325,20140212,    8,    0
 11208, 71325,20140213,   11,    0
 11208, 71325,20140214,   14,    0
 11208, 71325,20140215,   18,    0
 11208, 71325,20140216,   28,    0
 11208, 71325,20140217,   -4,    0
 11208, 71325,20140218,  -47,    0
 11208, 71325,20140219,  -43,    0
 11208, 71325,20140220,  -17,    0
 11208, 71325,20140221,   10,    0
 11208, 71325,20140222,   22,    0
 11208, 71325,20140223,   43,    0
 11208, 71325,20140224,   59,    0
 11208, 71325,20140225,   16,    0
 11208, 71325,20140226,   17,    0
 11208, 71325,20140227,   23,    0
 11208, 71325,20140228,   18,    0
 11208, 71325,20140301,   14,    0
 11208, 71325,20140302,    6,    0
 11208, 71325,20140303,   10,    0
 11208, 71325,20140304,   13,    0
 11208, 71325,20140305,   15,    0
 11208, 71325,20140306,   39,    0
 11208, 71325,20140307,   55,    0
 11208, 71325,20140308,   45,    0
 11208, 71325,20140309,   75,    0
 11208, 71325,20140310,   58,    0
 11208, 71325,20140311,   25,    0
 11208, 71325,20140312,   41,    0
 11208, 71325,20140313,   38,    0
 11208, 71325,20140314,   32,    0
 11208, 71325,20140315,   29,    0
 11208, 71325,20140316,  -13,    0
 11208, 71325,20140317,    6,    0
 11208, 71325,20140318,   -6,    0
 11208, 71325,20140319,  -32,    0
 11208, 71325,20140320,   16,    0
 11208, 71325,20140321,   63,    0
 11208, 71325,20140322,   41,    0
 11208, 71325,20140323,   42,    0
 11208, 71325,20140324,   32,    0
 11208, 71325,20140325,   21,    0
 11208, 71325,20140326,   34,    0
 11208, 71325,20140327,   60,    0
 11208, 71325,20140328,   35,    0
 11208, 71325,20140329,   57,    0
 11208, 71325,20140330,   54,    0
 11208, 71325,20140331,   51,    0
 11208, 71325,20140401,   -1,    0
 11208, 71325,20140402,    5,    0
 11208, 71325,20140403,   33,    0
 11208, 71325,20140404,   29,    0
 11208, 71325,20140405,   -3,    0
 11208, 71325,20140406,   59,    0
 11208, 71325,20140407,   78,    0
 11208, 71325,20140408,   44,    0
 11208, 71325,20140409,   17,    0
 11208, 71325,20140410,   23,    0
 11208, 71325,20140411,   71,    0
 11208, 71325,20140412,   20,    0
 11208, 71325,20140413,   78,    0
 11208, 71325,20140414,   43,    0
 11208, 71325,20140415,   46,    0
 11208, 71325,20140416,   40,    0
 11208, 71325,20140417,   60,    0
 11208, 71325,20140418,   51,    0
 11208, 71325,20140419,   66,    0
 11208, 71325,20140420,   80,    0
 11208, 71325,20140421,  100,    0
 11208, 71325,20140422,  113,    0
 11208, 71325,20140423,   91,    0
 11208, 71325,20140424,   47,    0
 11208, 71325,20140425,   72,    0
 11208, 71325,20140426,  105,    0
 11208, 71325,20140427,  116,    0
 11208, 71325,20140428,  117,    0
 11208, 71325,20140429,   83,    0
 11208, 71325,20140430,   27,    0
 11208, 71325,20140501,   35,    0
 11208, 71325,20140502,   32,    0
 11208, 71325,20140503,   44,    0
 11208, 71325,20140504,   40,    0
 11208, 71325,20140505,   50,    0
 11208, 71325,20140506,   50,    0
 11208, 71325,20140507,   20,    0
 11208, 71325,20140508,   24,    0
 11208, 71325,20140509,   48,    0
 11208, 71325,20140510,   74,    0
 11208, 71325,20140511,   74,    0
 11208, 71325,20140512,   77,    0
 11208, 71325,20140513,   92,    0
 11208, 71325,20140514,   77,    0
 11208, 71325,20140515,   71,    0
 11208, 71325,20140516,  143,    0
 11208, 71325,20140517,  136,    0
 11208, 71325,20140518,  153,    0
 11208, 71325,20140519,  157,    0
 11208, 71325,20140520,  161,    0
 11208, 71325,20140521,  149,    0
 11208, 71325,20140522,  199,    0
 11208, 71325,20140523,  182,    0
 11208, 71325,20140524,  173,    0
 11208, 71325,20140525,  159,    0
 11208, 71325,20140526,  145,    0
 11208, 71325,20140527,  104,    0
 11208, 71325,20140528,   95,    0
 11208, 71325,20140529,  135,    0
 11208, 71325,20140530,  143,    0
 11208, 71325,20140531,  147,    0
 11208, 71325,20140601,  154,    0
 11208, 71325,20140602,  157,    0
 11208, 71325,20140603,  138,    0
 11208, 71325,20140604,  138,    0
 11208, 71325,20140605,  150,    0
 11208, 71325,20140606,  169,    0
 11208, 71325,20140607,  138,    0
 11208, 71325,20140608,  174,    0
 11208, 71325,20140609,  187,    0
 11208, 71325,20140610,  185,    0
 11208, 71325,20140611,  184,    0
 11208, 71325,20140612,  138,    0
 11208, 71325,20140613,  136,    0
 11208, 71325,20140614,  149,    0
 11208, 71325,20140615,  149,    0
 11208, 71325,20140616,  142,    0
 11208, 71325,20140617,  129,    0
 11208, 71325,20140618,  164,    0
 11208, 71325,20140619,  143,    0
 11208, 71325,20140620,   99,    0
 11208, 71325,20140621,   89,    0
 11208, 71325,20140622,  105,    0
 11208, 71325,20140623,  104,    0
 11208, 71325,20140624,  126,    0
 11208, 71325,20140625,  128,    0
 11208, 71325,20140626,  115,    0
 11208, 71325,20140627,   88,    0
 11208, 71325,20140628,   91,    0
 11208, 71325,20140629,  100,    0
 11208, 71325,20140630,  133,    0
 11208, 71325,20140701,  130,    0
 11208, 71325,20140702,  135,    0
 11208, 71325,20140703,  155,    0
 11208, 71325,20140704,  147,    0
 11208, 71325,20140705,  195,    0
 11208, 71325,20140706,  214,    0
 11208, 71325,20140707,  210,    0
 11208, 71325,20140708,  222,    0
 11208, 71325,20140709,  238,    0
 11208, 71325,20140710,  214,    0
 11208, 71325,20140711,  204,    0
 11208, 71325,20140712,  185,    0
 11208, 71325,20140713,  176,    0
 11208, 71325,20140714,  184,    0
 11208, 71325,20140715,  173,    0
 11208, 71325,20140716,  206,    0
 11208, 71325,20140717,  178,    0
 11208, 71325,20140718,  176,    0
 11208, 71325,20140719,  191,    0
 11208, 71325,20140720,  196,    0
 11208, 71325,20140721,  212,    0
 11208, 71325,20140722,  216,    0
 11208, 71325,20140723,  224,    0
 11208, 71325,20140724,  208,    0
 11208, 71325,20140725,  213,    0
 11208, 71325,20140726,  222,    0
 11208, 71325,20140727,  179,    0
 11208, 71325,20140728,  199,    0
 11208, 71325,20140729,  209,    0
 11208, 71325,20140730,  184,    0
 11208, 71325,20140731,  157,    0
 11208, 71325,20140801,  176,    0
 11208, 71325,20140802,  188,    0
 11208, 71325,20140803,  180,    0
 11208, 71325,20140804,  192,    0
 11208, 71325,20140805,  160,    0
 11208, 71325,20140806,  177,    0
 11208, 71325,20140807,  169,    0
 11208, 71325,20140808,  161,    0
 11208, 71325,20140809,  174,    0
 11208, 71325,20140810,  174,    0
 11208, 71325,20140811,  146,    0
 11208, 71325,20140812,  131,    0
 11208, 71325,20140813,  133,    0
 11208, 71325,20140814,  138,    0
 11208, 71325,20140815,  152,    0
 11208, 71325,20140816,  124,    0
 11208, 71325,20140817,  138,    0
 11208, 71325,20140818,  121,    0
 11208, 71325,20140819,  116,    0
 11208, 71325,20140820,  130,    0
 11208, 71325,20140821,  122,    0
 11208, 71325,20140822,  121,    0
 11208, 71325,20140823,  119,    0
 11208, 71325,20140824,  109,    0
 11208, 71325,20140825,  132,    0
 11208, 71325,20140826,  115,    0
 11208, 71325,20140827,  111,    0
 11208, 71325,20140828,  113,    0
 11208, 71325,20140829,  102,    0
 11208, 71325,20140830,  114,    0
 11208, 71325,20140831,  127,    0
 11208, 71325,20140901,  110,    0
 11208, 71325,20140902,  132,    0
 11208, 71325,20140903,  159,    0
 11208, 71325,20140904,  162,    0
 11208, 71325,20140905,  106,    0
 11208, 71325,20140906,  113,    0
 11208, 71325,20140907,  130,    0
 11208, 71325,20140908,  130,    0
 11208, 71325,20140909,  130,    0
 11208, 71325,20140910,  132,    0
 11208, 71325,20140911,  121,    0
 11208, 71325,20140912,  118,    0
 11208, 71325,20140913,  103,    0
 11208, 71325,20140914,   94,    0
 11208, 71325,20140915,  102,    0
 11208, 71325,20140916,  101,    0
 11208, 71325,20140917,  102,    0
 11208, 71325,20140918,   91,    0
 11208, 71325,20140919,   89,    0
 11208, 71325,20140920,  110,    0
 11208, 71325,20140921,  101,    0
 11208, 71325,20140922,   65,    0
 11208, 71325,20140923,   16,    0
 11208, 71325,20140924,   64,    0
 11208, 71325,20140925,   88,    0
 11208, 71325,20140926,  100,    0
 11208, 71325,20140927,  104,    0
 11208, 71325,20140928,  126,    0
 11208, 71325,20140929,   80,    0
 11208, 71325,20140930,   45,    0
 11208, 71325,20141001,   62,    0
 11208, 71325,20141002,  106,    0
 11208, 71325,20141003,  114,    0
 11208, 71325,20141004,  128,    0
 11208, 71325,20141005,  116,    0
 11208, 71325,20141006,   91,    0
 11208, 71325,20141007,   66,    0
 11208, 71325,20141008,   95,    0
 11208, 71325,20141009,   98,    0
 11208, 71325,20141010,  101,    0
 11208, 71325,20141011,   58,    0
 11208, 71325,20141012,   87,    0
 11208, 71325,20141013,   51,    0
 11208, 71325,20141014,   66,    0
 11208, 71325,20141015,   51,    0
 11208, 71325,20141016,   20,    0
 11208, 71325,20141017,   30,    0
 11208, 71325,20141018,   61,    0
 11208, 71325,20141019,  122,    0
 11208, 71325,20141020,  101,    0
 11208, 71325,20141021,   62,    0
 11208, 71325,20141022,   43,    0
 11208, 71325,20141023,   35,    0
 11208, 71325,20141024,   93,    0
 11208, 71325,20141025,  105,    0
 11208, 71325,20141026,  111,    0
 11208, 71325,20141027,  136,    0
 11208, 71325,20141028,  145,    0
 11208, 71325,20141029,   69,    0
 11208, 71325,20141030,   -8,    0
 11208, 71325,20141031,  -11,    0
 11208, 71325,20141101,   53,    0
 11208, 71325,20141102,  105,    0
 11208, 71325,20141103,   94,    0
 11208, 71325,20141104,   73,    0
 11208, 71325,20141105,   17,    0
 11208, 71325,20141106,  -27,    0
 11208, 71325,20141107,  -15,    0
 11208, 71325,20141108,   20,    0
 11208, 71325,20141109,   74,    0
 11208, 71325,20141110,   72,    0
 11208, 71325,20141111,   62,    0
 11208, 71325,20141112,   38,    0
 11208, 71325,20141113,   47,    0
 11208, 71325,20141114,   51,    0
 11208, 71325,20141115,   48,    0
 11208, 71325,20141116,   41,    0
 11208, 71325,20141117,   30,    0
 11208, 71325,20141118,   31,    0
 11208, 71325,20141119,   23,    0
 11208, 71325,20141120,   12,    0
 11208, 71325,20141121,   15,    0
 11208, 71325,20141122,    3,    0
 11208, 71325,20141123,   30,    0
 11208, 71325,20141124,   52,    0
 11208, 71325,20141125,   -2,    0
 11208, 71325,20141126,  -30,    0
 11208, 71325,20141127,  -54,    0
 11208, 71325,20141128,  -16,    0
 11208, 71325,20141129,  -12,    0
 11208, 71325,20141130,  -10,    0
 11208, 71325,20141201,  -10,    0
 11208, 71325,20141202,   -3,    0
 11208, 71325,20141203,  -23,    0
 11208, 71325,20141204,  -34,    0
 11208, 71325,20141205,   -4,    0
 11208, 71325,20141206,  -29,    0
 11208, 71325,20141207,   30,    0
 11208, 71325,20141208,  -19,    0
 11208, 71325,20141209,  -71,    0
 11208, 71325,20141210,   13,    0
 11208, 71325,20141211,   17,    0
 11208, 71325,20141212,   17,    0
 11208, 71325,20141213,  -16,    0
 11208, 71325,20141214,  -13,    0
 11208, 71325,20141215,   29,    0
 11208, 71325,20141216,   -3,    0
 11208, 71325,20141217,  -60,    0
 11208, 71325,20141218,  -36,    0
 11208, 71325,20141219,    4,    0
 11208, 71325,20141220,  -64,    0
 11208, 71325,20141221,  -95,    0
 11208, 71325,20141222,  -56,    0
 11208, 71325,20141223, -113,    0
 11208, 71325,20141224, -124,    0
 11208, 71325,20141225, -177,    0
 11208, 71325,20141226, -198,    0
 11208, 71325,20141227, -202,    0
 11208, 71325,20141228, -198,    0
 11208, 71325,20141229, -131,    0
 11208, 71325,20141230,  -96,    0
 11208, 71325,20141231,  -65,    0
 11208, 71325,20150101,    1,    0
 11208, 71325,20150102,   35,    0
 11208, 71325,20150103,  -25,    0
 11208, 71325,20150104,  -41,    0
 11208, 71325,20150105,  -87,    0
 11208, 71325,20150106,  -22,    0
 11208, 71325,20150107,    1,    0
 11208, 71325,20150108,    8,    0
 11208, 71325,20150109,  -71,    0
 11208, 71325,20150110,  -62,    0
 11208, 71325,20150111,  -70,    0
 11208, 71325,20150112, -114,    0
 11208, 71325,20150113,   -6,    0
 11208, 71325,20150114,   -3,    0
 11208, 71325,20150115,    4,    0
 11208, 71325,20150116,   30,    0
 11208, 71325,20150117,    2,    0
 11208, 71325,20150118,  -60,    0
 11208, 71325,20150119,  -30,    0
 11208, 71325,20150120,  -27,    0
 11208, 71325,20150121,  -17,    0
 11208, 71325,20150122,  -44,    0
 11208, 71325,20150123, -148,    0
 11208, 71325,20150124,  -15,    0
 11208, 71325,20150125,  -49,    0
 11208, 71325,20150126,    0,    0
 11208, 71325,20150127,  -56,    0
 11208, 71325,20150128,    7,    0
 11208, 71325,20150129,   10,    0
 11208, 71325,20150130,   -6,    0
 11208, 71325,20150131,  -10,    0
 11208, 71325,20150201,  -38,    0
 11208, 71325,20150202,  -65,    0
 11208, 71325,20150203,  -85,    0
 11208, 71325,20150204, -100,    0
 11208, 71325,20150205, -114,    0
 11208, 71325,20150206,  -72,    0
 11208, 71325,20150207,  -55,    0
 11208, 71325,20150208,  -23,    0
 11208, 71325,20150209,  -11,    0
 11208, 71325,20150210,  -13,    0
 11208, 71325,20150211,    5,    0
 11208, 71325,20150212,    6,    0
 11208, 71325,20150213,   -6,    0
 11208, 71325,20150214,   -4,    0
 11208, 71325,20150215,  -15,    0
 11208, 71325,20150216,  -27,    0
 11208, 71325,20150217,   11,    0
 11208, 71325,20150218,   27,    0
 11208, 71325,20150219,   47,    0
 11208, 71325,20150220,   40,    0
 11208, 71325,20150221,    7,    0
 11208, 71325,20150222,  -13,    0
 11208, 71325,20150223,    1,    0
 11208, 71325,20150224,   15,    0
 11208, 71325,20150225,   29,    0
 11208, 71325,20150226,   26,    0
 11208, 71325,20150227,   12,    0
 11208, 71325,20150228,   10,    0
 11208, 71325,20150301,    7,    0
 11208, 71325,20150302,   28,    0
 11208, 71325,20150303,   11,    0
 11208, 71325,20150304,   -8,    0
 11208, 71325,20150305,  -17,    0
 11208, 71325,20150306,   28,    0
 11208, 71325,20150307,   46,    0
 11208, 71325,20150308,   75,    0
 11208, 71325,20150309,    7,    0
 11208, 71325,20150310,   64,    0
 11208, 71325,20150311,   20,    0
 11208, 71325,20150312,    3,    0
 11208, 71325,20150313,  -17,    0
 11208, 71325,20150314,  -10,    0
 11208, 71325,20150315,   11,    0
 11208, 71325,20150316,   24,    0
 11208, 71325,20150317,   28,    0
 11208, 71325,20150318,   26,    0
 11208, 71325,20150319,    9,    0
 11208, 71325,20150320,   12,    0
 11208, 71325,20150321,  -25,    0
 11208, 71325,20150322,   -2,    0
 11208, 71325,20150323,   46,    0
 11208, 71325,20150324,   26,    0
 11208, 71325,20150325,    1,    0
 11208, 71325,20150326,   -2,    0
 11208, 71325,20150327,   16,    0
 11208, 71325,20150328,   29,    0
 11208, 71325,20150329,   21,    0
 11208, 71325,20150330,   27,    0
 11208, 71325,20150331,    3,    0
 11208, 71325,20150401,   14,    0
 11208, 71325,20150402,   26,    0
 11208, 71325,20150403,   11,    0
 11208, 71325,20150404,   11,    0
 11208, 71325,20150405,   18,    0
 11208, 71325,20150406,   37,    0
 11208, 71325,20150407,   72,    0
 11208, 71325,20150408,   61,    0
 11208, 71325,20150409,   83,    0
 11208, 71325,20150410,   88,    0
 11208, 71325,20150411,   67,    0
 11208, 71325,20150412,   69,    0
 11208, 71325,20150413,   31,    0
 11208, 71325,20150414,    5,    0
 11208, 71325,20150415,   39,    0
 11208, 71325,20150416,   37,    0
 11208, 71325,20150417,   50,    0
 11208, 71325,20150418,   41,    0
 11208, 71325,20150419,   79,    0
 11208, 71325,20150420,  103,    0
 11208, 71325,20150421,   76,    0
 11208, 71325,20150422,   89,    0
 11208, 71325,20150423,   95,    0
 11208, 71325,20150424,   40,    0
 11208, 71325,20150425,   69,    0
 11208, 71325,20150426,   67,    0
 11208, 71325,20150427,   19,    0
 11208, 71325,20150428,   45,    0
 11208, 71325,20150429,   31,    0
 11208, 71325,20150430,   25,    0
 11208, 71325,20150501,   55,    0
 11208, 71325,20150502,   63,    0
 11208, 71325,20150503,   48,    0
 11208, 71325,20150504,   49,    0
 11208, 71325,20150505,   82,    0
 11208, 71325,20150506,  115,    0
 11208, 71325,20150507,   78,    0
 11208, 71325,20150508,   78,    0
 11208, 71325,20150509,   59,    0
 11208, 71325,20150510,   82,    0
 11208, 71325,20150511,   57,    0
 11208, 71325,20150512,   96,    0
 11208, 71325,20150513,   87,    0
 11208, 71325,20150514,   72,    0
 11208, 71325,20150515,   80,    0
 11208, 71325,20150516,   53,    0
 11208, 71325,20150517,   50,    0
 11208, 71325,20150518,   77,    0
 11208, 71325,20150519,   59,    0
 11208, 71325,20150520,   91,    0
 11208, 71325,20150521,   82,    0
 11208, 71325,20150522,   99,    0
 11208, 71325,20150523,  103,    0
 11208, 71325,20150524,   76,    0
 11208, 71325,20150525,  101,    0
 11208, 71325,20150526,   83,    0
 11208, 71325,20150527,   97,    0
 11208, 71325,20150528,   70,    0
 11208, 71325,20150529,   97,    0
 11208, 71325,20150530,   66,    0
 11208, 71325,20150531,   91,    0
 11208, 71325,20150601,   99,    0
 11208, 71325,20150602,   87,    0
 11208, 71325,20150603,  123,    0
 11208, 71325,20150604,  119,    0
 11208, 71325,20150605,  114,    0
 11208, 71325,20150606,  118,    0
 11208, 71325,20150607,  104,    0
 11208, 71325,20150608,  110,    0
 11208, 71325,20150609,  113,    0
 11208, 71325,20150610,  142,    0
 11208, 71325,20150611,  152,    0
 11208, 71325,20150612,  161,    0
 11208, 71325,20150613,  148,    0
 11208, 71325,20150614,  128,    0
 11208, 71325,20150615,   97,    0
 11208, 71325,20150616,  121,    0
 11208, 71325,20150617,  100,    0
 11208, 71325,20150618,  105,    0
 11208, 71325,20150619,  114,    0
 11208, 71325,20150620,  157,    0
 11208, 71325,20150621,  145,    0
 11208, 71325,20150622,  129,    0
 11208, 71325,20150623,  141,    0
 11208, 71325,20150624,  138,    0
 11208, 71325,20150625,  135,    0
 11208, 71325,20150626,  122,    0
 11208, 71325,20150627,  155,    0
 11208, 71325,20150628,  143,    0
 11208, 71325,20150629,  160,    0
 11208, 71325,20150630,  163,    0
 11208, 71325,20150701,  208,    0
 11208, 71325,20150702,  205,    0
 11208, 71325,20150703,  211,    0
 11208, 71325,20150704,  215,    0
 11208, 71325,20150705,  213,    0
 11208, 71325,20150706,  167,    0
 11208, 71325,20150707,  171,    0
 11208, 71325,20150708,  131,    0
 11208, 71325,20150709,  102,    0
 11208, 71325,20150710,  123,    0
 11208, 71325,20150711,  142,    0
 11208, 71325,20150712,  157,    0
 11208, 71325,20150713,  158,    0
 11208, 71325,20150714,  161,    0
 11208, 71325,20150715,  150,    0
 11208, 71325,20150716,  137,    0
 11208, 71325,20150717,  141,    0
 11208, 71325,20150718,  142,    0
 11208, 71325,20150719,  168,    0
 11208, 71325,20150720,  151,    0
 11208, 71325,20150721,  120,    0
 11208, 71325,20150722,  167,    0
 11208, 71325,20150723,  152,    0
 11208, 71325,20150724,  126,    0
 11208, 71325,20150725,  111,    0
 11208, 71325,20150726,  122,    0
 11208, 71325,20150727,  139,    0
 11208, 71325,20150728,  134,    0
 11208, 71325,20150729,  146,    0
 11208, 71325,20150730,  151,    0
 11208, 71325,20150731,  128,    0
 11208, 71325,20150801,  118,    0
 11208, 71325,20150802,  146,    0
 11208, 71325,20150803,  125,    0
 11208, 71325,20150804,  139,    0
 11208, 71325,20150805,  155,    0
 11208, 71325,20150806,  146,    0
 11208, 71325,20150807,  165,    0
 11208, 71325,20150808,  174,    0
 11208, 71325,20150809,  143,    0
 11208, 71325,20150810,  161,    0
 11208, 71325,20150811,  154,    0
 11208, 71325,20150812,  157,    0
 11208, 71325,20150813,  139,    0
 11208, 71325,20150814,  153,    0
 11208, 71325,20150815,  143,    0
 11208, 71325,20150816,  163,    0
 11208, 71325,20150817,  158,    0
 11208, 71325,20150818,  152,    0
 11208, 71325,20150819,  140,    0
 11208, 71325,20150820,  133,    0
 11208, 71325,20150821,  142,    0
 11208, 71325,20150822,  143,    0
 11208, 71325,20150823,  157,    0
 11208, 71325,20150824,  146,    0
 11208, 71325,20150825,  178,    0
 11208, 71325,20150826,  152,    0
 11208, 71325,20150827,  156,    0
 11208, 71325,20150828,  143,    0
 11208, 71325,20150829,  128,    0
 11208, 71325,20150830,  151,    0
 11208, 71325,20150831,  125,    0
 11208, 71325,20150901,  130,    0
 11208, 71325,20150902,  119,    0
 11208, 71325,20150903,  126,    0
 11208, 71325,20150904,  114,    0
 11208, 71325,20150905,  111,    0
 11208, 71325,20150906,   95,    0
 11208, 71325,20150907,   96,    0
 11208, 71325,20150908,  113,    0
 11208, 71325,20150909,  109,    0
 11208, 71325,20150910,  109,    0
 11208, 71325,20150911,  106,    0
 11208, 71325,20150912,  114,    0
 11208, 71325,20150913,  130,    0
 11208, 71325,20150914,  142,    0
 11208, 71325,20150915,  128,    0
 11208, 71325,20150916,  108,    0
 11208, 71325,20150917,  140,    0
 11208, 71325,20150918,  140,    0
 11208, 71325,20150919,  123,    0
 11208, 71325,20150920,   81,    0
 11208, 71325,20150921,   80,    0
 11208, 71325,20150922,   94,    0
 11208, 71325,20150923,  121,    0
 11208, 71325,20150924,  115,    0
 11208, 71325,20150925,  101,    0
 11208, 71325,20150926,   63,    0
 11208, 71325,20150927,   84,    0
 11208, 71325,20150928,   65,    0
 11208, 71325,20150929,   83,    0
 11208, 71325,20150930,   92,    0
 11208, 71325,20151001,   91,    0
 11208, 71325,20151002,  101,    0
 11208, 71325,20151003,   48,    0
 11208, 71325,20151004,   81,    0
 11208, 71325,20151005,   46,    0
 11208, 71325,20151006,   59,    0
 11208, 71325,20151007,   54,    0
 11208, 71325,20151008,   52,    0
 11208, 71325,20151009,   50,    0
 11208, 71325,20151010,   50,    0
 11208, 71325,20151011,   60,    0
 11208, 71325,20151012,   46,    0
 11208, 71325,20151013,   32,    0
 11208, 71325,20151014,    4,    0
 11208, 71325,20151015,    5,    0
 11208, 71325,20151016,   -1,    0
 11208, 71325,20151017,    1,    0
 11208, 71325,20151018,   23,    0
 11208, 71325,20151019,   18,    0
 11208, 71325,20151020,   46,    0
 11208, 71325,20151021,   66,    0
 11208, 71325,20151022,  100,    0
 11208, 71325,20151023,   73,    0
 11208, 71325,20151024,   49,    0
 11208, 71325,20151025,   62,    0
 11208, 71325,20151026,   23,    0
 11208, 71325,20151027,   12,    0
 11208, 71325,20151028,   31,    0
 11208, 71325,20151029,   37,    0
 11208, 71325,20151030,   49,    0
 11208, 71325,20151031,   80,    0
 11208, 71325,20151101,   80,    0
 11208, 71325,20151102,   44,    0
 11208, 71325,20151103,   45,    0
 11208, 71325,20151104,   65,    0
 11208, 71325,20151105,   37,    0
 11208, 71325,20151106,   59,    0
 11208, 71325,20151107,   79,    0
 11208, 71325,20151108,   36,    0
 11208, 71325,20151109,   63,    0
 11208, 71325,20151110,   25,    0
 11208, 71325,20151111,   10,    0
 11208, 71325,20151112,   10,    0
 11208, 71325,20151113,   27,    0
 11208, 71325,20151114,   21,    0
 11208, 71325,20151115,   -2,    0
 11208, 71325,20151116,   10,    0
 11208, 71325,20151117,   20,    0
 11208, 71325,20151118,   24,    0
 11208, 71325,20151119,   -9,    0
 11208, 71325,20151120,  -60,    0
 11208, 71325,20151121,  -75,    0
 11208, 71325,20151122,  -91,    0
 11208, 71325,20151123, -114,    0
 11208, 71325,20151124,  -13,    0
 11208, 71325,20151125,   30,    0
 11208, 71325,20151126,   -6,    0
 11208, 71325,20151127,   82,    0
 11208, 71325,20151128,   30,    0
 11208, 71325,20151129,   24,    0
 11208, 71325,20151130,  -35,    0
 11208, 71325,20151201,  -59,    0
 11208, 71325,20151202,  -26,    0
 11208, 71325,20151203,  -12,    0
 11208, 71325,20151204,    5,    0
 11208, 71325,20151205,   83,    0
 11208, 71325,20151206,   84,    0
 11208, 71325,20151207,   12,    0
 11208, 71325,20151208,   -8,    0
 11208, 71325,20151209,   52,    0
 11208, 71325,20151210,   72,    0
 11208, 71325,20151211,  -22,    0
 11208, 71325,20151212,  -82,    0
 11208, 71325,20151213, -100,    0
 11208, 71325,20151214, -115,    0
 11208, 71325,20151215, -118,    0
 11208, 71325,20151216, -119,    0
 11208, 71325,20151217,  -22,    0
 11208, 71325,20151218,   36,    0
 11208, 71325,20151219,   76,    0
 11208, 71325,20151220,  101,    0
 11208, 71325,20151221,   77,    0
 11208, 71325,20151222,   42,    0
 11208, 71325,20151223,   26,    0
 11208, 71325,20151224,   54,    0
 11208, 71325,20151225,   45,    0
 11208, 71325,20151226,  -56,    0
 11208, 71325,20151227,  -71,    0
 11208, 71325,20151228,  -48,    0
 11208, 71325,20151229,  -82,    0
 11208, 71325,20151230,  -11,    0
 11208, 71325,20151231,  -40,    0
 11208, 71325,20160101,  -17,    0
 11208, 71325,20160102,  -40,    0
 11208, 71325,20160103, -108,    0
 11208, 71325,20160104, -125,    0
 11208, 71325,20160105, -139,    0
 11208, 71325,20160106, -220,    0
 11208, 71325,20160107, -203,    0
 11208, 71325,20160108, -117,    0
 11208, 71325,20160109, -123,    0
 11208, 71325,20160110,  -72,    0
 11208, 71325,20160111,  -25,    0
 11208, 71325,20160112,  -44,    0
 11208, 71325,20160113, -117,    0
 11208, 71325,20160114, -200,    0
 11208, 71325,20160115, -173,    0
 11208, 71325,20160116, -179,    0
 11208, 71325,20160117, -219,    0
 11208, 71325,20160118, -213,    0
 11208, 71325,20160119, -216,    0
 11208, 71325,20160120, -177,    0
 11208, 71325,20160121, -182,    0
 11208, 71325,20160122, -198,    0
 11208, 71325,20160123,  -78,    0
 11208, 71325,20160124,  -29,    0
 11208, 71325,20160125,  -19,    0
 11208, 71325,20160126,   31,    0
 11208, 71325,20160127,   36,    0
 11208, 71325,20160128,   12,    0
 11208, 71325,20160129,   41,    0
 11208, 71325,20160130,   28,    0
 11208, 71325,20160131,  -25,    0
 11208, 71325,20160201,  -53,    0
 11208, 71325,20160202,   19,    0
 11208, 71325,20160203,  -27,    0
 11208, 71325,20160204,  -58,    0
 11208, 71325,20160205,  -43,    0
 11208, 71325,20160206,   26,    0
 11208, 71325,20160207,   45,    0
 11208, 71325,20160208,   33,    0
 11208, 71325,20160209,   23,    0
 11208, 71325,20160210,   10,    0
 11208, 71325,20160211,  -11,    0
 11208, 71325,20160212,  -44,    0
 11208, 71325,20160213,  -51,    0
 11208, 71325,20160214,  -65,    0
 11208, 71325,20160215,  -98,    0
 11208, 71325,20160216,  -86,    0
 11208, 71325,20160217,   -2,    0
 11208, 71325,20160218,  -40,    0
 11208, 71325,20160219,  -11,    0
 11208, 71325,20160220,    6,    0
 11208, 71325,20160221,   14,    0
 11208, 71325,20160222,  -14,    0
 11208, 71325,20160223,  -34,    0
 11208, 71325,20160224,  -45,    0
 11208, 71325,20160225,  -54,    0
 11208, 71325,20160226,  -19,    0
 11208, 71325,20160227,  -54,    0
 11208, 71325,20160228,  -58,    0
 11208, 71325,20160229,  -55,    0
 11208, 71325,20160301,  -19,    0
 11208, 71325,20160302,  -13,    0
 11208, 71325,20160303,    3,    0
 11208, 71325,20160304,    4,    0
 11208, 71325,20160305,    6,    0
 11208, 71325,20160306,   -6,    0
 11208, 71325,20160307,   -1,    0
 11208, 71325,20160308,    0,    0
 11208, 71325,20160309,    4,    0
 11208, 71325,20160310,    9,    0
 11208, 71325,20160311,    8,    0
 11208, 71325,20160312,    1,    0
 11208, 71325,20160313,   29,    0
 11208, 71325,20160314,   33,    0
 11208, 71325,20160315,   48,    0
 11208, 71325,20160316,   29,    0
 11208, 71325,20160317,   33,    0
 11208, 71325,20160318,   25,    0
 11208, 71325,20160319,   44,    0
 11208, 71325,20160320,   40,    0
 11208, 71325,20160321,   14,    0
 11208, 71325,20160322,   15,    0
 11208, 71325,20160323,    9,    0
 11208, 71325,20160324,  -11,    0
 11208, 71325,20160325,   32,    0
 11208, 71325,20160326,   35,    0
 11208, 71325,20160327,   43,    0
 11208, 71325,20160328,   74,    0
 11208, 71325,20160329,   59,    0
 11208, 71325,20160330,   39,    0
 11208, 71325,20160331,   23,    0
 11208, 71325,20160401,   15,    0
 11208, 71325,20160402,   34,    0
 11208, 71325,20160403,   46,    0
 11208, 71325,20160404,   56,    0
 11208, 71325,20160405,   49,    0
 11208, 71325,20160406,   57,    0
 11208, 71325,20160407,   58,    0
 11208, 71325,20160408,   42,    0
 11208, 71325,20160409,   50,    0
 11208, 71325,20160410,   35,    0
 11208, 71325,20160411,   47,    0
 11208, 71325,20160412,   41,    0
 11208, 71325,20160413,   52,    0
 11208, 71325,20160414,   44,    0
 11208, 71325,20160415,   56,    0
 11208, 71325,20160416,   57,    0
 11208, 71325,20160417,   50,    0
 11208, 71325,20160418,   42,    0
 11208, 71325,20160419,   55,    0
 11208, 71325,20160420,   51,    0
 11208, 71325,20160421,   51,    0
 11208, 71325,20160422,   37,    0
 11208, 71325,20160423,   25,    0
 11208, 71325,20160424,   17,    0
 11208, 71325,20160425,   20,    0
 11208, 71325,20160426,   21,    0
 11208, 71325,20160427,   30,    0
 11208, 71325,20160428,   20,    0
 11208, 71325,20160429,   50,    0
 11208, 71325,20160430,   86,    0
 11208, 71325,20160501,   72,    0
 11208, 71325,20160502,   61,    0
 11208, 71325,20160503,   95,    0
 11208, 71325,20160504,   91,    0
 11208, 71325,20160505,   80,    0
 11208, 71325,20160506,   98,    0
 11208, 71325,20160507,  110,    0
 11208, 71325,20160508,  137,    0
 11208, 71325,20160509,  150,    0
 11208, 71325,20160510,  142,    0
 11208, 71325,20160511,  113,    0
 11208, 71325,20160512,  122,    0
 11208, 71325,20160513,   76,    0
 11208, 71325,20160514,   71,    0
 11208, 71325,20160515,   86,    0
 11208, 71325,20160516,   80,    0
 11208, 71325,20160517,   87,    0
 11208, 71325,20160518,  116,    0
 11208, 71325,20160519,  111,    0
 11208, 71325,20160520,  105,    0
 11208, 71325,20160521,  123,    0
 11208, 71325,20160522,  130,    0
 11208, 71325,20160523,  147,    0
 11208, 71325,20160524,  102,    0
 11208, 71325,20160525,  125,    0
 11208, 71325,20160526,   93,    0
 11208, 71325,20160527,  126,    0
 11208, 71325,20160528,  126,    0
 11208, 71325,20160529,  125,    0
 11208, 71325,20160530,  150,    0
 11208, 71325,20160531,  188,    0
 11208, 71325,20160601,  190,    0
 11208, 71325,20160602,  197,    0
 11208, 71325,20160603,  200,    0
 11208, 71325,20160604,  158,    0
 11208, 71325,20160605,  140,    0
 11208, 71325,20160606,  141,    0
 11208, 71325,20160607,  163,    0
 11208, 71325,20160608,  136,    0
 11208, 71325,20160609,   99,    0
 11208, 71325,20160610,   96,    0
 11208, 71325,20160611,  104,    0
 11208, 71325,20160612,  126,    0
 11208, 71325,20160613,  134,    0
 11208, 71325,20160614,  153,    0
 11208, 71325,20160615,  130,    0
 11208, 71325,20160616,  172,    0
 11208, 71325,20160617,  153,    0
 11208, 71325,20160618,  163,    0
 11208, 71325,20160619,  127,    0
 11208, 71325,20160620,  111,    0
 11208, 71325,20160621,  164,    0
 11208, 71325,20160622,  153,    0
 11208, 71325,20160623,  158,    0
 11208, 71325,20160624,  180,    0
 11208, 71325,20160625,  205,    0
 11208, 71325,20160626,  176,    0
 11208, 71325,20160627,  153,    0
 11208, 71325,20160628,  156,    0
 11208, 71325,20160629,  145,    0
 11208, 71325,20160630,  137,    0
 11208, 71325,20160701,  129,    0
 11208, 71325,20160702,  134,    0
 11208, 71325,20160703,  129,    0
 11208, 71325,20160704,  130,    0
 11208, 71325,20160705,  130,    0
 11208, 71325,20160706,  155,    0
 11208, 71325,20160707,  144,    0
 11208, 71325,20160708,  129,    0
 11208, 71325,20160709,  149,    0
 11208, 71325,20160710,  155,    0
 11208, 71325,20160711,  161,    0
 11208, 71325,20160712,  161,    0
 11208, 71325,20160713,  146,    0
 11208, 71325,20160714,  167,    0
 11208, 71325,20160715,  182,    0
 11208, 71325,20160716,  157,    0
 11208, 71325,20160717,  159,    0
 11208, 71325,20160718,  148,    0
 11208, 71325,20160719,  148,    0
 11208, 71325,20160720,  191,    0
 11208, 71325,20160721,  184,    0
 11208, 71325,20160722,  194,    0
 11208, 71325,20160723,  197,    0
 11208, 71325,20160724,  215,    0
 11208, 71325,20160725,  195,    0
 11208, 71325,20160726,  183,    0
 11208, 71325,20160727,  163,    0
 11208, 71325,20160728,  176,    0
 11208, 71325,20160729,  164,    0
 11208, 71325,20160730,  162,    0
 11208, 71325,20160731,  135,    0
 11208, 71325,20160801,  148,    0
 11208, 71325,20160802,  142,    0
 11208, 71325,20160803,  137,    0
 11208, 71325,20160804,  153,    0
 11208, 71325,20160805,  151,    0
 11208, 71325,20160806,  151,    0
 11208, 71325,20160807,  150,    0
 11208, 71325,20160808,  151,    0
 11208, 71325,20160809,  122,    0
 11208, 71325,20160810,   90,    0
 11208, 71325,20160811,   93,    0
 11208, 71325,20160812,   94,    0
 11208, 71325,20160813,  160,    0
 11208, 71325,20160814,  135,    0
 11208, 71325,20160815,  117,    0
 11208, 71325,20160816,  159,    0
 11208, 71325,20160817,  137,    0
 11208, 71325,20160818,  160,    0
 11208, 71325,20160819,  134,    0
 11208, 71325,20160820,  150,    0
 11208, 71325,20160821,  164,    0
 11208, 71325,20160822,  127,    0
 11208, 71325,20160823,  159,    0
 11208, 71325,20160824,  134,    0
 11208, 71325,20160825,  167,    0
 11208, 71325,20160826,  177,    0
 11208, 71325,20160827,  155,    0
 11208, 71325,20160828,   97,    0
 11208, 71325,20160829,   95,    0
 11208, 71325,20160830,  105,    0
 11208, 71325,20160831,  135,    0
 11208, 71325,20160901,  167,    0
 11208, 71325,20160902,  141,    0
 11208, 71325,20160903,  151,    0
 11208, 71325,20160904,   94,    0
 11208, 71325,20160905,   98,    0
 11208, 71325,20160906,  140,    0
 11208, 71325,20160907,  168,    0
 11208, 71325,20160908,  146,    0
 11208, 71325,20160909,  159,    0
 11208, 71325,20160910,  147,    0
 11208, 71325,20160911,  155,    0
 11208, 71325,20160912,   99,    0
 11208, 71325,20160913,  137,    0
 11208, 71325,20160914,  161,    0
 11208, 71325,20160915,  171,    0
 11208, 71325,20160916,  140,    0
 11208, 71325,20160917,  132,    0
 11208, 71325,20160918,  127,    0
 11208, 71325,20160919,  135,    0
 11208, 71325,20160920,  126,    0
 11208, 71325,20160921,  133,    0
 11208, 71325,20160922,  129,    0
 11208, 71325,20160923,  116,    0
 11208, 71325,20160924,   99,    0
 11208, 71325,20160925,  140,    0
 11208, 71325,20160926,  127,    0
 11208, 71325,20160927,  117,    0
 11208, 71325,20160928,  125,    0
 11208, 71325,20160929,  114,    0
 11208, 71325,20160930,  103,    0
 11208, 71325,20161001,   48,    0
 11208, 71325,20161002,   33,    0
 11208, 71325,20161003,   28,    0
 11208, 71325,20161004,   18,    0
 11208, 71325,20161005,   20,    0
 11208, 71325,20161006,   28,    0
 11208, 71325,20161007,   60,    0
 11208, 71325,20161008,   57,    0
 11208, 71325,20161009,   58,    0
 11208, 71325,20161010,   40,    0
 11208, 71325,20161011,   47,    0
 11208, 71325,20161012,   39,    0
 11208, 71325,20161013,    6,    0
 11208, 71325,20161014,   -3,    0
 11208, 71325,20161015,   46,    0
 11208, 71325,20161016,   65,    0
 11208, 71325,20161017,   57,    0
 11208, 71325,20161018,   63,    0
 11208, 71325,20161019,   66,    0
 11208, 71325,20161020,   53,    0
 11208, 71325,20161021,   42,    0
 11208, 71325,20161022,   29,    0
 11208, 71325,20161023,   40,    0
 11208, 71325,20161024,   50,    0
 11208, 71325,20161025,   41,    0
 11208, 71325,20161026,   30,    0
 11208, 71325,20161027,   83,    0
 11208, 71325,20161028,   58,    0
 11208, 71325,20161029,    5,    0
 11208, 71325,20161030,   15,    0
 11208, 71325,20161031,   29,    0
 11208, 71325,20161101,   17,    0
 11208, 71325,20161102,    2,    0
 11208, 71325,20161103,  -39,    0
 11208, 71325,20161104,  -18,    0
 11208, 71325,20161105,   -4,    0
 11208, 71325,20161106,  -27,    0
 11208, 71325,20161107,  -74,    0
 11208, 71325,20161108,  -45,    0
 11208, 71325,20161109,  -40,    0
 11208, 71325,20161110,  -43,    0
 11208, 71325,20161111,  -66,    0
 11208, 71325,20161112,  -87,    0
 11208, 71325,20161113,   14,    0
 11208, 71325,20161114,   31,    0
 11208, 71325,20161115,   18,    0
 11208, 71325,20161116,   13,    0
 11208, 71325,20161117,   22,    0
 11208, 71325,20161118,   33,    0
 11208, 71325,20161119,   34,    0
 11208, 71325,20161120,   29,    0
 11208, 71325,20161121,   23,    0
 11208, 71325,20161122,   57,    0
 11208, 71325,20161123,   73,    0
 11208, 71325,20161124,   -7,    0
 11208, 71325,20161125,   -8,    0
 11208, 71325,20161126,   35,    0
 11208, 71325,20161127,    5,    0
 11208, 71325,20161128,  -49,    0
 11208, 71325,20161129,  -42,    0
 11208, 71325,20161130,  -72,    0
 11208, 71325,20161201,  -66,    0
 11208, 71325,20161202,  -69,    0
 11208, 71325,20161203,  -63,    0
 11208, 71325,20161204,  -71,    0
 11208, 71325,20161205,    4,    0
 11208, 71325,20161206,  -87,    0
 11208, 71325,20161207,   -7,    0
 11208, 71325,20161208,   45,    0
 11208, 71325,20161209,   28,    0
 11208, 71325,20161210,    1,    0
 11208, 71325,20161211,  -12,    0
 11208, 71325,20161212,  -59,    0
 11208, 71325,20161213,  -25,    0
 11208, 71325,20161214,  -89,    0
 11208, 71325,20161215, -116,    0
 11208, 71325,20161216,  -32,    0
 11208, 71325,20161217,   -6,    0
 11208, 71325,20161218,  -44,    0
 11208, 71325,20161219,  -35,    0
 11208, 71325,20161220,   21,    0
 11208, 71325,20161221,   19,    0
 11208, 71325,20161222,   37,    0
 11208, 71325,20161223,    7,    0
 11208, 71325,20161224,   35,    0
 11208, 71325,20161225,   27,    0
 11208, 71325,20161226,   34,    0
 11208, 71325,20161227,    1,    0
 11208, 71325,20161228,  -43,    0
 11208, 71325,20161229,  -23,    0
 11208, 71325,20161230,   39,    0
 11208, 71325,20161231,   67,    0
 11208, 71325,20170101,  -16,    0
 11208, 71325,20170102,  -59,    0
 11208, 71325,20170103,  -80,    0
 11208, 71325,20170104,  -58,    0
 11208, 71325,20170105, -181,    0
 11208, 71325,20170106, -111,    0
 11208, 71325,20170107,  -30,    0
 11208, 71325,20170108,  -98,    0
 11208, 71325,20170109,  -54,    0
 11208, 71325,20170110,   10,    0
 11208, 71325,20170111,   15,    0
 11208, 71325,20170112,  -10,    0
 11208, 71325,20170113,  -71,    0
 11208, 71325,20170114, -103,    0
 11208, 71325,20170115, -131,    0
 11208, 71325,20170116, -105,    0
 11208, 71325,20170117,  -80,    0
 11208, 71325,20170118,  -45,    0
 11208, 71325,20170119,  -72,    0
 11208, 71325,20170120,  -13,    0
 11208, 71325,20170121,  -38,    0
 11208, 71325,20170122,  -33,    0
 11208, 71325,20170123,  -41,    0
 11208, 71325,20170124, -101,    0
 11208, 71325,20170125,  -12,    0
 11208, 71325,20170126,   12,    0
 11208, 71325,20170127,   -8,    0
 11208, 71325,20170128,  -11,    0
 11208, 71325,20170129,  -16,    0
 11208, 71325,20170130,    7,    0
 11208, 71325,20170131,   -7,    0
 11208, 71325,20170201,  -11,    0
 11208, 71325,20170202,  -11,    0
 11208, 71325,20170203,   -9,    0
 11208, 71325,20170204,   -9,    0
 11208, 71325,20170205,   -7,    0
 11208, 71325,20170206,  -18,    0
 11208, 71325,20170207,  -76,    0
 11208, 71325,20170208, -111,    0
 11208, 71325,20170209,  -67,    0
 11208, 71325,20170210,  -50,    0
 11208, 71325,20170211,  -43,    0
 11208, 71325,20170212,  -43,    0
 11208, 71325,20170213,  -30,    0
 11208, 71325,20170214,  -44,    0
 11208, 71325,20170215,  -80,    0
 11208, 71325,20170216,  -64,    0
 11208, 71325,20170217,  -47,    0
 11208, 71325,20170218,  -54,    0
 11208, 71325,20170219,   14,    0
 11208, 71325,20170220,   18,    0
 11208, 71325,20170221,    0,    0
 11208, 71325,20170222,    9,    0
 11208, 71325,20170223,  -38,    0
 11208, 71325,20170224,  -75,    0
 11208, 71325,20170225,  -60,    0
 11208, 71325,20170226,   -8,    0
 11208, 71325,20170227,   12,    0
 11208, 71325,20170228,   34,    0
 11208, 71325,20170301,   11,    0
 11208, 71325,20170302,    1,    0
 11208, 71325,20170303,    1,    0
 11208, 71325,20170304,  -14,    0
 11208, 71325,20170305,  -22,    0
 11208, 71325,20170306,  -53,    0
 11208, 71325,20170307,  -49,    0
 11208, 71325,20170308,  -32,    0
 11208, 71325,20170309,   17,    0
 11208, 71325,20170310,    5,    0
 11208, 71325,20170311,  -23,    0
 11208, 71325,20170312,   27,    0
 11208, 71325,20170313,   22,    0
 11208, 71325,20170314,   42,    0
 11208, 71325,20170315,   60,    0
 11208, 71325,20170316,   21,    0
 11208, 71325,20170317,   30,    0
 11208, 71325,20170318,   -7,    0
 11208, 71325,20170319,  -13,    0
 11208, 71325,20170320,   12,    0
 11208, 71325,20170321,   35,    0
 11208, 71325,20170322,   12,    0
 11208, 71325,20170323,  -14,    0
 11208, 71325,20170324,   -2,    0
 11208, 71325,20170325,   28,    0
 11208, 71325,20170326,   69,    0
 11208, 71325,20170327,   73,    0
 11208, 71325,20170328,   35,    0
 11208, 71325,20170329,   18,    0
 11208, 71325,20170330,  -13,    0
 11208, 71325,20170331,   24,    0
 11208, 71325,20170401,   65,    0
 11208, 71325,20170402,   56,    0
 11208, 71325,20170403,   31,    0
 11208, 71325,20170404,   53,    0
 11208, 71325,20170405,   42,    0
 11208, 71325,20170406,   21,    0
 11208, 71325,20170407,   51,    0
 11208, 71325,20170408,   57,    0
 11208, 71325,20170409,   63,    0
 11208, 71325,20170410,   82,    0
 11208, 71325,20170411,   33,    0
 11208, 71325,20170412,   12,    0
 11208, 71325,20170413,    6,    0
 11208, 71325,20170414,  -11,    0
 11208, 71325,20170415,  -24,    0
 11208, 71325,20170416,  -22,    0
 11208, 71325,20170417,  -12,    0
 11208, 71325,20170418,    6,    0
 11208, 71325,20170419,   10,    0
 11208, 71325,20170420,   57,    0
 11208, 71325,20170421,   55,    0
 11208, 71325,20170422,   53,    0
 11208, 71325,20170423,   28,    0
 11208, 71325,20170424,   -1,    0
 11208, 71325,20170425,   21,    0
 11208, 71325,20170426,   27,    0
 11208, 71325,20170427,   12,    0
 11208, 71325,20170428,   38,    0
 11208, 71325,20170429,   43,    0
 11208, 71325,20170430,   49,    0
 11208, 71325,20170501,   69,    0
 11208, 71325,20170502,   86,    0
 11208, 71325,20170503,   94,    0
 11208, 71325,20170504,   86,    0
 11208, 71325,20170505,  107,    0
 11208, 71325,20170506,  111,    0
 11208, 71325,20170507,   83,    0
 11208, 71325,20170508,   46,    0
 11208, 71325,20170509,   31,    0
 11208, 71325,20170510,   20,    0
 11208, 71325,20170511,   21,    0
 11208, 71325,20170512,   65,    0
 11208, 71325,20170513,   66,    0
 11208, 71325,20170514,  100,    0
 11208, 71325,20170515,   66,    0
 11208, 71325,20170516,   64,    0
 11208, 71325,20170517,  114,    0
 11208, 71325,20170518,  165,    0
 11208, 71325,20170519,  167,    0
 11208, 71325,20170520,  137,    0
 11208, 71325,20170521,  130,    0
 11208, 71325,20170522,  110,    0
 11208, 71325,20170523,  120,    0
 11208, 71325,20170524,  142,    0
 11208, 71325,20170525,  131,    0
 11208, 71325,20170526,  157,    0
 11208, 71325,20170527,  189,    0
 11208, 71325,20170528,  176,    0
 11208, 71325,20170529,  155,    0
 11208, 71325,20170530,  144,    0
 11208, 71325,20170531,  127,    0
 11208, 71325,20170601,   97,    0
 11208, 71325,20170602,  100,    0
 11208, 71325,20170603,   98,    0
 11208, 71325,20170604,  123,    0
 11208, 71325,20170605,  142,    0
 11208, 71325,20170606,  163,    0
 11208, 71325,20170607,  145,    0
 11208, 71325,20170608,  126,    0
 11208, 71325,20170609,  122,    0
 11208, 71325,20170610,  158,    0
 11208, 71325,20170611,  142,    0
 11208, 71325,20170612,  147,    0
 11208, 71325,20170613,  152,    0
 11208, 71325,20170614,  160,    0
 11208, 71325,20170615,  160,    0
 11208, 71325,20170616,  155,    0
 11208, 71325,20170617,  175,    0
 11208, 71325,20170618,  176,    0
 11208, 71325,20170619,  156,    0
 11208, 71325,20170620,  132,    0
 11208, 71325,20170621,  128,    0
 11208, 71325,20170622,  139,    0
 11208, 71325,20170623,  140,    0
 11208, 71325,20170624,  159,    0
 11208, 71325,20170625,  123,    0
 11208, 71325,20170626,  127,    0
 11208, 71325,20170627,  117,    0
 11208, 71325,20170628,  135,    0
 11208, 71325,20170629,  145,    0
 11208, 71325,20170630,  172,    0
 11208, 71325,20170701,  189,    0
 11208, 71325,20170702,  155,    0
 11208, 71325,20170703,  129,    0
 11208, 71325,20170704,  132,    0
 11208, 71325,20170705,  134,    0
 11208, 71325,20170706,  126,    0
 11208, 71325,20170707,  136,    0
 11208, 71325,20170708,  143,    0
 11208, 71325,20170709,  161,    0
 11208, 71325,20170710,  155,    0
 11208, 71325,20170711,  155,    0
 11208, 71325,20170712,  151,    0
 11208, 71325,20170713,  115,    0
 11208, 71325,20170714,  144,    0
 11208, 71325,20170715,  137,    0
 11208, 71325,20170716,  149,    0
 11208, 71325,20170717,  121,    0
 11208, 71325,20170718,  133,    0
 11208, 71325,20170719,  149,    0
 11208, 71325,20170720,  154,    0
 11208, 71325,20170721,  161,    0
 11208, 71325,20170722,  167,    0
 11208, 71325,20170723,  147,    0
 11208, 71325,20170724,  168,    0
 11208, 71325,20170725,  148,    0
 11208, 71325,20170726,  160,    0
 11208, 71325,20170727,  175,    0
 11208, 71325,20170728,  160,    0
 11208, 71325,20170729,  127,    0
 11208, 71325,20170730,  156,    0
 11208, 71325,20170731,  162,    0
 11208, 71325,20170801,  174,    0
 11208, 71325,20170802,  143,    0
 11208, 71325,20170803,  134,    0
 11208, 71325,20170804,  153,    0
 11208, 71325,20170805,  156,    0
 11208, 71325,20170806,  146,    0
 11208, 71325,20170807,  143,    0
 11208, 71325,20170808,  163,    0
 11208, 71325,20170809,  144,    0
 11208, 71325,20170810,  168,    0
 11208, 71325,20170811,  157,    0
 11208, 71325,20170812,  156,    0
 11208, 71325,20170813,  136,    0
 11208, 71325,20170814,  111,    0
 11208, 71325,20170815,  137,    0
 11208, 71325,20170816,  167,    0
 11208, 71325,20170817,  142,    0
 11208, 71325,20170818,  157,    0
 11208, 71325,20170819,  148,    0
 11208, 71325,20170820,  145,    0
 11208, 71325,20170821,  126,    0
 11208, 71325,20170822,  118,    0
 11208, 71325,20170823,  109,    0
 11208, 71325,20170824,  115,    0
 11208, 71325,20170825,  129,    0
 11208, 71325,20170826,  102,    0
 11208, 71325,20170827,   99,    0
 11208, 71325,20170828,  111,    0
 11208, 71325,20170829,  158,    0
 11208, 71325,20170830,  124,    0
 11208, 71325,20170831,   97,    0
 11208, 71325,20170901,  109,    0
 11208, 71325,20170902,  114,    0
 11208, 71325,20170903,  102,    0
 11208, 71325,20170904,  105,    0
 11208, 71325,20170905,  110,    0
 11208, 71325,20170906,  110,    0
 11208, 71325,20170907,  103,    0
 11208, 71325,20170908,  100,    0
 11208, 71325,20170909,  118,    0
 11208, 71325,20170910,  130,    0
 11208, 71325,20170911,  126,    0
 11208, 71325,20170912,  128,    0
 11208, 71325,20170913,  118,    0
 11208, 71325,20170914,  108,    0
 11208, 71325,20170915,  106,    0
 11208, 71325,20170916,   90,    0
 11208, 71325,20170917,   84,    0
 11208, 71325,20170918,  104,    0
 11208, 71325,20170919,   96,    0
 11208, 71325,20170920,   62,    0
 11208, 71325,20170921,   72,    0
 11208, 71325,20170922,  105,    0
 11208, 71325,20170923,  112,    0
 11208, 71325,20170924,  127,    0
 11208, 71325,20170925,  119,    0
 11208, 71325,20170926,  100,    0
 11208, 71325,20170927,  120,    0
 11208, 71325,20170928,  109,    0
 11208, 71325,20170929,  103,    0
 11208, 71325,20170930,  116,    0
 11208, 71325,20171001,  108,    0
 11208, 71325,20171002,  109,    0
 11208, 71325,20171003,  114,    0
 11208, 71325,20171004,   65,    0
 11208, 71325,20171005,   39,    0
 11208, 71325,20171006,   60,    0
 11208, 71325,20171007,   47,    0
 11208, 71325,20171008,   35,    0
 11208, 71325,20171009,   30,    0
 11208, 71325,20171010,   44,    0
 11208, 71325,20171011,   52,    0
 11208, 71325,20171012,   79,    0
 11208, 71325,20171013,   34,    0
 11208, 71325,20171014,   97,    0
 11208, 71325,20171015,   92,    0
 11208, 71325,20171016,  119,    0
 11208, 71325,20171017,   95,    0
 11208, 71325,20171018,   21,    0
 11208, 71325,20171019,    0,    0
 11208, 71325,20171020,   31,    0
 11208, 71325,20171021,   62,    0
 11208, 71325,20171022,   53,    0
 11208, 71325,20171023,   26,    0
 11208, 71325,20171024,   24,    0
 11208, 71325,20171025,   34,    0
 11208, 71325,20171026,   24,    0
 11208, 71325,20171027,   14,    0
 11208, 71325,20171028,   56,    0
 11208, 71325,20171029,   23,    0
 11208, 71325,20171030,   -4,    0
 11208, 71325,20171031,    2,    0
 11208, 71325,20171101,    2,    0
 11208, 71325,20171102,    4,    0
 11208, 71325,20171103,  -17,    0
 11208, 71325,20171104,   22,    0
 11208, 71325,20171105,   66,    0
 11208, 71325,20171106,    9,    0
 11208, 71325,20171107,   25,    0
 11208, 71325,20171108,   48,    0
 11208, 71325,20171109,   53,    0
 11208, 71325,20171110,   13,    0
 11208, 71325,20171111,  -16,    0
 11208, 71325,20171112,  -41,    0
 11208, 71325,20171113,  -48,    0
 11208, 71325,20171114,  -49,    0
 11208, 71325,20171115,  -25,    0
 11208, 71325,20171116,  -22,    0
 11208, 71325,20171117,   19,    0
 11208, 71325,20171118,    2,    0
 11208, 71325,20171119,  -24,    0
 11208, 71325,20171120, -104,    0
 11208, 71325,20171121,  -85,    0
 11208, 71325,20171122,  -53,    0
 11208, 71325,20171123,   62,    0
 11208, 71325,20171124,   23,    0
 11208, 71325,20171125,   13,    0
 11208, 71325,20171126,   20,    0
 11208, 71325,20171127,    2,    0
 11208, 71325,20171128,  -12,    0
 11208, 71325,20171129,  -14,    0
 11208, 71325,20171130,  -20,    0
 11208, 71325,20171201,  -62,    0
 11208, 71325,20171202,  -84,    0
 11208, 71325,20171203,  -81,    0
 11208, 71325,20171204,  -99,    0
 11208, 71325,20171205,  -89,    0
 11208, 71325,20171206,  -52,    0
 11208, 71325,20171207,   17,    0
 11208, 71325,20171208,   24,    0
 11208, 71325,20171209,  -35,    0
 11208, 71325,20171210,  -76,    0
 11208, 71325,20171211,  -38,    0
 11208, 71325,20171212,  -64,    0
 11208, 71325,20171213,  -90,    0
 11208, 71325,20171214,   -6,    0
 11208, 71325,20171215,  -21,    0
 11208, 71325,20171216,  -45,    0
 11208, 71325,20171217, -152,    0
 11208, 71325,20171218,  -55,    0
 11208, 71325,20171219,  -96,    0
 11208, 71325,20171220,  -21,    0
 11208, 71325,20171221,  -64,    0
 11208, 71325,20171222, -112,    0
 11208, 71325,20171223,  -16,    0
 11208, 71325,20171224,  -67,    0
 11208, 71325,20171225,  -44,    0
 11208, 71325,20171226,    6,    0
 11208, 71325,20171227,   21,    0
 11208, 71325,20171228,    5,    0
 11208, 71325,20171229,    0,    0
 11208, 71325,20171230,  -32,    0
 11208, 71325,20171231,  -18,    0
 11208, 71325,20180101,   11,    0
 11208, 71325,20180102,   -5,    0
 11208, 71325,20180103,  -20,    0
 11208, 71325,20180104,    2,    0
 11208, 71325,20180105,  -52,    0
 11208, 71325,20180106, -121,    0
 11208, 71325,20180107, -131,    0
 11208, 71325,20180108,  -96,    0
 11208, 71325,20180109, -135,    0
 11208, 71325,20180110, -170,    0
 11208, 71325,20180111, -108,    0
 11208, 71325,20180112,  -54,    0
 11208, 71325,20180113,  -38,    0
 11208, 71325,20180114,  -41,    0
 11208, 71325,20180115,  -30,    0
 11208, 71325,20180116,   -4,    0
 11208, 71325,20180117,   -9,    0
 11208, 71325,20180118,  -41,    0
 11208, 71325,20180119,  -35,    0
 11208, 71325,20180120,  -33,    0
 11208, 71325,20180121,  -38,    0
 11208, 71325,20180122,  -52,    0
 11208, 71325,20180123,  -35,    0
 11208, 71325,20180124,   28,    0
 11208, 71325,20180125,   41,    0
 11208, 71325,20180126,   14,    0
 11208, 71325,20180127,  -67,    0
 11208, 71325,20180128,   -7,    0
 11208, 71325,20180129,  -24,    0
 11208, 71325,20180130,  -58,    0
 11208, 71325,20180131,  -28,    0
 11208, 71325,20180201,    0,    0
 11208, 71325,20180202,  -75,    0
 11208, 71325,20180203, -115,    0
 11208, 71325,20180204, -135,    0
 11208, 71325,20180205, -152,    0
 11208, 71325,20180206,  -86,    0
 11208, 71325,20180207,  -90,    0
 11208, 71325,20180208,  -48,    0
 11208, 71325,20180209,  -11,    0
 11208, 71325,20180210,  -31,    0
 11208, 71325,20180211,  -21,    0
 11208, 71325,20180212,   -8,    0
 11208, 71325,20180213,  -45,    0
 11208, 71325,20180214,  -14,    0
 11208, 71325,20180215,  -11,    0
 11208, 71325,20180216,  -12,    0
 11208, 71325,20180217,  -35,    0
 11208, 71325,20180218,  -16,    0
 11208, 71325,20180219,  -22,    0
 11208, 71325,20180220,  -61,    0
 11208, 71325,20180221,  -72,    0
 11208, 71325,20180222,  -49,    0
 11208, 71325,20180223,  -72,    0
 11208, 71325,20180224,  -64,    0
 11208, 71325,20180225, -113,    0
 11208, 71325,20180226, -130,    0
 11208, 71325,20180227, -112,    0
 11208, 71325,20180228, -141,    0
 11208, 71325,20180301, -113,    0
 11208, 71325,20180302, -103,    0
 11208, 71325,20180303,  -76,    0
 11208, 71325,20180304,  -51,    0
 11208, 71325,20180305,  -51,    0
 11208, 71325,20180306,  -49,    0
 11208, 71325,20180307,  -22,    0
 11208, 71325,20180308,  -36,    0
 11208, 71325,20180309,  -40,    0
 11208, 71325,20180310,  -34,    0
 11208, 71325,20180311,  -34,    0
 11208, 71325,20180312,   -7,    0
 11208, 71325,20180313,   -2,    0
 11208, 71325,20180314,  -66,    0
 11208, 71325,20180315,  -61,    0
 11208, 71325,20180316, -108,    0
 11208, 71325,20180317, -114,    0
 11208, 71325,20180318,  -93,    0
 11208, 71325,20180319,-9999,    9
 11208, 71325,20180320,-9999,    9
 11208, 71325,20180321,-9999,    9
 11208, 71325,20180322,-9999,    9
 11208, 71325,20180323,-9999,    9
 11208, 71325,20180324,-9999,    9
 11208, 71325,20180325,-9999,    9
 11208, 71325,20180326,-9999,    9
 11208, 71325,20180327,-9999,    9
 11208, 71325,20180328,-9999,    9
 11208, 71325,20180329,  -59,    0
 11208, 71325,20180330,  -54,    0
 11208, 71325,20180331,  -50,    0
 11208, 71325,20180401,  -26,    0
 11208, 71325,20180402,  -28,    0
 11208, 71325,20180403,  -30,    0
 11208, 71325,20180404,   25,    0
 11208, 71325,20180405,   25,    0
 11208, 71325,20180406,-9999,    9
 11208, 71325,20180407,-9999,    9
 11208, 71325,20180408,-9999,    9
 11208, 71325,20180409,-9999,    9
 11208, 71325,20180410,   25,    0
 11208, 71325,20180411,   16,    0
 11208, 71325,20180412,   41,    0
 11208, 71325,20180413,   42,    0
 11208, 71325,20180414,   64,    0
 11208, 71325,20180415,   52,    0
 11208, 71325,20180416,   56,    0
 11208, 71325,20180417,   73,    0
 11208, 71325,20180418,  105,    0
 11208, 71325,20180419,   93,    0
 11208, 71325,20180420,  110,    0
 11208, 71325,20180421,   77,    0
 11208, 71325,20180422,-9999,    9
 11208, 71325,20180423,-9999,    9
 11208, 71325,20180424,-9999,    9
 11208, 71325,20180425,-9999,    9
 11208, 71325,20180426,-9999,    9
 11208, 71325,20180427,-9999,    9
 11208, 71325,20180428,-9999,    9
 11208, 71325,20180429,-9999,    9
 11208, 71325,20180430,-9999,    9
 11208, 71325,20180501,   50,    0
 11208, 71325,20180502,   71,    0
 11208, 71325,20180503,   47,    0
 11208, 71325,20180504,   73,    0
 11208, 71325,20180505,  121,    0
 11208, 71325,20180506,  139,    0
 11208, 71325,20180507,  138,    0
 11208, 71325,20180508,  153,    0
 11208, 71325,20180509,  155,    0
 11208, 71325,20180510,  157,    0
 11208, 71325,20180511,  154,    0
 11208, 71325,20180512,  156,    0
 11208, 71325,20180513,  165,    0
 11208, 71325,20180514,  162,    0
 11208, 71325,20180515,  174,    0
 11208, 71325,20180516,  174,    0
 11208, 71325,20180517,  119,    0
 11208, 71325,20180518,  121,    0
 11208, 71325,20180519,  128,    0
 11208, 71325,20180520,  144,    0
 11208, 71325,20180521,  154,    0
 11208, 71325,20180522,  166,    0
 11208, 71325,20180523,  176,    0
 11208, 71325,20180524,  178,    0
 11208, 71325,20180525,  187,    0
 11208, 71325,20180526,  192,    0
 11208, 71325,20180527,  195,    0
 11208, 71325,20180528,  178,    0
 11208, 71325,20180529,  200,    0
 11208, 71325,20180530,  217,    0
 11208, 71325,20180531,  195,    0
 11208, 71325,20180601,  190,    0
 11208, 71325,20180602,  210,    0
 11208, 71325,20180603,  219,    0
 11208, 71325,20180604,  182,    0
 11208, 71325,20180605,  109,    0
 11208, 71325,20180606,  123,    0
 11208, 71325,20180607,  170,    0
 11208, 71325,20180608,  185,    0
 11208, 71325,20180609,  192,    0
 11208, 71325,20180610,  189,    0
 11208, 71325,20180611,  149,    0
 11208, 71325,20180612,  146,    0
 11208, 71325,20180613,  142,    0
 11208, 71325,20180614,  132,    0
 11208, 71325,20180615,  150,    0
 11208, 71325,20180616,  156,    0
 11208, 71325,20180617,  132,    0
 11208, 71325,20180618,  133,    0
 11208, 71325,20180619,  157,    0
 11208, 71325,20180620,  118,    0
 11208, 71325,20180621,   98,    0
 11208, 71325,20180622,  107,    0
 11208, 71325,20180623,  127,    0
 11208, 71325,20180624,  160,    0
 11208, 71325,20180625,  197,    0
 11208, 71325,20180626,  218,    0
 11208, 71325,20180627,  217,    0
 11208, 71325,20180628,  201,    0
 11208, 71325,20180629,  153,    0
 11208, 71325,20180630,  141,    0
 11208, 71325,20180701,  164,    0
 11208, 71325,20180702,  183,    0
 11208, 71325,20180703,  204,    0
 11208, 71325,20180704,  213,    0
 11208, 71325,20180705,  207,    0
 11208, 71325,20180706,  208,    0
 11208, 71325,20180707,  195,    0
 11208, 71325,20180708,  192,    0
 11208, 71325,20180709,  187,    0
 11208, 71325,20180710,  215,    0
 11208, 71325,20180711,  202,    0
 11208, 71325,20180712,  201,    0
 11208, 71325,20180713,  185,    0
 11208, 71325,20180714,  209,    0
 11208, 71325,20180715,  206,    0
 11208, 71325,20180716,  223,    0
 11208, 71325,20180717,  245,    0
 11208, 71325,20180718,  205,    0
 11208, 71325,20180719,  216,    0
 11208, 71325,20180720,  209,    0
 11208, 71325,20180721,  199,    0
 11208, 71325,20180722,  185,    0
 11208, 71325,20180723,  209,    0
 11208, 71325,20180724,  224,    0
 11208, 71325,20180725,  233,    0
 11208, 71325,20180726,  231,    0
 11208, 71325,20180727,  228,    0
 11208, 71325,20180728,  216,    0
 11208, 71325,20180729,  234,    0
 11208, 71325,20180730,  199,    0
 11208, 71325,20180731,  232,    0
 11208, 71325,20180801,  226,    0
 11208, 71325,20180802,  192,    0
 11208, 71325,20180803,  187,    0
 11208, 71325,20180804,  204,    0
 11208, 71325,20180805,  179,    0
 11208, 71325,20180806,  142,    0
 11208, 71325,20180807,  161,    0
 11208, 71325,20180808,  179,    0
 11208, 71325,20180809,  218,    0
 11208, 71325,20180810,  169,    0
 11208, 71325,20180811,  141,    0
 11208, 71325,20180812,  112,    0
 11208, 71325,20180813,  115,    0
 11208, 71325,20180814,  112,    0
 11208, 71325,20180815,  129,    0
 11208, 71325,20180816,  178,    0
 11208, 71325,20180817,  162,    0
 11208, 71325,20180818,  135,    0
 11208, 71325,20180819,  145,    0
 11208, 71325,20180820,  115,    0
 11208, 71325,20180821,  107,    0
 11208, 71325,20180822,  126,    0
 11208, 71325,20180823,  161,    0
 11208, 71325,20180824,  143,    0
 11208, 71325,20180825,  111,    0
 11208, 71325,20180826,  104,    0
 11208, 71325,20180827,  100,    0
 11208, 71325,20180828,  131,    0
 11208, 71325,20180829,  119,    0
 11208, 71325,20180830,  135,    0
 11208, 71325,20180831,  120,    0
 11208, 71325,20180901,  147,    0
 11208, 71325,20180902,  127,    0
 11208, 71325,20180903,  121,    0
 11208, 71325,20180904,  123,    0
 11208, 71325,20180905,  143,    0
 11208, 71325,20180906,  146,    0
 11208, 71325,20180907,  141,    0
 11208, 71325,20180908,  147,    0
 11208, 71325,20180909,  134,    0
 11208, 71325,20180910,  136,    0
 11208, 71325,20180911,  126,    0
 11208, 71325,20180912,  121,    0
 11208, 71325,20180913,   91,    0
 11208, 71325,20180914,  125,    0
 11208, 71325,20180915,   99,    0
 11208, 71325,20180916,   62,    0
 11208, 71325,20180917,  114,    0
 11208, 71325,20180918,  143,    0
 11208, 71325,20180919,  167,    0
 11208, 71325,20180920,  132,    0
 11208, 71325,20180921,  114,    0
 11208, 71325,20180922,  105,    0
 11208, 71325,20180923,   65,    0
 11208, 71325,20180924,   32,    0
 11208, 71325,20180925,   36,    0
 11208, 71325,20180926,  132,    0
 11208, 71325,20180927,   69,    0
 11208, 71325,20180928,   40,    0
 11208, 71325,20180929,   44,    0
 11208, 71325,20180930,   98,    0
 11208, 71325,20181001,   26,    0
 11208, 71325,20181002,   21,    0
 11208, 71325,20181003,   48,    0
 11208, 71325,20181004,   20,    0
 11208, 71325,20181005,   88,    0
 11208, 71325,20181006,   27,    0
 11208, 71325,20181007,   15,    0
 11208, 71325,20181008,   88,    0
 11208, 71325,20181009,  131,    0
 11208, 71325,20181010,  126,    0
 11208, 71325,20181011,  102,    0
 11208, 71325,20181012,   67,    0
 11208, 71325,20181013,  154,    0
 11208, 71325,20181014,  136,    0
 11208, 71325,20181015,  120,    0
 11208, 71325,20181016,   71,    0
 11208, 71325,20181017,  110,    0
 11208, 71325,20181018,   37,    0
 11208, 71325,20181019,   13,    0
 11208, 71325,20181020,   29,    0
 11208, 71325,20181021,   83,    0
 11208, 71325,20181022,   69,    0
 11208, 71325,20181023,   26,    0
 11208, 71325,20181024,   -2,    0
 11208, 71325,20181025,  -10,    0
 11208, 71325,20181026,  -30,    0
 11208, 71325,20181027,  -10,    0
 11208, 71325,20181028,  -40,    0
 11208, 71325,20181029,  -36,    0
 11208, 71325,20181030,   10,    0
 11208, 71325,20181031,   62,    0
 11208, 71325,20181101,   15,    0
 11208, 71325,20181102,   66,    0
 11208, 71325,20181103,   43,    0
 11208, 71325,20181104,   68,    0
 11208, 71325,20181105,   45,    0
 11208, 71325,20181106,   60,    0
 11208, 71325,20181107,   66,    0
 11208, 71325,20181108,   63,    0
 11208, 71325,20181109,   63,    0
 11208, 71325,20181110,   70,    0
 11208, 71325,20181111,   81,    0
 11208, 71325,20181112,   81,    0
 11208, 71325,20181113,   58,    0
 11208, 71325,20181114,   58,    0
 11208, 71325,20181115,   96,    0
 11208, 71325,20181116,   89,    0
 11208, 71325,20181117,   55,    0
 11208, 71325,20181118,   14,    0
 11208, 71325,20181119,    4,    0
 11208, 71325,20181120,  -37,    0
 11208, 71325,20181121,    1,    0
 11208, 71325,20181122,  -52,    0
 11208, 71325,20181123, -122,    0
 11208, 71325,20181124,  -94,    0
 11208, 71325,20181125,  -48,    0
 11208, 71325,20181126,  -80,    0
 11208, 71325,20181127, -122,    0
 11208, 71325,20181128, -108,    0
 11208, 71325,20181129,   -2,    0
 11208, 71325,20181130,   35,    0
 11208, 71325,20181201,   45,    0
 11208, 71325,20181202,   35,    0
 11208, 71325,20181203,   49,    0
 11208, 71325,20181204,   16,    0
 11208, 71325,20181205,  -64,    0
 11208, 71325,20181206,  -60,    0
 11208, 71325,20181207,  -17,    0
 11208, 71325,20181208,   -7,    0
 11208, 71325,20181209,  -40,    0
 11208, 71325,20181210,   -8,    0
 11208, 71325,20181211,  -15,    0
 11208, 71325,20181212,  -74,    0
 11208, 71325,20181213,  -94,    0
 11208, 71325,20181214, -163,    0
 11208, 71325,20181215, -134,    0
 11208, 71325,20181216,  -47,    0
 11208, 71325,20181217,  -41,    0
 11208, 71325,20181218,  -50,    0
 11208, 71325,20181219,  -25,    0
 11208, 71325,20181220,    2,    0
 11208, 71325,20181221,  -21,    0
 11208, 71325,20181222,  -64,    0
 11208, 71325,20181223,  -98,    0
 11208, 71325,20181224, -116,    0
 11208, 71325,20181225,  -48,    0
 11208, 71325,20181226,  -19,    0
 11208, 71325,20181227,  -58,    0
 11208, 71325,20181228, -111,    0
 11208, 71325,20181229, -105,    0
 11208, 71325,20181230,  -79,    0
 11208, 71325,20181231,  -27,    0
 11208, 71325,20190101,   27,    0
 11208, 71325,20190102,  -10,    0
 11208, 71325,20190103,  -20,    0
 11208, 71325,20190104,   -7,    0
 11208, 71325,20190105,  -20,    0
 11208, 71325,20190106,  -25,    0
 11208, 71325,20190107,  -22,    0
 11208, 71325,20190108,   -8,    0
 11208, 71325,20190109,  -69,    0
 11208, 71325,20190110, -113,    0
 11208, 71325,20190111,  -82,    0
 11208, 71325,20190112,  -61,    0
 11208, 71325,20190113,  -98,    0
 11208, 71325,20190114,  -60,    0
 11208, 71325,20190115,  -87,    0
 11208, 71325,20190116, -100,    0
 11208, 71325,20190117, -146,    0
 11208, 71325,20190118, -131,    0
 11208, 71325,20190119, -150,    0
 11208, 71325,20190120, -191,    0
 11208, 71325,20190121,  -97,    0
 11208, 71325,20190122,  -56,    0
 11208, 71325,20190123,  -52,    0
 11208, 71325,20190124,  -53,    0
 11208, 71325,20190125,  -54,    0
 11208, 71325,20190126,  -58,    0
 11208, 71325,20190127,  -78,    0
 11208, 71325,20190128,  -51,    0
 11208, 71325,20190129, -158,    0
 11208, 71325,20190130, -213,    0
 11208, 71325,20190131, -120,    0
 11208, 71325,20190201,  -37,    0
 11208, 71325,20190202,  -47,    0
 11208, 71325,20190203,  -81,    0
 11208, 71325,20190204, -153,    0
 11208, 71325,20190205,  -60,    0
 11208, 71325,20190206, -150,    0
 11208, 71325,20190207,  -48,    0
 11208, 71325,20190208,    8,    0
 11208, 71325,20190209,   27,    0
 11208, 71325,20190210,   22,    0
 11208, 71325,20190211,  -25,    0
 11208, 71325,20190212,  -55,    0
 11208, 71325,20190213,   14,    0
 11208, 71325,20190214,    8,    0
 11208, 71325,20190215,   31,    0
 11208, 71325,20190216,    2,    0
 11208, 71325,20190217,    8,    0
 11208, 71325,20190218,   41,    0
 11208, 71325,20190219,   33,    0
 11208, 71325,20190220,  -12,    0
 11208, 71325,20190221,  -23,    0
 11208, 71325,20190222,  -11,    0
 11208, 71325,20190223,   19,    0
 11208, 71325,20190224,   39,    0
 11208, 71325,20190225,  -11,    0
 11208, 71325,20190226,    4,    0
 11208, 71325,20190227,    5,    0
 11208, 71325,20190228,   11,    0
 11208, 71325,20190301,  -12,    0
 11208, 71325,20190302,  -28,    0
 11208, 71325,20190303,    4,    0
 11208, 71325,20190304,   -7,    0
 11208, 71325,20190305,  -35,    0
 11208, 71325,20190306,  -41,    0
 11208, 71325,20190307,   -4,    0
 11208, 71325,20190308,    0,    0
 11208, 71325,20190309,  -53,    0
 11208, 71325,20190310,  -76,    0
 11208, 71325,20190311,  -70,    0
 11208, 71325,20190312,  -87,    0
 11208, 71325,20190313,    3,    0
 11208, 71325,20190314,  -12,    0
 11208, 71325,20190315,  -11,    0
 11208, 71325,20190316,   -8,    0
 11208, 71325,20190317,   15,    0
 11208, 71325,20190318,   16,    0
 11208, 71325,20190319,  -13,    0
 11208, 71325,20190320,   45,    0
 11208, 71325,20190321,   71,    0
 11208, 71325,20190322,   18,    0
 11208, 71325,20190323,   65,    0
 11208, 71325,20190324,   34,    0
 11208, 71325,20190325,   13,    0
 11208, 71325,20190326,   16,    0
 11208, 71325,20190327,   26,    0
 11208, 71325,20190328,   54,    0
 11208, 71325,20190329,   93,    0
 11208, 71325,20190330,   51,    0
 11208, 71325,20190331,   22,    0
 11208, 71325,20190401,   -5,    0
 11208, 71325,20190402,   12,    0
 11208, 71325,20190403,   24,    0
 11208, 71325,20190404,   51,    0
 11208, 71325,20190405,   29,    0
 11208, 71325,20190406,   43,    0
 11208, 71325,20190407,   26,    0
 11208, 71325,20190408,   23,    0
 11208, 71325,20190409,  -11,    0
 11208, 71325,20190410,    1,    0
 11208, 71325,20190411,   -1,    0
 11208, 71325,20190412,    3,    0
 11208, 71325,20190413,   19,    0
 11208, 71325,20190414,   25,    0
 11208, 71325,20190415,   39,    0
 11208, 71325,20190416,   50,    0
 11208, 71325,20190417,   52,    0
 11208, 71325,20190418,   72,    0
 11208, 71325,20190419,   75,    0
 11208, 71325,20190420,   92,    0
 11208, 71325,20190421,  115,    0
 11208, 71325,20190422,  123,    0
 11208, 71325,20190423,  100,    0
 11208, 71325,20190424,  103,    0
 11208, 71325,20190425,  151,    0
 11208, 71325,20190426,  146,    0
 11208, 71325,20190427,  151,    0
 11208, 71325,20190428,  145,    0
 11208, 71325,20190429,-9999,    9
 11208, 71325,20190430,  163,    0
