EUROPEAN CLIMATE ASSESSMENT & DATASET (ECA&D), file created on: 13-05-2019
THESE DATA CAN BE USED FOR NON-COMMERCIAL RESEARCH AND EDUCATION PROVIDED THAT THE FOLLOWING SOURCE IS ACKNOWLEDGED: 

Klein Tank, A.M.G. and Coauthors, 2002. Daily dataset of 20th-century surface
air temperature and precipitation series for the European Climate Assessment.
Int. J. of Climatol., 22, 1441-1453.
Data and metadata available at http://www.ecad.eu

FILE FORMAT (MISSING VALUE CODE = -9999):

01-06 STAID: Station identifier
08-13 SOUID: Source identifier
15-22 DATE : Date YYYYMMDD
24-28 TG   : Mean temperature in 0.1 &#176;C
30-34 Q_TG : quality code for TG (0='valid'; 1='suspect'; 9='missing')

This is the blended series of station SVELGEN II, NORWAY (STAID: 5125)
Blended and updated with sources:34600 
See files sources.txt and stations.txt for more info.

STAID, SOUID,    DATE,   TG, Q_TG
  5125, 34600,20120401,-9999,    9
  5125, 34600,20120402,-9999,    9
  5125, 34600,20120403,-9999,    9
  5125, 34600,20120404,-9999,    9
  5125, 34600,20120405,-9999,    9
  5125, 34600,20120406,-9999,    9
  5125, 34600,20120407,-9999,    9
  5125, 34600,20120408,-9999,    9
  5125, 34600,20120409,-9999,    9
  5125, 34600,20120410,-9999,    9
  5125, 34600,20120411,-9999,    9
  5125, 34600,20120412,-9999,    9
  5125, 34600,20120413,-9999,    9
  5125, 34600,20120414,-9999,    9
  5125, 34600,20120415,-9999,    9
  5125, 34600,20120416,-9999,    9
  5125, 34600,20120417,-9999,    9
  5125, 34600,20120418,-9999,    9
  5125, 34600,20120419,-9999,    9
  5125, 34600,20120420,-9999,    9
  5125, 34600,20120421,-9999,    9
  5125, 34600,20120422,-9999,    9
  5125, 34600,20120423,-9999,    9
  5125, 34600,20120424,-9999,    9
  5125, 34600,20120425,-9999,    9
  5125, 34600,20120426,-9999,    9
  5125, 34600,20120427,-9999,    9
  5125, 34600,20120428,-9999,    9
  5125, 34600,20120429,-9999,    9
  5125, 34600,20120430,-9999,    9
  5125, 34600,20120501,-9999,    9
  5125, 34600,20120502,-9999,    9
  5125, 34600,20120503,-9999,    9
  5125, 34600,20120504,-9999,    9
  5125, 34600,20120505,-9999,    9
  5125, 34600,20120506,-9999,    9
  5125, 34600,20120507,-9999,    9
  5125, 34600,20120508,-9999,    9
  5125, 34600,20120509,-9999,    9
  5125, 34600,20120510,-9999,    9
  5125, 34600,20120511,-9999,    9
  5125, 34600,20120512,-9999,    9
  5125, 34600,20120513,-9999,    9
  5125, 34600,20120514,-9999,    9
  5125, 34600,20120515,-9999,    9
  5125, 34600,20120516,-9999,    9
  5125, 34600,20120517,-9999,    9
  5125, 34600,20120518,-9999,    9
  5125, 34600,20120519,-9999,    9
  5125, 34600,20120520,-9999,    9
  5125, 34600,20120521,-9999,    9
  5125, 34600,20120522,-9999,    9
  5125, 34600,20120523,-9999,    9
  5125, 34600,20120524,-9999,    9
  5125, 34600,20120525,-9999,    9
  5125, 34600,20120526,-9999,    9
  5125, 34600,20120527,-9999,    9
  5125, 34600,20120528,-9999,    9
  5125, 34600,20120529,-9999,    9
  5125, 34600,20120530,-9999,    9
  5125, 34600,20120531,-9999,    9
  5125, 34600,20120601,-9999,    9
  5125, 34600,20120602,-9999,    9
  5125, 34600,20120603,-9999,    9
  5125, 34600,20120604,-9999,    9
  5125, 34600,20120605,-9999,    9
  5125, 34600,20120606,-9999,    9
  5125, 34600,20120607,-9999,    9
  5125, 34600,20120608,-9999,    9
  5125, 34600,20120609,-9999,    9
  5125, 34600,20120610,-9999,    9
  5125, 34600,20120611,-9999,    9
  5125, 34600,20120612,-9999,    9
  5125, 34600,20120613,-9999,    9
  5125, 34600,20120614,-9999,    9
  5125, 34600,20120615,-9999,    9
  5125, 34600,20120616,-9999,    9
  5125, 34600,20120617,-9999,    9
  5125, 34600,20120618,-9999,    9
  5125, 34600,20120619,-9999,    9
  5125, 34600,20120620,-9999,    9
  5125, 34600,20120621,-9999,    9
  5125, 34600,20120622,-9999,    9
  5125, 34600,20120623,-9999,    9
  5125, 34600,20120624,-9999,    9
  5125, 34600,20120625,-9999,    9
  5125, 34600,20120626,-9999,    9
  5125, 34600,20120627,-9999,    9
  5125, 34600,20120628,-9999,    9
  5125, 34600,20120629,-9999,    9
  5125, 34600,20120630,-9999,    9
  5125, 34600,20120701,  125,    0
  5125, 34600,20120702,  119,    0
  5125, 34600,20120703,-9999,    9
  5125, 34600,20120704,  153,    0
  5125, 34600,20120705,  180,    0
  5125, 34600,20120706,  199,    0
  5125, 34600,20120707,  182,    0
  5125, 34600,20120708,  145,    0
  5125, 34600,20120709,  165,    0
  5125, 34600,20120710,  161,    0
  5125, 34600,20120711,  143,    0
  5125, 34600,20120712,  136,    0
  5125, 34600,20120713,  121,    0
  5125, 34600,20120714,  113,    0
  5125, 34600,20120715,  115,    0
  5125, 34600,20120716,  112,    0
  5125, 34600,20120717,  108,    0
  5125, 34600,20120718,  126,    0
  5125, 34600,20120719,  138,    0
  5125, 34600,20120720,  119,    0
  5125, 34600,20120721,  103,    0
  5125, 34600,20120722,  135,    0
  5125, 34600,20120723,  148,    0
  5125, 34600,20120724,  161,    0
  5125, 34600,20120725,  134,    0
  5125, 34600,20120726,  124,    0
  5125, 34600,20120727,  125,    0
  5125, 34600,20120728,  143,    0
  5125, 34600,20120729,  147,    0
  5125, 34600,20120730,  145,    0
  5125, 34600,20120731,  137,    0
  5125, 34600,20120801,  144,    0
  5125, 34600,20120802,  137,    0
  5125, 34600,20120803,  143,    0
  5125, 34600,20120804,  156,    0
  5125, 34600,20120805,  142,    0
  5125, 34600,20120806,  146,    0
  5125, 34600,20120807,  139,    0
  5125, 34600,20120808,  118,    0
  5125, 34600,20120809,  115,    0
  5125, 34600,20120810,  129,    0
  5125, 34600,20120811,  138,    0
  5125, 34600,20120812,  135,    0
  5125, 34600,20120813,  164,    0
  5125, 34600,20120814,  183,    0
  5125, 34600,20120815,  172,    0
  5125, 34600,20120816,  177,    0
  5125, 34600,20120817,  163,    0
  5125, 34600,20120818,  170,    0
  5125, 34600,20120819,  155,    0
  5125, 34600,20120820,  153,    0
  5125, 34600,20120821,  145,    0
  5125, 34600,20120822,  136,    0
  5125, 34600,20120823,  135,    0
  5125, 34600,20120824,  134,    0
  5125, 34600,20120825,  131,    0
  5125, 34600,20120826,  103,    0
  5125, 34600,20120827,  107,    0
  5125, 34600,20120828,  156,    0
  5125, 34600,20120829,  157,    0
  5125, 34600,20120830,  128,    0
  5125, 34600,20120831,  103,    0
  5125, 34600,20120901,  139,    0
  5125, 34600,20120902,  134,    0
  5125, 34600,20120903,  144,    0
  5125, 34600,20120904,  130,    0
  5125, 34600,20120905,   84,    0
  5125, 34600,20120906,   93,    0
  5125, 34600,20120907,  106,    0
  5125, 34600,20120908,  103,    0
  5125, 34600,20120909,  155,    0
  5125, 34600,20120910,  148,    0
  5125, 34600,20120911,   90,    0
  5125, 34600,20120912,   82,    0
  5125, 34600,20120913,   98,    0
  5125, 34600,20120914,  107,    0
  5125, 34600,20120915,  107,    0
  5125, 34600,20120916,  114,    0
  5125, 34600,20120917,   91,    0
  5125, 34600,20120918,   79,    0
  5125, 34600,20120919,   62,    0
  5125, 34600,20120920,   66,    0
  5125, 34600,20120921,   73,    0
  5125, 34600,20120922,   70,    0
  5125, 34600,20120923,   63,    0
  5125, 34600,20120924,   79,    0
  5125, 34600,20120925,   77,    0
  5125, 34600,20120926,   95,    0
  5125, 34600,20120927,   80,    0
  5125, 34600,20120928,   93,    0
  5125, 34600,20120929,   89,    0
  5125, 34600,20120930,   95,    0
  5125, 34600,20121001,  127,    0
  5125, 34600,20121002,  105,    0
  5125, 34600,20121003,  110,    0
  5125, 34600,20121004,   90,    0
  5125, 34600,20121005,   89,    0
  5125, 34600,20121006,   77,    0
  5125, 34600,20121007,   76,    0
  5125, 34600,20121008,   57,    0
  5125, 34600,20121009,   44,    0
  5125, 34600,20121010,   62,    0
  5125, 34600,20121011,   63,    0
  5125, 34600,20121012,   69,    0
  5125, 34600,20121013,   49,    0
  5125, 34600,20121014,   46,    0
  5125, 34600,20121015,   86,    0
  5125, 34600,20121016,   69,    0
  5125, 34600,20121017,   66,    0
  5125, 34600,20121018,   74,    0
  5125, 34600,20121019,   78,    0
  5125, 34600,20121020,   87,    0
  5125, 34600,20121021,   85,    0
  5125, 34600,20121022,  101,    0
  5125, 34600,20121023,   89,    0
  5125, 34600,20121024,   54,    0
  5125, 34600,20121025,   19,    0
  5125, 34600,20121026,   22,    0
  5125, 34600,20121027,   13,    0
  5125, 34600,20121028,   14,    0
  5125, 34600,20121029,    6,    0
  5125, 34600,20121030,    3,    0
  5125, 34600,20121031,   63,    0
  5125, 34600,20121101,  112,    0
  5125, 34600,20121102,   73,    0
  5125, 34600,20121103,   69,    0
  5125, 34600,20121104,   11,    0
  5125, 34600,20121105,   25,    0
  5125, 34600,20121106,   43,    0
  5125, 34600,20121107,   25,    0
  5125, 34600,20121108,   34,    0
  5125, 34600,20121109,   63,    0
  5125, 34600,20121110,   78,    0
  5125, 34600,20121111,   67,    0
  5125, 34600,20121112,   48,    0
  5125, 34600,20121113,  103,    0
  5125, 34600,20121114,   94,    0
  5125, 34600,20121115,   81,    0
  5125, 34600,20121116,   86,    0
  5125, 34600,20121117,   69,    0
  5125, 34600,20121118,   52,    0
  5125, 34600,20121119,   60,    0
  5125, 34600,20121120,  115,    0
  5125, 34600,20121121,  106,    0
  5125, 34600,20121122,   83,    0
  5125, 34600,20121123,   80,    0
  5125, 34600,20121124,   73,    0
  5125, 34600,20121125,   47,    0
  5125, 34600,20121126,   45,    0
  5125, 34600,20121127,   10,    0
  5125, 34600,20121128,   17,    0
  5125, 34600,20121129,   14,    0
  5125, 34600,20121130,    5,    0
  5125, 34600,20121201,  -11,    0
  5125, 34600,20121202,  -42,    0
  5125, 34600,20121203,  -45,    0
  5125, 34600,20121204,  -44,    0
  5125, 34600,20121205,  -51,    0
  5125, 34600,20121206,  -32,    0
  5125, 34600,20121207,  -28,    0
  5125, 34600,20121208,  -18,    0
  5125, 34600,20121209,   17,    0
  5125, 34600,20121210,  -14,    0
  5125, 34600,20121211,   -5,    0
  5125, 34600,20121212,  -30,    0
  5125, 34600,20121213,  -31,    0
  5125, 34600,20121214,    6,    0
  5125, 34600,20121215,   45,    0
  5125, 34600,20121216,   78,    0
  5125, 34600,20121217,   59,    0
  5125, 34600,20121218,   18,    0
  5125, 34600,20121219,   20,    0
  5125, 34600,20121220,  -10,    0
  5125, 34600,20121221,  -26,    0
  5125, 34600,20121222,  -23,    0
  5125, 34600,20121223,   17,    0
  5125, 34600,20121224,   -4,    0
  5125, 34600,20121225,   -1,    0
  5125, 34600,20121226,    5,    0
  5125, 34600,20121227,  -18,    0
  5125, 34600,20121228,   20,    0
  5125, 34600,20121229,   81,    0
  5125, 34600,20121230,   46,    0
  5125, 34600,20121231,   63,    0
  5125, 34600,20130101,   36,    0
  5125, 34600,20130102,   36,    0
  5125, 34600,20130103,   77,    0
  5125, 34600,20130104,   67,    0
  5125, 34600,20130105,   64,    0
  5125, 34600,20130106,   60,    0
  5125, 34600,20130107,   72,    0
  5125, 34600,20130108,   43,    0
  5125, 34600,20130109,   37,    0
  5125, 34600,20130110,   18,    0
  5125, 34600,20130111,  -17,    0
  5125, 34600,20130112,  -35,    0
  5125, 34600,20130113,  -29,    0
  5125, 34600,20130114,  -12,    0
  5125, 34600,20130115,  -22,    0
  5125, 34600,20130116,  -10,    0
  5125, 34600,20130117,  -24,    0
  5125, 34600,20130118,  -46,    0
  5125, 34600,20130119,  -55,    0
  5125, 34600,20130120,  -40,    0
  5125, 34600,20130121,  -26,    0
  5125, 34600,20130122,  -63,    0
  5125, 34600,20130123,  -65,    0
  5125, 34600,20130124,  -60,    0
  5125, 34600,20130125,    9,    0
  5125, 34600,20130126,   29,    0
  5125, 34600,20130127,   45,    0
  5125, 34600,20130128,   58,    0
  5125, 34600,20130129,   61,    0
  5125, 34600,20130130,   47,    0
  5125, 34600,20130131,   13,    0
  5125, 34600,20130201,  -11,    0
  5125, 34600,20130202,   14,    0
  5125, 34600,20130203,   20,    0
  5125, 34600,20130204,   33,    0
  5125, 34600,20130205,   30,    0
  5125, 34600,20130206,    0,    0
  5125, 34600,20130207,  -28,    0
  5125, 34600,20130208,  -40,    0
  5125, 34600,20130209,  -33,    0
  5125, 34600,20130210,  -33,    0
  5125, 34600,20130211,  -46,    0
  5125, 34600,20130212,  -35,    0
  5125, 34600,20130213,  -25,    0
  5125, 34600,20130214,   31,    0
  5125, 34600,20130215,   30,    0
  5125, 34600,20130216,   43,    0
  5125, 34600,20130217,   44,    0
  5125, 34600,20130218,   38,    0
  5125, 34600,20130219,   16,    0
  5125, 34600,20130220,   20,    0
  5125, 34600,20130221,   13,    0
  5125, 34600,20130222,   19,    0
  5125, 34600,20130223,    4,    0
  5125, 34600,20130224,    3,    0
  5125, 34600,20130225,   11,    0
  5125, 34600,20130226,   38,    0
  5125, 34600,20130227,   41,    0
  5125, 34600,20130228,   44,    0
  5125, 34600,20130301,   19,    0
  5125, 34600,20130302,   38,    0
  5125, 34600,20130303,   29,    0
  5125, 34600,20130304,   49,    0
  5125, 34600,20130305,   43,    0
  5125, 34600,20130306,   31,    0
  5125, 34600,20130307,   15,    0
  5125, 34600,20130308,   10,    0
  5125, 34600,20130309,   -7,    0
  5125, 34600,20130310,  -32,    0
  5125, 34600,20130311,  -16,    0
  5125, 34600,20130312,   -5,    0
  5125, 34600,20130313,  -33,    0
  5125, 34600,20130314,  -12,    0
  5125, 34600,20130315,   12,    0
  5125, 34600,20130316,   40,    0
  5125, 34600,20130317,   63,    0
  5125, 34600,20130318,   37,    0
  5125, 34600,20130319,  -18,    0
  5125, 34600,20130320,  -16,    0
  5125, 34600,20130321,    4,    0
  5125, 34600,20130322,   -8,    0
  5125, 34600,20130323,  -14,    0
  5125, 34600,20130324,   -5,    0
  5125, 34600,20130325,   -5,    0
  5125, 34600,20130326,   -6,    0
  5125, 34600,20130327,    9,    0
  5125, 34600,20130328,   10,    0
  5125, 34600,20130329,   13,    0
  5125, 34600,20130330,   10,    0
  5125, 34600,20130331,   14,    0
  5125, 34600,20130401,   15,    0
  5125, 34600,20130402,   34,    0
  5125, 34600,20130403,   29,    0
  5125, 34600,20130404,   26,    0
  5125, 34600,20130405,   16,    0
  5125, 34600,20130406,   10,    0
  5125, 34600,20130407,   18,    0
  5125, 34600,20130408,   13,    0
  5125, 34600,20130409,   18,    0
  5125, 34600,20130410,   20,    0
  5125, 34600,20130411,   28,    0
  5125, 34600,20130412,   49,    0
  5125, 34600,20130413,   53,    0
  5125, 34600,20130414,   93,    0
  5125, 34600,20130415,  108,    0
  5125, 34600,20130416,  100,    0
  5125, 34600,20130417,   71,    0
  5125, 34600,20130418,   79,    0
  5125, 34600,20130419,   43,    0
  5125, 34600,20130420,   65,    0
  5125, 34600,20130421,   95,    0
  5125, 34600,20130422,   60,    0
  5125, 34600,20130423,   61,    0
  5125, 34600,20130424,   54,    0
  5125, 34600,20130425,   58,    0
  5125, 34600,20130426,   57,    0
  5125, 34600,20130427,   49,    0
  5125, 34600,20130428,   50,    0
  5125, 34600,20130429,   43,    0
  5125, 34600,20130430,   30,    0
  5125, 34600,20130501,   43,    0
  5125, 34600,20130502,   29,    0
  5125, 34600,20130503,   21,    0
  5125, 34600,20130504,   44,    0
  5125, 34600,20130505,   87,    0
  5125, 34600,20130506,   94,    0
  5125, 34600,20130507,   84,    0
  5125, 34600,20130508,  139,    0
  5125, 34600,20130509,  113,    0
  5125, 34600,20130510,   97,    0
  5125, 34600,20130511,   84,    0
  5125, 34600,20130512,   96,    0
  5125, 34600,20130513,   78,    0
  5125, 34600,20130514,   82,    0
  5125, 34600,20130515,   94,    0
  5125, 34600,20130516,  112,    0
  5125, 34600,20130517,  152,    0
  5125, 34600,20130518,  202,    0
  5125, 34600,20130519,  186,    0
  5125, 34600,20130520,  187,    0
  5125, 34600,20130521,   94,    0
  5125, 34600,20130522,   79,    0
  5125, 34600,20130523,  123,    0
  5125, 34600,20130524,  101,    0
  5125, 34600,20130525,  106,    0
  5125, 34600,20130526,  105,    0
  5125, 34600,20130527,  132,    0
  5125, 34600,20130528,  168,    0
  5125, 34600,20130529,  185,    0
  5125, 34600,20130530,  184,    0
  5125, 34600,20130531,  150,    0
  5125, 34600,20130601,  111,    0
  5125, 34600,20130602,   90,    0
  5125, 34600,20130603,   96,    0
  5125, 34600,20130604,  112,    0
  5125, 34600,20130605,  117,    0
  5125, 34600,20130606,  103,    0
  5125, 34600,20130607,  103,    0
  5125, 34600,20130608,   96,    0
  5125, 34600,20130609,  102,    0
  5125, 34600,20130610,  140,    0
  5125, 34600,20130611,  143,    0
  5125, 34600,20130612,  125,    0
  5125, 34600,20130613,  136,    0
  5125, 34600,20130614,  112,    0
  5125, 34600,20130615,  140,    0
  5125, 34600,20130616,  141,    0
  5125, 34600,20130617,  118,    0
  5125, 34600,20130618,  125,    0
  5125, 34600,20130619,  153,    0
  5125, 34600,20130620,  134,    0
  5125, 34600,20130621,  121,    0
  5125, 34600,20130622,  136,    0
  5125, 34600,20130623,  139,    0
  5125, 34600,20130624,  134,    0
  5125, 34600,20130625,  125,    0
  5125, 34600,20130626,  134,    0
  5125, 34600,20130627,  180,    0
  5125, 34600,20130628,  155,    0
  5125, 34600,20130629,  105,    0
  5125, 34600,20130630,  131,    0
  5125, 34600,20130701,  134,    0
  5125, 34600,20130702,  123,    0
  5125, 34600,20130703,  138,    0
  5125, 34600,20130704,  156,    0
  5125, 34600,20130705,  127,    0
  5125, 34600,20130706,  174,    0
  5125, 34600,20130707,  136,    0
  5125, 34600,20130708,  135,    0
  5125, 34600,20130709,  126,    0
  5125, 34600,20130710,  128,    0
  5125, 34600,20130711,  135,    0
  5125, 34600,20130712,  135,    0
  5125, 34600,20130713,  130,    0
  5125, 34600,20130714,  116,    0
  5125, 34600,20130715,  114,    0
  5125, 34600,20130716,  127,    0
  5125, 34600,20130717,  142,    0
  5125, 34600,20130718,  128,    0
  5125, 34600,20130719,  127,    0
  5125, 34600,20130720,  135,    0
  5125, 34600,20130721,  159,    0
  5125, 34600,20130722,  187,    0
  5125, 34600,20130723,  172,    0
  5125, 34600,20130724,  197,    0
  5125, 34600,20130725,  208,    0
  5125, 34600,20130726,  189,    0
  5125, 34600,20130727,  181,    0
  5125, 34600,20130728,  179,    0
  5125, 34600,20130729,  181,    0
  5125, 34600,20130730,  171,    0
  5125, 34600,20130731,  137,    0
  5125, 34600,20130801,  141,    0
  5125, 34600,20130802,  177,    0
  5125, 34600,20130803,  186,    0
  5125, 34600,20130804,  166,    0
  5125, 34600,20130805,  169,    0
  5125, 34600,20130806,  151,    0
  5125, 34600,20130807,  132,    0
  5125, 34600,20130808,  155,    0
  5125, 34600,20130809,  138,    0
  5125, 34600,20130810,  134,    0
  5125, 34600,20130811,  129,    0
  5125, 34600,20130812,  124,    0
  5125, 34600,20130813,  119,    0
  5125, 34600,20130814,  126,    0
  5125, 34600,20130815,  145,    0
  5125, 34600,20130816,  143,    0
  5125, 34600,20130817,  151,    0
  5125, 34600,20130818,  149,    0
  5125, 34600,20130819,  133,    0
  5125, 34600,20130820,  133,    0
  5125, 34600,20130821,  126,    0
  5125, 34600,20130822,  140,    0
  5125, 34600,20130823,  161,    0
  5125, 34600,20130824,  179,    0
  5125, 34600,20130825,  168,    0
  5125, 34600,20130826,  185,    0
  5125, 34600,20130827,  162,    0
  5125, 34600,20130828,  117,    0
  5125, 34600,20130829,  120,    0
  5125, 34600,20130830,  151,    0
  5125, 34600,20130831,  109,    0
  5125, 34600,20130901,   96,    0
  5125, 34600,20130902,  122,    0
  5125, 34600,20130903,  131,    0
  5125, 34600,20130904,  174,    0
  5125, 34600,20130905,  196,    0
  5125, 34600,20130906,  130,    0
  5125, 34600,20130907,  142,    0
  5125, 34600,20130908,  162,    0
  5125, 34600,20130909,  146,    0
  5125, 34600,20130910,  137,    0
  5125, 34600,20130911,  146,    0
  5125, 34600,20130912,  146,    0
  5125, 34600,20130913,  119,    0
  5125, 34600,20130914,  101,    0
  5125, 34600,20130915,  126,    0
  5125, 34600,20130916,   96,    0
  5125, 34600,20130917,  126,    0
  5125, 34600,20130918,  107,    0
  5125, 34600,20130919,  100,    0
  5125, 34600,20130920,  110,    0
  5125, 34600,20130921,  116,    0
  5125, 34600,20130922,  103,    0
  5125, 34600,20130923,   95,    0
  5125, 34600,20130924,   99,    0
  5125, 34600,20130925,   92,    0
  5125, 34600,20130926,   79,    0
  5125, 34600,20130927,   64,    0
  5125, 34600,20130928,  101,    0
  5125, 34600,20130929,  116,    0
  5125, 34600,20130930,  110,    0
  5125, 34600,20131001,  100,    0
  5125, 34600,20131002,  115,    0
  5125, 34600,20131003,  138,    0
  5125, 34600,20131004,  163,    0
  5125, 34600,20131005,  112,    0
  5125, 34600,20131006,  128,    0
  5125, 34600,20131007,  133,    0
  5125, 34600,20131008,  132,    0
  5125, 34600,20131009,   88,    0
  5125, 34600,20131010,   86,    0
  5125, 34600,20131011,   64,    0
  5125, 34600,20131012,   63,    0
  5125, 34600,20131013,   80,    0
  5125, 34600,20131014,   79,    0
  5125, 34600,20131015,   99,    0
  5125, 34600,20131016,   80,    0
  5125, 34600,20131017,   48,    0
  5125, 34600,20131018,   42,    0
  5125, 34600,20131019,   40,    0
  5125, 34600,20131020,   46,    0
  5125, 34600,20131021,   78,    0
  5125, 34600,20131022,  116,    0
  5125, 34600,20131023,  140,    0
  5125, 34600,20131024,   95,    0
  5125, 34600,20131025,   79,    0
  5125, 34600,20131026,  105,    0
  5125, 34600,20131027,  114,    0
  5125, 34600,20131028,   82,    0
  5125, 34600,20131029,   72,    0
  5125, 34600,20131030,   56,    0
  5125, 34600,20131031,   89,    0
  5125, 34600,20131101,   80,    0
  5125, 34600,20131102,   66,    0
  5125, 34600,20131103,   90,    0
  5125, 34600,20131104,   53,    0
  5125, 34600,20131105,   53,    0
  5125, 34600,20131106,   52,    0
  5125, 34600,20131107,   61,    0
  5125, 34600,20131108,   67,    0
  5125, 34600,20131109,   47,    0
  5125, 34600,20131110,   34,    0
  5125, 34600,20131111,   63,    0
  5125, 34600,20131112,   73,    0
  5125, 34600,20131113,   59,    0
  5125, 34600,20131114,   70,    0
  5125, 34600,20131115,   80,    0
  5125, 34600,20131116,   98,    0
  5125, 34600,20131117,   59,    0
  5125, 34600,20131118,   54,    0
  5125, 34600,20131119,    5,    0
  5125, 34600,20131120,   37,    0
  5125, 34600,20131121,   41,    0
  5125, 34600,20131122,   49,    0
  5125, 34600,20131123,   45,    0
  5125, 34600,20131124,   10,    0
  5125, 34600,20131125,   24,    0
  5125, 34600,20131126,   83,    0
  5125, 34600,20131127,   87,    0
  5125, 34600,20131128,   45,    0
  5125, 34600,20131129,   49,    0
  5125, 34600,20131130,   54,    0
  5125, 34600,20131201,   48,    0
  5125, 34600,20131202,   66,    0
  5125, 34600,20131203,   49,    0
  5125, 34600,20131204,   28,    0
  5125, 34600,20131205,   -1,    0
  5125, 34600,20131206,   -7,    0
  5125, 34600,20131207,  -19,    0
  5125, 34600,20131208,    8,    0
  5125, 34600,20131209,   57,    0
  5125, 34600,20131210,  104,    0
  5125, 34600,20131211,  117,    0
  5125, 34600,20131212,   82,    0
  5125, 34600,20131213,   51,    0
  5125, 34600,20131214,   87,    0
  5125, 34600,20131215,   84,    0
  5125, 34600,20131216,   73,    0
  5125, 34600,20131217,   63,    0
  5125, 34600,20131218,   80,    0
  5125, 34600,20131219,   80,    0
  5125, 34600,20131220,   54,    0
  5125, 34600,20131221,   74,    0
  5125, 34600,20131222,   54,    0
  5125, 34600,20131223,   45,    0
  5125, 34600,20131224,   76,    0
  5125, 34600,20131225,   70,    0
  5125, 34600,20131226,   76,    0
  5125, 34600,20131227,   75,    0
  5125, 34600,20131228,   70,    0
  5125, 34600,20131229,   36,    0
  5125, 34600,20131230,   59,    0
  5125, 34600,20131231,   66,    0
  5125, 34600,20140101,   72,    0
  5125, 34600,20140102,   84,    0
  5125, 34600,20140103,   84,    0
  5125, 34600,20140104,   81,    0
  5125, 34600,20140105,   79,    0
  5125, 34600,20140106,   78,    0
  5125, 34600,20140107,   86,    0
  5125, 34600,20140108,   76,    0
  5125, 34600,20140109,   50,    0
  5125, 34600,20140110,   16,    0
  5125, 34600,20140111,   -6,    0
  5125, 34600,20140112,  -27,    0
  5125, 34600,20140113,  -23,    0
  5125, 34600,20140114,    5,    0
  5125, 34600,20140115,    1,    0
  5125, 34600,20140116,   38,    0
  5125, 34600,20140117,   28,    0
  5125, 34600,20140118,   36,    0
  5125, 34600,20140119,   51,    0
  5125, 34600,20140120,   47,    0
  5125, 34600,20140121,   15,    0
  5125, 34600,20140122,   38,    0
  5125, 34600,20140123,   36,    0
  5125, 34600,20140124,   29,    0
  5125, 34600,20140125,   27,    0
  5125, 34600,20140126,   23,    0
  5125, 34600,20140127,   10,    0
  5125, 34600,20140128,   38,    0
  5125, 34600,20140129,   37,    0
  5125, 34600,20140130,   -6,    0
  5125, 34600,20140131,   11,    0
  5125, 34600,20140201,   46,    0
  5125, 34600,20140202,   71,    0
  5125, 34600,20140203,   78,    0
  5125, 34600,20140204,   63,    0
  5125, 34600,20140205,   64,    0
  5125, 34600,20140206,   79,    0
  5125, 34600,20140207,   64,    0
  5125, 34600,20140208,   52,    0
  5125, 34600,20140209,   83,    0
  5125, 34600,20140210,   69,    0
  5125, 34600,20140211,   63,    0
  5125, 34600,20140212,   49,    0
  5125, 34600,20140213,   69,    0
  5125, 34600,20140214,   64,    0
  5125, 34600,20140215,   65,    0
  5125, 34600,20140216,   41,    0
  5125, 34600,20140217,   24,    0
  5125, 34600,20140218,   18,    0
  5125, 34600,20140219,   -9,    0
  5125, 34600,20140220,    9,    0
  5125, 34600,20140221,   55,    0
  5125, 34600,20140222,   60,    0
  5125, 34600,20140223,   82,    0
  5125, 34600,20140224,   80,    0
  5125, 34600,20140225,   91,    0
  5125, 34600,20140226,   97,    0
  5125, 34600,20140227,   80,    0
  5125, 34600,20140228,   75,    0
  5125, 34600,20140301,   65,    0
  5125, 34600,20140302,   58,    0
  5125, 34600,20140303,   75,    0
  5125, 34600,20140304,   84,    0
  5125, 34600,20140305,   76,    0
  5125, 34600,20140306,   76,    0
  5125, 34600,20140307,   59,    0
  5125, 34600,20140308,   62,    0
  5125, 34600,20140309,   85,    0
  5125, 34600,20140310,   57,    0
  5125, 34600,20140311,   71,    0
  5125, 34600,20140312,   78,    0
  5125, 34600,20140313,   74,    0
  5125, 34600,20140314,   49,    0
  5125, 34600,20140315,   21,    0
  5125, 34600,20140316,   22,    0
  5125, 34600,20140317,   25,    0
  5125, 34600,20140318,   26,    0
  5125, 34600,20140319,   47,    0
  5125, 34600,20140320,   70,    0
  5125, 34600,20140321,   51,    0
  5125, 34600,20140322,   60,    0
  5125, 34600,20140323,   39,    0
  5125, 34600,20140324,   43,    0
  5125, 34600,20140325,   54,    0
  5125, 34600,20140326,   58,    0
  5125, 34600,20140327,   69,    0
  5125, 34600,20140328,   80,    0
  5125, 34600,20140329,   77,    0
  5125, 34600,20140330,   79,    0
  5125, 34600,20140331,   55,    0
  5125, 34600,20140401,   42,    0
  5125, 34600,20140402,   59,    0
  5125, 34600,20140403,   50,    0
  5125, 34600,20140404,   66,    0
  5125, 34600,20140405,   75,    0
  5125, 34600,20140406,   98,    0
  5125, 34600,20140407,  101,    0
  5125, 34600,20140408,   91,    0
  5125, 34600,20140409,   84,    0
  5125, 34600,20140410,   76,    0
  5125, 34600,20140411,   63,    0
  5125, 34600,20140412,   65,    0
  5125, 34600,20140413,   50,    0
  5125, 34600,20140414,   33,    0
  5125, 34600,20140415,   50,    0
  5125, 34600,20140416,   83,    0
  5125, 34600,20140417,   58,    0
  5125, 34600,20140418,   68,    0
  5125, 34600,20140419,  109,    0
  5125, 34600,20140420,   82,    0
  5125, 34600,20140421,  105,    0
  5125, 34600,20140422,  128,    0
  5125, 34600,20140423,  146,    0
  5125, 34600,20140424,  121,    0
  5125, 34600,20140425,  103,    0
  5125, 34600,20140426,  118,    0
  5125, 34600,20140427,  125,    0
  5125, 34600,20140428,  104,    0
  5125, 34600,20140429,   76,    0
  5125, 34600,20140430,   42,    0
  5125, 34600,20140501,   42,    0
  5125, 34600,20140502,   41,    0
  5125, 34600,20140503,   43,    0
  5125, 34600,20140504,   54,    0
  5125, 34600,20140505,   75,    0
  5125, 34600,20140506,   93,    0
  5125, 34600,20140507,  106,    0
  5125, 34600,20140508,  100,    0
  5125, 34600,20140509,   89,    0
  5125, 34600,20140510,   96,    0
  5125, 34600,20140511,  109,    0
  5125, 34600,20140512,  119,    0
  5125, 34600,20140513,   95,    0
  5125, 34600,20140514,   81,    0
  5125, 34600,20140515,   86,    0
  5125, 34600,20140516,  109,    0
  5125, 34600,20140517,  104,    0
  5125, 34600,20140518,  156,    0
  5125, 34600,20140519,  137,    0
  5125, 34600,20140520,  139,    0
  5125, 34600,20140521,  141,    0
  5125, 34600,20140522,  120,    0
  5125, 34600,20140523,  137,    0
  5125, 34600,20140524,  127,    0
  5125, 34600,20140525,  132,    0
  5125, 34600,20140526,  100,    0
  5125, 34600,20140527,  139,    0
  5125, 34600,20140528,  146,    0
  5125, 34600,20140529,  128,    0
  5125, 34600,20140530,  128,    0
  5125, 34600,20140531,  124,    0
  5125, 34600,20140601,  114,    0
  5125, 34600,20140602,  138,    0
  5125, 34600,20140603,  163,    0
  5125, 34600,20140604,  165,    0
  5125, 34600,20140605,  190,    0
  5125, 34600,20140606,  157,    0
  5125, 34600,20140607,  148,    0
  5125, 34600,20140608,  148,    0
  5125, 34600,20140609,  167,    0
  5125, 34600,20140610,  180,    0
  5125, 34600,20140611,  158,    0
  5125, 34600,20140612,  118,    0
  5125, 34600,20140613,  133,    0
  5125, 34600,20140614,  150,    0
  5125, 34600,20140615,  136,    0
  5125, 34600,20140616,  131,    0
  5125, 34600,20140617,  112,    0
  5125, 34600,20140618,  120,    0
  5125, 34600,20140619,  109,    0
  5125, 34600,20140620,  101,    0
  5125, 34600,20140621,  104,    0
  5125, 34600,20140622,   96,    0
  5125, 34600,20140623,  113,    0
  5125, 34600,20140624,  136,    0
  5125, 34600,20140625,  138,    0
  5125, 34600,20140626,  134,    0
  5125, 34600,20140627,  138,    0
  5125, 34600,20140628,  144,    0
  5125, 34600,20140629,  143,    0
  5125, 34600,20140630,  148,    0
  5125, 34600,20140701,  161,    0
  5125, 34600,20140702,  133,    0
  5125, 34600,20140703,  129,    0
  5125, 34600,20140704,  157,    0
  5125, 34600,20140705,  188,    0
  5125, 34600,20140706,  142,    0
  5125, 34600,20140707,  169,    0
  5125, 34600,20140708,  172,    0
  5125, 34600,20140709,  229,    0
  5125, 34600,20140710,  213,    0
  5125, 34600,20140711,  215,    0
  5125, 34600,20140712,  193,    0
  5125, 34600,20140713,  195,    0
  5125, 34600,20140714,  187,    0
  5125, 34600,20140715,  160,    0
  5125, 34600,20140716,  149,    0
  5125, 34600,20140717,  148,    0
  5125, 34600,20140718,  167,    0
  5125, 34600,20140719,  196,    0
  5125, 34600,20140720,  228,    0
  5125, 34600,20140721,  236,    0
  5125, 34600,20140722,  211,    0
  5125, 34600,20140723,  204,    0
  5125, 34600,20140724,  228,    0
  5125, 34600,20140725,  212,    0
  5125, 34600,20140726,  210,    0
  5125, 34600,20140727,  205,    0
  5125, 34600,20140728,  194,    0
  5125, 34600,20140729,  175,    0
  5125, 34600,20140730,  151,    0
  5125, 34600,20140731,  145,    0
  5125, 34600,20140801,  142,    0
  5125, 34600,20140802,  176,    0
  5125, 34600,20140803,  189,    0
  5125, 34600,20140804,  184,    0
  5125, 34600,20140805,  166,    0
  5125, 34600,20140806,  159,    0
  5125, 34600,20140807,  171,    0
  5125, 34600,20140808,  163,    0
  5125, 34600,20140809,  192,    0
  5125, 34600,20140810,  175,    0
  5125, 34600,20140811,  192,    0
  5125, 34600,20140812,  167,    0
  5125, 34600,20140813,  149,    0
  5125, 34600,20140814,  159,    0
  5125, 34600,20140815,  144,    0
  5125, 34600,20140816,  136,    0
  5125, 34600,20140817,-9999,    9
  5125, 34600,20140818,  136,    0
  5125, 34600,20140819,  127,    0
  5125, 34600,20140820,  118,    0
  5125, 34600,20140821,  113,    0
  5125, 34600,20140822,  134,    0
  5125, 34600,20140823,  133,    0
  5125, 34600,20140824,  124,    0
  5125, 34600,20140825,  133,    0
  5125, 34600,20140826,  152,    0
  5125, 34600,20140827,  145,    0
  5125, 34600,20140828,  132,    0
  5125, 34600,20140829,  155,    0
  5125, 34600,20140830,  168,    0
  5125, 34600,20140831,  186,    0
  5125, 34600,20140901,  154,    0
  5125, 34600,20140902,  144,    0
  5125, 34600,20140903,  154,    0
  5125, 34600,20140904,  158,    0
  5125, 34600,20140905,  163,    0
  5125, 34600,20140906,  150,    0
  5125, 34600,20140907,  147,    0
  5125, 34600,20140908,  141,    0
  5125, 34600,20140909,  133,    0
  5125, 34600,20140910,  124,    0
  5125, 34600,20140911,  137,    0
  5125, 34600,20140912,  130,    0
  5125, 34600,20140913,  141,    0
  5125, 34600,20140914,  147,    0
  5125, 34600,20140915,  138,    0
  5125, 34600,20140916,  132,    0
  5125, 34600,20140917,  127,    0
  5125, 34600,20140918,  121,    0
  5125, 34600,20140919,  137,    0
  5125, 34600,20140920,  134,    0
  5125, 34600,20140921,  103,    0
  5125, 34600,20140922,   94,    0
  5125, 34600,20140923,   90,    0
  5125, 34600,20140924,   95,    0
  5125, 34600,20140925,  112,    0
  5125, 34600,20140926,  125,    0
  5125, 34600,20140927,  118,    0
  5125, 34600,20140928,  128,    0
  5125, 34600,20140929,  109,    0
  5125, 34600,20140930,  146,    0
  5125, 34600,20141001,  136,    0
  5125, 34600,20141002,  123,    0
  5125, 34600,20141003,  139,    0
  5125, 34600,20141004,  176,    0
  5125, 34600,20141005,  122,    0
  5125, 34600,20141006,  164,    0
  5125, 34600,20141007,  118,    0
  5125, 34600,20141008,  116,    0
  5125, 34600,20141009,  110,    0
  5125, 34600,20141010,  111,    0
  5125, 34600,20141011,  122,    0
  5125, 34600,20141012,  101,    0
  5125, 34600,20141013,   84,    0
  5125, 34600,20141014,   62,    0
  5125, 34600,20141015,   60,    0
  5125, 34600,20141016,   62,    0
  5125, 34600,20141017,   68,    0
  5125, 34600,20141018,  107,    0
  5125, 34600,20141019,  134,    0
  5125, 34600,20141020,  104,    0
  5125, 34600,20141021,  116,    0
  5125, 34600,20141022,   85,    0
  5125, 34600,20141023,  117,    0
  5125, 34600,20141024,  108,    0
  5125, 34600,20141025,  107,    0
  5125, 34600,20141026,  112,    0
  5125, 34600,20141027,  100,    0
  5125, 34600,20141028,   97,    0
  5125, 34600,20141029,   61,    0
  5125, 34600,20141030,   55,    0
  5125, 34600,20141031,   81,    0
  5125, 34600,20141101,  143,    0
  5125, 34600,20141102,  119,    0
  5125, 34600,20141103,   81,    0
  5125, 34600,20141104,   73,    0
  5125, 34600,20141105,   52,    0
  5125, 34600,20141106,   90,    0
  5125, 34600,20141107,  108,    0
  5125, 34600,20141108,  107,    0
  5125, 34600,20141109,  109,    0
  5125, 34600,20141110,   85,    0
  5125, 34600,20141111,   71,    0
  5125, 34600,20141112,   97,    0
  5125, 34600,20141113,  113,    0
  5125, 34600,20141114,  110,    0
  5125, 34600,20141115,  100,    0
  5125, 34600,20141116,   57,    0
  5125, 34600,20141117,   29,    0
  5125, 34600,20141118,   47,    0
  5125, 34600,20141119,   38,    0
  5125, 34600,20141120,   45,    0
  5125, 34600,20141121,   31,    0
  5125, 34600,20141122,   36,    0
  5125, 34600,20141123,   74,    0
  5125, 34600,20141124,   48,    0
  5125, 34600,20141125,   64,    0
  5125, 34600,20141126,   66,    0
  5125, 34600,20141127,   71,    0
  5125, 34600,20141128,   60,    0
  5125, 34600,20141129,   55,    0
  5125, 34600,20141130,   49,    0
  5125, 34600,20141201,   67,    0
  5125, 34600,20141202,   45,    0
  5125, 34600,20141203,   87,    0
  5125, 34600,20141204,   87,    0
  5125, 34600,20141205,   54,    0
  5125, 34600,20141206,   39,    0
  5125, 34600,20141207,   50,    0
  5125, 34600,20141208,   35,    0
  5125, 34600,20141209,   35,    0
  5125, 34600,20141210,   48,    0
  5125, 34600,20141211,   53,    0
  5125, 34600,20141212,   50,    0
  5125, 34600,20141213,   21,    0
  5125, 34600,20141214,   58,    0
  5125, 34600,20141215,   17,    0
  5125, 34600,20141216,   16,    0
  5125, 34600,20141217,   40,    0
  5125, 34600,20141218,   55,    0
  5125, 34600,20141219,   32,    0
  5125, 34600,20141220,   14,    0
  5125, 34600,20141221,   37,    0
  5125, 34600,20141222,   44,    0
  5125, 34600,20141223,   24,    0
  5125, 34600,20141224,    3,    0
  5125, 34600,20141225,  -28,    0
  5125, 34600,20141226,  -14,    0
  5125, 34600,20141227,  -21,    0
  5125, 34600,20141228,   -4,    0
  5125, 34600,20141229,   17,    0
  5125, 34600,20141230,   74,    0
  5125, 34600,20141231,   86,    0
  5125, 34600,20150101,   80,    0
  5125, 34600,20150102,   50,    0
  5125, 34600,20150103,   19,    0
  5125, 34600,20150104,   12,    0
  5125, 34600,20150105,   55,    0
  5125, 34600,20150106,   72,    0
  5125, 34600,20150107,   54,    0
  5125, 34600,20150108,   49,    0
  5125, 34600,20150109,   28,    0
  5125, 34600,20150110,   34,    0
  5125, 34600,20150111,   19,    0
  5125, 34600,20150112,   53,    0
  5125, 34600,20150113,   37,    0
  5125, 34600,20150114,   35,    0
  5125, 34600,20150115,   52,    0
  5125, 34600,20150116,   45,    0
  5125, 34600,20150117,   33,    0
  5125, 34600,20150118,    7,    0
  5125, 34600,20150119,   18,    0
  5125, 34600,20150120,   24,    0
  5125, 34600,20150121,   18,    0
  5125, 34600,20150122,  -19,    0
  5125, 34600,20150123,   41,    0
  5125, 34600,20150124,   26,    0
  5125, 34600,20150125,   46,    0
  5125, 34600,20150126,   39,    0
  5125, 34600,20150127,   50,    0
  5125, 34600,20150128,   56,    0
  5125, 34600,20150129,   19,    0
  5125, 34600,20150130,   26,    0
  5125, 34600,20150131,   -1,    0
  5125, 34600,20150201,  -19,    0
  5125, 34600,20150202,   -5,    0
  5125, 34600,20150203,  -10,    0
  5125, 34600,20150204,  -13,    0
  5125, 34600,20150205,   28,    0
  5125, 34600,20150206,   54,    0
  5125, 34600,20150207,   35,    0
  5125, 34600,20150208,   29,    0
  5125, 34600,20150209,   59,    0
  5125, 34600,20150210,   75,    0
  5125, 34600,20150211,   63,    0
  5125, 34600,20150212,   49,    0
  5125, 34600,20150213,   56,    0
  5125, 34600,20150214,   57,    0
  5125, 34600,20150215,   80,    0
  5125, 34600,20150216,   62,    0
  5125, 34600,20150217,   41,    0
  5125, 34600,20150218,   79,    0
  5125, 34600,20150219,   75,    0
  5125, 34600,20150220,   41,    0
  5125, 34600,20150221,   22,    0
  5125, 34600,20150222,   11,    0
  5125, 34600,20150223,   40,    0
  5125, 34600,20150224,   54,    0
  5125, 34600,20150225,   48,    0
  5125, 34600,20150226,   50,    0
  5125, 34600,20150227,   53,    0
  5125, 34600,20150228,   60,    0
  5125, 34600,20150301,   70,    0
  5125, 34600,20150302,   38,    0
  5125, 34600,20150303,   16,    0
  5125, 34600,20150304,   16,    0
  5125, 34600,20150305,   50,    0
  5125, 34600,20150306,   62,    0
  5125, 34600,20150307,   78,    0
  5125, 34600,20150308,   65,    0
  5125, 34600,20150309,   54,    0
  5125, 34600,20150310,   60,    0
  5125, 34600,20150311,   55,    0
  5125, 34600,20150312,   63,    0
  5125, 34600,20150313,   80,    0
  5125, 34600,20150314,   26,    0
  5125, 34600,20150315,   25,    0
  5125, 34600,20150316,   73,    0
  5125, 34600,20150317,   86,    0
  5125, 34600,20150318,   75,    0
  5125, 34600,20150319,   59,    0
  5125, 34600,20150320,   45,    0
  5125, 34600,20150321,   35,    0
  5125, 34600,20150322,   59,    0
  5125, 34600,20150323,   57,    0
  5125, 34600,20150324,   42,    0
  5125, 34600,20150325,   47,    0
  5125, 34600,20150326,   44,    0
  5125, 34600,20150327,   38,    0
  5125, 34600,20150328,   57,    0
  5125, 34600,20150329,   46,    0
  5125, 34600,20150330,   19,    0
  5125, 34600,20150331,   27,    0
  5125, 34600,20150401,   16,    0
  5125, 34600,20150402,   21,    0
  5125, 34600,20150403,   18,    0
  5125, 34600,20150404,   28,    0
  5125, 34600,20150405,   47,    0
  5125, 34600,20150406,   69,    0
  5125, 34600,20150407,   71,    0
  5125, 34600,20150408,   65,    0
  5125, 34600,20150409,   76,    0
  5125, 34600,20150410,  103,    0
  5125, 34600,20150411,   89,    0
  5125, 34600,20150412,   44,    0
  5125, 34600,20150413,   33,    0
  5125, 34600,20150414,   68,    0
  5125, 34600,20150415,   56,    0
  5125, 34600,20150416,   38,    0
  5125, 34600,20150417,   59,    0
  5125, 34600,20150418,   68,    0
  5125, 34600,20150419,  100,    0
  5125, 34600,20150420,   89,    0
  5125, 34600,20150421,   62,    0
  5125, 34600,20150422,   75,    0
  5125, 34600,20150423,   52,    0
  5125, 34600,20150424,   34,    0
  5125, 34600,20150425,   26,    0
  5125, 34600,20150426,   43,    0
  5125, 34600,20150427,   55,    0
  5125, 34600,20150428,   61,    0
  5125, 34600,20150429,   55,    0
  5125, 34600,20150430,   51,    0
  5125, 34600,20150501,-9999,    9
  5125, 34600,20150502,   46,    0
  5125, 34600,20150503,   77,    0
  5125, 34600,20150504,  104,    0
  5125, 34600,20150505,  116,    0
  5125, 34600,20150506,  122,    0
  5125, 34600,20150507,   81,    0
  5125, 34600,20150508,   57,    0
  5125, 34600,20150509,   73,    0
  5125, 34600,20150510,   79,    0
  5125, 34600,20150511,  104,    0
  5125, 34600,20150512,   99,    0
  5125, 34600,20150513,   78,    0
  5125, 34600,20150514,   70,    0
  5125, 34600,20150515,   96,    0
  5125, 34600,20150516,   82,    0
  5125, 34600,20150517,   69,    0
  5125, 34600,20150518,   99,    0
  5125, 34600,20150519,  111,    0
  5125, 34600,20150520,   77,    0
  5125, 34600,20150521,   84,    0
  5125, 34600,20150522,   71,    0
  5125, 34600,20150523,   66,    0
  5125, 34600,20150524,   83,    0
  5125, 34600,20150525,   81,    0
  5125, 34600,20150526,   78,    0
  5125, 34600,20150527,   81,    0
  5125, 34600,20150528,   88,    0
  5125, 34600,20150529,   81,    0
  5125, 34600,20150530,   78,    0
  5125, 34600,20150531,   85,    0
  5125, 34600,20150601,   78,    0
  5125, 34600,20150602,   92,    0
  5125, 34600,20150603,   77,    0
  5125, 34600,20150604,   86,    0
  5125, 34600,20150605,  116,    0
  5125, 34600,20150606,  125,    0
  5125, 34600,20150607,   88,    0
  5125, 34600,20150608,   94,    0
  5125, 34600,20150609,   94,    0
  5125, 34600,20150610,   95,    0
  5125, 34600,20150611,   96,    0
  5125, 34600,20150612,   90,    0
  5125, 34600,20150613,   92,    0
  5125, 34600,20150614,   69,    0
  5125, 34600,20150615,   75,    0
  5125, 34600,20150616,   93,    0
  5125, 34600,20150617,  108,    0
  5125, 34600,20150618,  105,    0
  5125, 34600,20150619,  130,    0
  5125, 34600,20150620,  117,    0
  5125, 34600,20150621,  135,    0
  5125, 34600,20150622,  161,    0
  5125, 34600,20150623,  122,    0
  5125, 34600,20150624,  106,    0
  5125, 34600,20150625,  100,    0
  5125, 34600,20150626,  130,    0
  5125, 34600,20150627,  143,    0
  5125, 34600,20150628,  133,    0
  5125, 34600,20150629,  126,    0
  5125, 34600,20150630,  143,    0
  5125, 34600,20150701,  201,    0
  5125, 34600,20150702,  228,    0
  5125, 34600,20150703,  168,    0
  5125, 34600,20150704,  185,    0
  5125, 34600,20150705,  176,    0
  5125, 34600,20150706,  135,    0
  5125, 34600,20150707,  120,    0
  5125, 34600,20150708,  120,    0
  5125, 34600,20150709,  101,    0
  5125, 34600,20150710,  112,    0
  5125, 34600,20150711,  133,    0
  5125, 34600,20150712,  145,    0
  5125, 34600,20150713,  128,    0
  5125, 34600,20150714,  124,    0
  5125, 34600,20150715,  115,    0
  5125, 34600,20150716,  108,    0
  5125, 34600,20150717,  123,    0
  5125, 34600,20150718,  124,    0
  5125, 34600,20150719,  123,    0
  5125, 34600,20150720,  124,    0
  5125, 34600,20150721,  118,    0
  5125, 34600,20150722,  120,    0
  5125, 34600,20150723,  117,    0
  5125, 34600,20150724,  112,    0
  5125, 34600,20150725,  135,    0
  5125, 34600,20150726,  147,    0
  5125, 34600,20150727,  131,    0
  5125, 34600,20150728,  141,    0
  5125, 34600,20150729,  150,    0
  5125, 34600,20150730,  118,    0
  5125, 34600,20150731,  104,    0
  5125, 34600,20150801,  126,    0
  5125, 34600,20150802,  119,    0
  5125, 34600,20150803,  135,    0
  5125, 34600,20150804,  170,    0
  5125, 34600,20150805,  163,    0
  5125, 34600,20150806,  173,    0
  5125, 34600,20150807,  145,    0
  5125, 34600,20150808,  136,    0
  5125, 34600,20150809,  155,    0
  5125, 34600,20150810,  177,    0
  5125, 34600,20150811,  146,    0
  5125, 34600,20150812,  126,    0
  5125, 34600,20150813,  148,    0
  5125, 34600,20150814,  171,    0
  5125, 34600,20150815,  194,    0
  5125, 34600,20150816,  166,    0
  5125, 34600,20150817,  156,    0
  5125, 34600,20150818,  174,    0
  5125, 34600,20150819,  201,    0
  5125, 34600,20150820,  193,    0
  5125, 34600,20150821,  214,    0
  5125, 34600,20150822,  212,    0
  5125, 34600,20150823,  194,    0
  5125, 34600,20150824,  211,    0
  5125, 34600,20150825,  192,    0
  5125, 34600,20150826,  166,    0
  5125, 34600,20150827,  163,    0
  5125, 34600,20150828,  129,    0
  5125, 34600,20150829,  135,    0
  5125, 34600,20150830,  131,    0
  5125, 34600,20150831,  131,    0
  5125, 34600,20150901,  140,    0
  5125, 34600,20150902,  150,    0
  5125, 34600,20150903,  148,    0
  5125, 34600,20150904,  114,    0
  5125, 34600,20150905,   98,    0
  5125, 34600,20150906,  110,    0
  5125, 34600,20150907,  129,    0
  5125, 34600,20150908,  129,    0
  5125, 34600,20150909,  125,    0
  5125, 34600,20150910,  122,    0
  5125, 34600,20150911,  125,    0
  5125, 34600,20150912,  169,    0
  5125, 34600,20150913,  162,    0
  5125, 34600,20150914,  191,    0
  5125, 34600,20150915,  158,    0
  5125, 34600,20150916,  137,    0
  5125, 34600,20150917,  130,    0
  5125, 34600,20150918,  114,    0
  5125, 34600,20150919,  102,    0
  5125, 34600,20150920,  101,    0
  5125, 34600,20150921,   84,    0
  5125, 34600,20150922,   92,    0
  5125, 34600,20150923,  123,    0
  5125, 34600,20150924,  121,    0
  5125, 34600,20150925,   95,    0
  5125, 34600,20150926,   93,    0
  5125, 34600,20150927,  106,    0
  5125, 34600,20150928,  134,    0
  5125, 34600,20150929,  148,    0
  5125, 34600,20150930,  128,    0
  5125, 34600,20151001,  121,    0
  5125, 34600,20151002,  108,    0
  5125, 34600,20151003,  106,    0
  5125, 34600,20151004,  101,    0
  5125, 34600,20151005,   92,    0
  5125, 34600,20151006,  153,    0
  5125, 34600,20151007,  132,    0
  5125, 34600,20151008,  119,    0
  5125, 34600,20151009,  119,    0
  5125, 34600,20151010,  114,    0
  5125, 34600,20151011,  102,    0
  5125, 34600,20151012,  100,    0
  5125, 34600,20151013,   96,    0
  5125, 34600,20151014,  106,    0
  5125, 34600,20151015,  108,    0
  5125, 34600,20151016,   86,    0
  5125, 34600,20151017,   99,    0
  5125, 34600,20151018,   91,    0
  5125, 34600,20151019,   78,    0
  5125, 34600,20151020,   88,    0
  5125, 34600,20151021,  107,    0
  5125, 34600,20151022,  113,    0
  5125, 34600,20151023,  102,    0
  5125, 34600,20151024,  102,    0
  5125, 34600,20151025,   71,    0
  5125, 34600,20151026,  101,    0
  5125, 34600,20151027,  108,    0
  5125, 34600,20151028,   61,    0
  5125, 34600,20151029,   63,    0
  5125, 34600,20151030,  124,    0
  5125, 34600,20151031,  142,    0
  5125, 34600,20151101,  116,    0
  5125, 34600,20151102,  130,    0
  5125, 34600,20151103,  124,    0
  5125, 34600,20151104,   92,    0
  5125, 34600,20151105,   88,    0
  5125, 34600,20151106,  135,    0
  5125, 34600,20151107,  110,    0
  5125, 34600,20151108,   93,    0
  5125, 34600,20151109,   84,    0
  5125, 34600,20151110,   81,    0
  5125, 34600,20151111,   77,    0
  5125, 34600,20151112,   81,    0
  5125, 34600,20151113,   82,    0
  5125, 34600,20151114,   70,    0
  5125, 34600,20151115,   65,    0
  5125, 34600,20151116,   69,    0
  5125, 34600,20151117,   64,    0
  5125, 34600,20151118,   46,    0
  5125, 34600,20151119,   41,    0
  5125, 34600,20151120,   22,    0
  5125, 34600,20151121,    0,    0
  5125, 34600,20151122,   -1,    0
  5125, 34600,20151123,   61,    0
  5125, 34600,20151124,   67,    0
  5125, 34600,20151125,   29,    0
  5125, 34600,20151126,   61,    0
  5125, 34600,20151127,   86,    0
  5125, 34600,20151128,   40,    0
  5125, 34600,20151129,   36,    0
  5125, 34600,20151130,   31,    0
  5125, 34600,20151201,   31,    0
  5125, 34600,20151202,   78,    0
  5125, 34600,20151203,   60,    0
  5125, 34600,20151204,   52,    0
  5125, 34600,20151205,   74,    0
  5125, 34600,20151206,   60,    0
  5125, 34600,20151207,   34,    0
  5125, 34600,20151208,  112,    0
  5125, 34600,20151209,   74,    0
  5125, 34600,20151210,   66,    0
  5125, 34600,20151211,   44,    0
  5125, 34600,20151212,   22,    0
  5125, 34600,20151213,    6,    0
  5125, 34600,20151214,   21,    0
  5125, 34600,20151215,   18,    0
  5125, 34600,20151216,   44,    0
  5125, 34600,20151217,  109,    0
  5125, 34600,20151218,   92,    0
  5125, 34600,20151219,  108,    0
  5125, 34600,20151220,   94,    0
  5125, 34600,20151221,   79,    0
  5125, 34600,20151222,   73,    0
  5125, 34600,20151223,   76,    0
  5125, 34600,20151224,   82,    0
  5125, 34600,20151225,   44,    0
  5125, 34600,20151226,   -5,    0
  5125, 34600,20151227,   -3,    0
  5125, 34600,20151228,   43,    0
  5125, 34600,20151229,  106,    0
  5125, 34600,20151230,  113,    0
  5125, 34600,20151231,   76,    0
  5125, 34600,20160101,   58,    0
  5125, 34600,20160102,   54,    0
  5125, 34600,20160103,  -11,    0
  5125, 34600,20160104,  -41,    0
  5125, 34600,20160105,  -16,    0
  5125, 34600,20160106,  -28,    0
  5125, 34600,20160107,  -37,    0
  5125, 34600,20160108,  -51,    0
  5125, 34600,20160109,  -58,    0
  5125, 34600,20160110,  -15,    0
  5125, 34600,20160111,   25,    0
  5125, 34600,20160112,    2,    0
  5125, 34600,20160113,    7,    0
  5125, 34600,20160114,   20,    0
  5125, 34600,20160115,  -12,    0
  5125, 34600,20160116,  -31,    0
  5125, 34600,20160117,  -13,    0
  5125, 34600,20160118,  -18,    0
  5125, 34600,20160119,  -26,    0
  5125, 34600,20160120,  -36,    0
  5125, 34600,20160121,  -12,    0
  5125, 34600,20160122,   46,    0
  5125, 34600,20160123,   70,    0
  5125, 34600,20160124,   77,    0
  5125, 34600,20160125,  110,    0
  5125, 34600,20160126,   64,    0
  5125, 34600,20160127,   43,    0
  5125, 34600,20160128,   37,    0
  5125, 34600,20160129,   66,    0
  5125, 34600,20160130,   28,    0
  5125, 34600,20160131,    5,    0
  5125, 34600,20160201,   36,    0
  5125, 34600,20160202,   37,    0
  5125, 34600,20160203,   13,    0
  5125, 34600,20160204,    7,    0
  5125, 34600,20160205,   46,    0
  5125, 34600,20160206,   49,    0
  5125, 34600,20160207,   66,    0
  5125, 34600,20160208,   55,    0
  5125, 34600,20160209,   40,    0
  5125, 34600,20160210,   35,    0
  5125, 34600,20160211,    9,    0
  5125, 34600,20160212,  -17,    0
  5125, 34600,20160213,  -18,    0
  5125, 34600,20160214,  -30,    0
  5125, 34600,20160215,  -17,    0
  5125, 34600,20160216,   31,    0
  5125, 34600,20160217,   47,    0
  5125, 34600,20160218,   26,    0
  5125, 34600,20160219,   40,    0
  5125, 34600,20160220,   30,    0
  5125, 34600,20160221,   26,    0
  5125, 34600,20160222,   17,    0
  5125, 34600,20160223,   18,    0
  5125, 34600,20160224,    9,    0
  5125, 34600,20160225,   12,    0
  5125, 34600,20160226,   17,    0
  5125, 34600,20160227,   13,    0
  5125, 34600,20160228,   17,    0
  5125, 34600,20160229,   34,    0
  5125, 34600,20160301,   39,    0
  5125, 34600,20160302,   38,    0
  5125, 34600,20160303,   17,    0
  5125, 34600,20160304,   46,    0
  5125, 34600,20160305,   28,    0
  5125, 34600,20160306,   16,    0
  5125, 34600,20160307,   14,    0
  5125, 34600,20160308,   12,    0
  5125, 34600,20160309,   57,    0
  5125, 34600,20160310,   65,    0
  5125, 34600,20160311,   59,    0
  5125, 34600,20160312,   66,    0
  5125, 34600,20160313,   83,    0
  5125, 34600,20160314,   63,    0
  5125, 34600,20160315,   60,    0
  5125, 34600,20160316,   50,    0
  5125, 34600,20160317,   53,    0
  5125, 34600,20160318,   52,    0
  5125, 34600,20160319,   42,    0
  5125, 34600,20160320,   40,    0
  5125, 34600,20160321,   42,    0
  5125, 34600,20160322,   36,    0
  5125, 34600,20160323,   24,    0
  5125, 34600,20160324,   54,    0
  5125, 34600,20160325,   57,    0
  5125, 34600,20160326,   78,    0
  5125, 34600,20160327,   85,    0
  5125, 34600,20160328,   83,    0
  5125, 34600,20160329,   54,    0
  5125, 34600,20160330,   41,    0
  5125, 34600,20160331,   18,    0
  5125, 34600,20160401,   49,    0
  5125, 34600,20160402,   68,    0
  5125, 34600,20160403,   68,    0
  5125, 34600,20160404,   77,    0
  5125, 34600,20160405,   81,    0
  5125, 34600,20160406,   63,    0
  5125, 34600,20160407,   60,    0
  5125, 34600,20160408,   47,    0
  5125, 34600,20160409,   37,    0
  5125, 34600,20160410,   56,    0
  5125, 34600,20160411,   63,    0
  5125, 34600,20160412,   60,    0
  5125, 34600,20160413,   74,    0
  5125, 34600,20160414,   41,    0
  5125, 34600,20160415,   30,    0
  5125, 34600,20160416,   44,    0
  5125, 34600,20160417,   51,    0
  5125, 34600,20160418,   49,    0
  5125, 34600,20160419,   47,    0
  5125, 34600,20160420,   53,    0
  5125, 34600,20160421,   54,    0
  5125, 34600,20160422,   27,    0
  5125, 34600,20160423,   22,    0
  5125, 34600,20160424,   22,    0
  5125, 34600,20160425,   40,    0
  5125, 34600,20160426,   49,    0
  5125, 34600,20160427,   61,    0
  5125, 34600,20160428,   70,    0
  5125, 34600,20160429,   54,    0
  5125, 34600,20160430,   85,    0
  5125, 34600,20160501,   79,    0
  5125, 34600,20160502,   96,    0
  5125, 34600,20160503,   77,    0
  5125, 34600,20160504,   96,    0
  5125, 34600,20160505,  127,    0
  5125, 34600,20160506,  124,    0
  5125, 34600,20160507,  114,    0
  5125, 34600,20160508,  165,    0
  5125, 34600,20160509,  178,    0
  5125, 34600,20160510,  151,    0
  5125, 34600,20160511,  144,    0
  5125, 34600,20160512,   76,    0
  5125, 34600,20160513,   51,    0
  5125, 34600,20160514,   55,    0
  5125, 34600,20160515,   75,    0
  5125, 34600,20160516,   64,    0
  5125, 34600,20160517,   72,    0
  5125, 34600,20160518,   68,    0
  5125, 34600,20160519,   87,    0
  5125, 34600,20160520,   95,    0
  5125, 34600,20160521,  126,    0
  5125, 34600,20160522,  111,    0
  5125, 34600,20160523,   93,    0
  5125, 34600,20160524,  107,    0
  5125, 34600,20160525,  140,    0
  5125, 34600,20160526,  133,    0
  5125, 34600,20160527,  139,    0
  5125, 34600,20160528,  134,    0
  5125, 34600,20160529,  168,    0
  5125, 34600,20160530,  154,    0
  5125, 34600,20160531,  151,    0
  5125, 34600,20160601,  140,    0
  5125, 34600,20160602,  166,    0
  5125, 34600,20160603,  179,    0
  5125, 34600,20160604,  169,    0
  5125, 34600,20160605,  170,    0
  5125, 34600,20160606,  162,    0
  5125, 34600,20160607,  130,    0
  5125, 34600,20160608,  116,    0
  5125, 34600,20160609,  102,    0
  5125, 34600,20160610,  114,    0
  5125, 34600,20160611,  127,    0
  5125, 34600,20160612,  135,    0
  5125, 34600,20160613,  152,    0
  5125, 34600,20160614,  162,    0
  5125, 34600,20160615,  163,    0
  5125, 34600,20160616,  156,    0
  5125, 34600,20160617,  151,    0
  5125, 34600,20160618,  109,    0
  5125, 34600,20160619,  113,    0
  5125, 34600,20160620,  119,    0
  5125, 34600,20160621,  132,    0
  5125, 34600,20160622,  164,    0
  5125, 34600,20160623,  151,    0
  5125, 34600,20160624,  155,    0
  5125, 34600,20160625,  133,    0
  5125, 34600,20160626,  138,    0
  5125, 34600,20160627,  127,    0
  5125, 34600,20160628,  120,    0
  5125, 34600,20160629,  121,    0
  5125, 34600,20160630,  137,    0
  5125, 34600,20160701,  137,    0
  5125, 34600,20160702,  130,    0
  5125, 34600,20160703,  124,    0
  5125, 34600,20160704,  126,    0
  5125, 34600,20160705,  126,    0
  5125, 34600,20160706,  113,    0
  5125, 34600,20160707,  123,    0
  5125, 34600,20160708,  152,    0
  5125, 34600,20160709,  124,    0
  5125, 34600,20160710,  123,    0
  5125, 34600,20160711,  150,    0
  5125, 34600,20160712,  153,    0
  5125, 34600,20160713,  157,    0
  5125, 34600,20160714,  141,    0
  5125, 34600,20160715,  139,    0
  5125, 34600,20160716,  124,    0
  5125, 34600,20160717,  116,    0
  5125, 34600,20160718,  135,    0
  5125, 34600,20160719,  136,    0
  5125, 34600,20160720,  187,    0
  5125, 34600,20160721,  207,    0
  5125, 34600,20160722,  173,    0
  5125, 34600,20160723,  173,    0
  5125, 34600,20160724,  172,    0
  5125, 34600,20160725,  164,    0
  5125, 34600,20160726,  147,    0
  5125, 34600,20160727,  141,    0
  5125, 34600,20160728,  134,    0
  5125, 34600,20160729,  135,    0
  5125, 34600,20160730,  126,    0
  5125, 34600,20160731,  130,    0
  5125, 34600,20160801,  135,    0
  5125, 34600,20160802,  138,    0
  5125, 34600,20160803,  155,    0
  5125, 34600,20160804,  164,    0
  5125, 34600,20160805,  157,    0
  5125, 34600,20160806,  146,    0
  5125, 34600,20160807,  150,    0
  5125, 34600,20160808,  141,    0
  5125, 34600,20160809,  108,    0
  5125, 34600,20160810,   83,    0
  5125, 34600,20160811,  100,    0
  5125, 34600,20160812,  132,    0
  5125, 34600,20160813,  120,    0
  5125, 34600,20160814,  125,    0
  5125, 34600,20160815,  125,    0
  5125, 34600,20160816,  146,    0
  5125, 34600,20160817,  140,    0
  5125, 34600,20160818,  143,    0
  5125, 34600,20160819,  140,    0
  5125, 34600,20160820,  150,    0
  5125, 34600,20160821,  171,    0
  5125, 34600,20160822,  173,    0
  5125, 34600,20160823,  160,    0
  5125, 34600,20160824,  151,    0
  5125, 34600,20160825,  154,    0
  5125, 34600,20160826,  130,    0
  5125, 34600,20160827,  128,    0
  5125, 34600,20160828,  134,    0
  5125, 34600,20160829,  129,    0
  5125, 34600,20160830,  142,    0
  5125, 34600,20160831,  162,    0
  5125, 34600,20160901,  128,    0
  5125, 34600,20160902,  126,    0
  5125, 34600,20160903,  119,    0
  5125, 34600,20160904,  130,    0
  5125, 34600,20160905,  146,    0
  5125, 34600,20160906,  161,    0
  5125, 34600,20160907,  132,    0
  5125, 34600,20160908,  178,    0
  5125, 34600,20160909,  167,    0
  5125, 34600,20160910,  153,    0
  5125, 34600,20160911,  131,    0
  5125, 34600,20160912,  182,    0
  5125, 34600,20160913,  216,    0
  5125, 34600,20160914,  166,    0
  5125, 34600,20160915,  186,    0
  5125, 34600,20160916,  189,    0
  5125, 34600,20160917,  169,    0
  5125, 34600,20160918,  175,    0
  5125, 34600,20160919,  153,    0
  5125, 34600,20160920,  137,    0
  5125, 34600,20160921,  144,    0
  5125, 34600,20160922,  164,    0
  5125, 34600,20160923,  133,    0
  5125, 34600,20160924,  156,    0
  5125, 34600,20160925,  200,    0
  5125, 34600,20160926,  142,    0
  5125, 34600,20160927,  131,    0
  5125, 34600,20160928,  106,    0
  5125, 34600,20160929,  105,    0
  5125, 34600,20160930,   90,    0
  5125, 34600,20161001,   77,    0
  5125, 34600,20161002,   88,    0
  5125, 34600,20161003,   99,    0
  5125, 34600,20161004,  102,    0
  5125, 34600,20161005,   88,    0
  5125, 34600,20161006,   66,    0
  5125, 34600,20161007,   74,    0
  5125, 34600,20161008,   75,    0
  5125, 34600,20161009,   60,    0
  5125, 34600,20161010,   77,    0
  5125, 34600,20161011,   59,    0
  5125, 34600,20161012,   51,    0
  5125, 34600,20161013,   49,    0
  5125, 34600,20161014,   42,    0
  5125, 34600,20161015,  112,    0
  5125, 34600,20161016,  127,    0
  5125, 34600,20161017,  123,    0
  5125, 34600,20161018,  125,    0
  5125, 34600,20161019,   93,    0
  5125, 34600,20161020,   61,    0
  5125, 34600,20161021,   72,    0
  5125, 34600,20161022,   56,    0
  5125, 34600,20161023,   50,    0
  5125, 34600,20161024,   73,    0
  5125, 34600,20161025,   81,    0
  5125, 34600,20161026,  102,    0
  5125, 34600,20161027,  100,    0
  5125, 34600,20161028,   69,    0
  5125, 34600,20161029,   59,    0
  5125, 34600,20161030,   67,    0
  5125, 34600,20161031,   88,    0
  5125, 34600,20161101,   48,    0
  5125, 34600,20161102,   40,    0
  5125, 34600,20161103,   35,    0
  5125, 34600,20161104,   39,    0
  5125, 34600,20161105,   38,    0
  5125, 34600,20161106,   25,    0
  5125, 34600,20161107,  -12,    0
  5125, 34600,20161108,  -21,    0
  5125, 34600,20161109,  -12,    0
  5125, 34600,20161110,    1,    0
  5125, 34600,20161111,   60,    0
  5125, 34600,20161112,   70,    0
  5125, 34600,20161113,   83,    0
  5125, 34600,20161114,  103,    0
  5125, 34600,20161115,   96,    0
  5125, 34600,20161116,   70,    0
  5125, 34600,20161117,   48,    0
  5125, 34600,20161118,   46,    0
  5125, 34600,20161119,   40,    0
  5125, 34600,20161120,   51,    0
  5125, 34600,20161121,   29,    0
  5125, 34600,20161122,   31,    0
  5125, 34600,20161123,   32,    0
  5125, 34600,20161124,   49,    0
  5125, 34600,20161125,   97,    0
  5125, 34600,20161126,   61,    0
  5125, 34600,20161127,   35,    0
  5125, 34600,20161128,   25,    0
  5125, 34600,20161129,   48,    0
  5125, 34600,20161130,   26,    0
  5125, 34600,20161201,   40,    0
  5125, 34600,20161202,   26,    0
  5125, 34600,20161203,   43,    0
  5125, 34600,20161204,   72,    0
  5125, 34600,20161205,   56,    0
  5125, 34600,20161206,   29,    0
  5125, 34600,20161207,   99,    0
  5125, 34600,20161208,   95,    0
  5125, 34600,20161209,   78,    0
  5125, 34600,20161210,   78,    0
  5125, 34600,20161211,   53,    0
  5125, 34600,20161212,   56,    0
  5125, 34600,20161213,   45,    0
  5125, 34600,20161214,   52,    0
  5125, 34600,20161215,  108,    0
  5125, 34600,20161216,   99,    0
  5125, 34600,20161217,   69,    0
  5125, 34600,20161218,   93,    0
  5125, 34600,20161219,  106,    0
  5125, 34600,20161220,   93,    0
  5125, 34600,20161221,   65,    0
  5125, 34600,20161222,   48,    0
  5125, 34600,20161223,   58,    0
  5125, 34600,20161224,   50,    0
  5125, 34600,20161225,   70,    0
  5125, 34600,20161226,   48,    0
  5125, 34600,20161227,   30,    0
  5125, 34600,20161228,   79,    0
  5125, 34600,20161229,   92,    0
  5125, 34600,20161230,   86,    0
  5125, 34600,20161231,   52,    0
  5125, 34600,20170101,   23,    0
  5125, 34600,20170102,    1,    0
  5125, 34600,20170103,   30,    0
  5125, 34600,20170104,    9,    0
  5125, 34600,20170105,  -17,    0
  5125, 34600,20170106,   48,    0
  5125, 34600,20170107,   32,    0
  5125, 34600,20170108,   65,    0
  5125, 34600,20170109,   83,    0
  5125, 34600,20170110,   62,    0
  5125, 34600,20170111,   35,    0
  5125, 34600,20170112,   32,    0
  5125, 34600,20170113,   16,    0
  5125, 34600,20170114,  -11,    0
  5125, 34600,20170115,  -32,    0
  5125, 34600,20170116,   -7,    0
  5125, 34600,20170117,   62,    0
  5125, 34600,20170118,   84,    0
  5125, 34600,20170119,   85,    0
  5125, 34600,20170120,   79,    0
  5125, 34600,20170121,   67,    0
  5125, 34600,20170122,   62,    0
  5125, 34600,20170123,   48,    0
  5125, 34600,20170124,   70,    0
  5125, 34600,20170125,  100,    0
  5125, 34600,20170126,  100,    0
  5125, 34600,20170127,   53,    0
  5125, 34600,20170128,   73,    0
  5125, 34600,20170129,   68,    0
  5125, 34600,20170130,   31,    0
  5125, 34600,20170131,   54,    0
  5125, 34600,20170201,   52,    0
  5125, 34600,20170202,   81,    0
  5125, 34600,20170203,  103,    0
  5125, 34600,20170204,   68,    0
  5125, 34600,20170205,   50,    0
  5125, 34600,20170206,   47,    0
  5125, 34600,20170207,   14,    0
  5125, 34600,20170208,  -18,    0
  5125, 34600,20170209,  -23,    0
  5125, 34600,20170210,   -8,    0
  5125, 34600,20170211,  -14,    0
  5125, 34600,20170212,    0,    0
  5125, 34600,20170213,   18,    0
  5125, 34600,20170214,   -2,    0
  5125, 34600,20170215,   48,    0
  5125, 34600,20170216,   66,    0
  5125, 34600,20170217,   44,    0
  5125, 34600,20170218,   74,    0
  5125, 34600,20170219,   65,    0
  5125, 34600,20170220,   58,    0
  5125, 34600,20170221,   40,    0
  5125, 34600,20170222,   38,    0
  5125, 34600,20170223,   -8,    0
  5125, 34600,20170224,  -13,    0
  5125, 34600,20170225,   23,    0
  5125, 34600,20170226,   47,    0
  5125, 34600,20170227,   49,    0
  5125, 34600,20170228,   35,    0
  5125, 34600,20170301,   36,    0
  5125, 34600,20170302,   36,    0
  5125, 34600,20170303,    8,    0
  5125, 34600,20170304,   19,    0
  5125, 34600,20170305,   54,    0
  5125, 34600,20170306,   32,    0
  5125, 34600,20170307,   -6,    0
  5125, 34600,20170308,   10,    0
  5125, 34600,20170309,   35,    0
  5125, 34600,20170310,   37,    0
  5125, 34600,20170311,   51,    0
  5125, 34600,20170312,   79,    0
  5125, 34600,20170313,   66,    0
  5125, 34600,20170314,   68,    0
  5125, 34600,20170315,   49,    0
  5125, 34600,20170316,   66,    0
  5125, 34600,20170317,   35,    0
  5125, 34600,20170318,   17,    0
  5125, 34600,20170319,   35,    0
  5125, 34600,20170320,   56,    0
  5125, 34600,20170321,   42,    0
  5125, 34600,20170322,   12,    0
  5125, 34600,20170323,   23,    0
  5125, 34600,20170324,   49,    0
  5125, 34600,20170325,   70,    0
  5125, 34600,20170326,   79,    0
  5125, 34600,20170327,   73,    0
  5125, 34600,20170328,   57,    0
  5125, 34600,20170329,   45,    0
  5125, 34600,20170330,   48,    0
  5125, 34600,20170331,   86,    0
  5125, 34600,20170401,   88,    0
  5125, 34600,20170402,   66,    0
  5125, 34600,20170403,  101,    0
  5125, 34600,20170404,   76,    0
  5125, 34600,20170405,   53,    0
  5125, 34600,20170406,   63,    0
  5125, 34600,20170407,   71,    0
  5125, 34600,20170408,   77,    0
  5125, 34600,20170409,   79,    0
  5125, 34600,20170410,   35,    0
  5125, 34600,20170411,   36,    0
  5125, 34600,20170412,   58,    0
  5125, 34600,20170413,   51,    0
  5125, 34600,20170414,   45,    0
  5125, 34600,20170415,   29,    0
  5125, 34600,20170416,   34,    0
  5125, 34600,20170417,   35,    0
  5125, 34600,20170418,   42,    0
  5125, 34600,20170419,   58,    0
  5125, 34600,20170420,   70,    0
  5125, 34600,20170421,   37,    0
  5125, 34600,20170422,   33,    0
  5125, 34600,20170423,   16,    0
  5125, 34600,20170424,   24,    0
  5125, 34600,20170425,   39,    0
  5125, 34600,20170426,   30,    0
  5125, 34600,20170427,   53,    0
  5125, 34600,20170428,   70,    0
  5125, 34600,20170429,   83,    0
  5125, 34600,20170430,   72,    0
  5125, 34600,20170501,   97,    0
  5125, 34600,20170502,  108,    0
  5125, 34600,20170503,  118,    0
  5125, 34600,20170504,  132,    0
  5125, 34600,20170505,  144,    0
  5125, 34600,20170506,  149,    0
  5125, 34600,20170507,   96,    0
  5125, 34600,20170508,   71,    0
  5125, 34600,20170509,   48,    0
  5125, 34600,20170510,   68,    0
  5125, 34600,20170511,   70,    0
  5125, 34600,20170512,   92,    0
  5125, 34600,20170513,  118,    0
  5125, 34600,20170514,  109,    0
  5125, 34600,20170515,  124,    0
  5125, 34600,20170516,  142,    0
  5125, 34600,20170517,  135,    0
  5125, 34600,20170518,  108,    0
  5125, 34600,20170519,  137,    0
  5125, 34600,20170520,  168,    0
  5125, 34600,20170521,  116,    0
  5125, 34600,20170522,  114,    0
  5125, 34600,20170523,  121,    0
  5125, 34600,20170524,  108,    0
  5125, 34600,20170525,  107,    0
  5125, 34600,20170526,  142,    0
  5125, 34600,20170527,  203,    0
  5125, 34600,20170528,  172,    0
  5125, 34600,20170529,  151,    0
  5125, 34600,20170530,  110,    0
  5125, 34600,20170531,   98,    0
  5125, 34600,20170601,   97,    0
  5125, 34600,20170602,  123,    0
  5125, 34600,20170603,  130,    0
  5125, 34600,20170604,  117,    0
  5125, 34600,20170605,  110,    0
  5125, 34600,20170606,  134,    0
  5125, 34600,20170607,  156,    0
  5125, 34600,20170608,  131,    0
  5125, 34600,20170609,  129,    0
  5125, 34600,20170610,  136,    0
  5125, 34600,20170611,  141,    0
  5125, 34600,20170612,  122,    0
  5125, 34600,20170613,  119,    0
  5125, 34600,20170614,  139,    0
  5125, 34600,20170615,  161,    0
  5125, 34600,20170616,  125,    0
  5125, 34600,20170617,  138,    0
  5125, 34600,20170618,  127,    0
  5125, 34600,20170619,  112,    0
  5125, 34600,20170620,   94,    0
  5125, 34600,20170621,  101,    0
  5125, 34600,20170622,  117,    0
  5125, 34600,20170623,  124,    0
  5125, 34600,20170624,  112,    0
  5125, 34600,20170625,  117,    0
  5125, 34600,20170626,  100,    0
  5125, 34600,20170627,  109,    0
  5125, 34600,20170628,  146,    0
  5125, 34600,20170629,  182,    0
  5125, 34600,20170630,  191,    0
  5125, 34600,20170701,  129,    0
  5125, 34600,20170702,  125,    0
  5125, 34600,20170703,  115,    0
  5125, 34600,20170704,  120,    0
  5125, 34600,20170705,  131,    0
  5125, 34600,20170706,  121,    0
  5125, 34600,20170707,  132,    0
  5125, 34600,20170708,  123,    0
  5125, 34600,20170709,  125,    0
  5125, 34600,20170710,  127,    0
  5125, 34600,20170711,  119,    0
  5125, 34600,20170712,  108,    0
  5125, 34600,20170713,  117,    0
  5125, 34600,20170714,  125,    0
  5125, 34600,20170715,  149,    0
  5125, 34600,20170716,  126,    0
  5125, 34600,20170717,  108,    0
  5125, 34600,20170718,  125,    0
  5125, 34600,20170719,  156,    0
  5125, 34600,20170720,  188,    0
  5125, 34600,20170721,  178,    0
  5125, 34600,20170722,  189,    0
  5125, 34600,20170723,  187,    0
  5125, 34600,20170724,  164,    0
  5125, 34600,20170725,  172,    0
  5125, 34600,20170726,  160,    0
  5125, 34600,20170727,  158,    0
  5125, 34600,20170728,  142,    0
  5125, 34600,20170729,  146,    0
  5125, 34600,20170730,  162,    0
  5125, 34600,20170731,  147,    0
  5125, 34600,20170801,  148,    0
  5125, 34600,20170802,  141,    0
  5125, 34600,20170803,  157,    0
  5125, 34600,20170804,  149,    0
  5125, 34600,20170805,  150,    0
  5125, 34600,20170806,  152,    0
  5125, 34600,20170807,  139,    0
  5125, 34600,20170808,  136,    0
  5125, 34600,20170809,  153,    0
  5125, 34600,20170810,  137,    0
  5125, 34600,20170811,  153,    0
  5125, 34600,20170812,  131,    0
  5125, 34600,20170813,  111,    0
  5125, 34600,20170814,  123,    0
  5125, 34600,20170815,  148,    0
  5125, 34600,20170816,  145,    0
  5125, 34600,20170817,  167,    0
  5125, 34600,20170818,  155,    0
  5125, 34600,20170819,  144,    0
  5125, 34600,20170820,  128,    0
  5125, 34600,20170821,  138,    0
  5125, 34600,20170822,  133,    0
  5125, 34600,20170823,  121,    0
  5125, 34600,20170824,  133,    0
  5125, 34600,20170825,  130,    0
  5125, 34600,20170826,  123,    0
  5125, 34600,20170827,  138,    0
  5125, 34600,20170828,  162,    0
  5125, 34600,20170829,  133,    0
  5125, 34600,20170830,  121,    0
  5125, 34600,20170831,  120,    0
  5125, 34600,20170901,  114,    0
  5125, 34600,20170902,  126,    0
  5125, 34600,20170903,  131,    0
  5125, 34600,20170904,  157,    0
  5125, 34600,20170905,  144,    0
  5125, 34600,20170906,  134,    0
  5125, 34600,20170907,  121,    0
  5125, 34600,20170908,  137,    0
  5125, 34600,20170909,  128,    0
  5125, 34600,20170910,  124,    0
  5125, 34600,20170911,  130,    0
  5125, 34600,20170912,  127,    0
  5125, 34600,20170913,  122,    0
  5125, 34600,20170914,  114,    0
  5125, 34600,20170915,  115,    0
  5125, 34600,20170916,  137,    0
  5125, 34600,20170917,  121,    0
  5125, 34600,20170918,  117,    0
  5125, 34600,20170919,  122,    0
  5125, 34600,20170920,  117,    0
  5125, 34600,20170921,  140,    0
  5125, 34600,20170922,  145,    0
  5125, 34600,20170923,  142,    0
  5125, 34600,20170924,  139,    0
  5125, 34600,20170925,  162,    0
  5125, 34600,20170926,  162,    0
  5125, 34600,20170927,  183,    0
  5125, 34600,20170928,  188,    0
  5125, 34600,20170929,  184,    0
  5125, 34600,20170930,  151,    0
  5125, 34600,20171001,  147,    0
  5125, 34600,20171002,  128,    0
  5125, 34600,20171003,  106,    0
  5125, 34600,20171004,   80,    0
  5125, 34600,20171005,   79,    0
  5125, 34600,20171006,   82,    0
  5125, 34600,20171007,   62,    0
  5125, 34600,20171008,   70,    0
  5125, 34600,20171009,   76,    0
  5125, 34600,20171010,   94,    0
  5125, 34600,20171011,  104,    0
  5125, 34600,20171012,   78,    0
  5125, 34600,20171013,  124,    0
  5125, 34600,20171014,  112,    0
  5125, 34600,20171015,  124,    0
  5125, 34600,20171016,   87,    0
  5125, 34600,20171017,   86,    0
  5125, 34600,20171018,   81,    0
  5125, 34600,20171019,   80,    0
  5125, 34600,20171020,  121,    0
  5125, 34600,20171021,  144,    0
  5125, 34600,20171022,  126,    0
  5125, 34600,20171023,   94,    0
  5125, 34600,20171024,   88,    0
  5125, 34600,20171025,   97,    0
  5125, 34600,20171026,   87,    0
  5125, 34600,20171027,   82,    0
  5125, 34600,20171028,   68,    0
  5125, 34600,20171029,   42,    0
  5125, 34600,20171030,   32,    0
  5125, 34600,20171031,   94,    0
  5125, 34600,20171101,  103,    0
  5125, 34600,20171102,   61,    0
  5125, 34600,20171103,   80,    0
  5125, 34600,20171104,   79,    0
  5125, 34600,20171105,   50,    0
  5125, 34600,20171106,   50,    0
  5125, 34600,20171107,  102,    0
  5125, 34600,20171108,   77,    0
  5125, 34600,20171109,   68,    0
  5125, 34600,20171110,   32,    0
  5125, 34600,20171111,   35,    0
  5125, 34600,20171112,   38,    0
  5125, 34600,20171113,   17,    0
  5125, 34600,20171114,   54,    0
  5125, 34600,20171115,   47,    0
  5125, 34600,20171116,   59,    0
  5125, 34600,20171117,   52,    0
  5125, 34600,20171118,   49,    0
  5125, 34600,20171119,   28,    0
  5125, 34600,20171120,   18,    0
  5125, 34600,20171121,   -4,    0
  5125, 34600,20171122,   29,    0
  5125, 34600,20171123,   42,    0
  5125, 34600,20171124,   50,    0
  5125, 34600,20171125,   43,    0
  5125, 34600,20171126,   32,    0
  5125, 34600,20171127,   22,    0
  5125, 34600,20171128,   19,    0
  5125, 34600,20171129,    2,    0
  5125, 34600,20171130,    2,    0
  5125, 34600,20171201,   -6,    0
  5125, 34600,20171202,   64,    0
  5125, 34600,20171203,   33,    0
  5125, 34600,20171204,   20,    0
  5125, 34600,20171205,   59,    0
  5125, 34600,20171206,   51,    0
  5125, 34600,20171207,   81,    0
  5125, 34600,20171208,   42,    0
  5125, 34600,20171209,   23,    0
  5125, 34600,20171210,   16,    0
  5125, 34600,20171211,   21,    0
  5125, 34600,20171212,  -16,    0
  5125, 34600,20171213,   31,    0
  5125, 34600,20171214,   20,    0
  5125, 34600,20171215,   -6,    0
  5125, 34600,20171216,   -5,    0
  5125, 34600,20171217,   28,    0
  5125, 34600,20171218,   40,    0
  5125, 34600,20171219,   94,    0
  5125, 34600,20171220,   75,    0
  5125, 34600,20171221,   50,    0
  5125, 34600,20171222,   59,    0
  5125, 34600,20171223,   56,    0
  5125, 34600,20171224,   44,    0
  5125, 34600,20171225,   27,    0
  5125, 34600,20171226,   22,    0
  5125, 34600,20171227,    2,    0
  5125, 34600,20171228,  -12,    0
  5125, 34600,20171229,   -5,    0
  5125, 34600,20171230,   12,    0
  5125, 34600,20171231,   38,    0
  5125, 34600,20180101,   18,    0
  5125, 34600,20180102,    9,    0
  5125, 34600,20180103,   27,    0
  5125, 34600,20180104,   20,    0
  5125, 34600,20180105,    5,    0
  5125, 34600,20180106,  -16,    0
  5125, 34600,20180107,    7,    0
  5125, 34600,20180108,   44,    0
  5125, 34600,20180109,   54,    0
  5125, 34600,20180110,   92,    0
  5125, 34600,20180111,   61,    0
  5125, 34600,20180112,   26,    0
  5125, 34600,20180113,   11,    0
  5125, 34600,20180114,   48,    0
  5125, 34600,20180115,   38,    0
  5125, 34600,20180116,   24,    0
  5125, 34600,20180117,   13,    0
  5125, 34600,20180118,   17,    0
  5125, 34600,20180119,   25,    0
  5125, 34600,20180120,   14,    0
  5125, 34600,20180121,   15,    0
  5125, 34600,20180122,   28,    0
  5125, 34600,20180123,   59,    0
  5125, 34600,20180124,   60,    0
  5125, 34600,20180125,   45,    0
  5125, 34600,20180126,    9,    0
  5125, 34600,20180127,   26,    0
  5125, 34600,20180128,   46,    0
  5125, 34600,20180129,   19,    0
  5125, 34600,20180130,   31,    0
  5125, 34600,20180131,   37,    0
  5125, 34600,20180201,    7,    0
  5125, 34600,20180202,   13,    0
  5125, 34600,20180203,   -9,    0
  5125, 34600,20180204,   12,    0
  5125, 34600,20180205,   33,    0
  5125, 34600,20180206,   14,    0
  5125, 34600,20180207,    3,    0
  5125, 34600,20180208,   41,    0
  5125, 34600,20180209,   45,    0
  5125, 34600,20180210,   30,    0
  5125, 34600,20180211,   21,    0
  5125, 34600,20180212,    1,    0
  5125, 34600,20180213,   33,    0
  5125, 34600,20180214,   44,    0
  5125, 34600,20180215,   34,    0
  5125, 34600,20180216,   34,    0
  5125, 34600,20180217,   52,    0
  5125, 34600,20180218,   38,    0
  5125, 34600,20180219,   17,    0
  5125, 34600,20180220,   14,    0
  5125, 34600,20180221,   16,    0
  5125, 34600,20180222,   -1,    0
  5125, 34600,20180223,   13,    0
  5125, 34600,20180224,   23,    0
  5125, 34600,20180225,   21,    0
  5125, 34600,20180226,    6,    0
  5125, 34600,20180227,  -26,    0
  5125, 34600,20180228,  -60,    0
  5125, 34600,20180301,  -66,    0
  5125, 34600,20180302,  -44,    0
  5125, 34600,20180303,  -19,    0
  5125, 34600,20180304,  -20,    0
  5125, 34600,20180305,  -26,    0
  5125, 34600,20180306,  -27,    0
  5125, 34600,20180307,   -5,    0
  5125, 34600,20180308,   25,    0
  5125, 34600,20180309,   15,    0
  5125, 34600,20180310,   13,    0
  5125, 34600,20180311,   17,    0
  5125, 34600,20180312,   18,    0
  5125, 34600,20180313,   21,    0
  5125, 34600,20180314,   18,    0
  5125, 34600,20180315,   18,    0
  5125, 34600,20180316,   -2,    0
  5125, 34600,20180317,  -35,    0
  5125, 34600,20180318,  -13,    0
  5125, 34600,20180319,   22,    0
  5125, 34600,20180320,   11,    0
  5125, 34600,20180321,   28,    0
  5125, 34600,20180322,   40,    0
  5125, 34600,20180323,   79,    0
  5125, 34600,20180324,   56,    0
  5125, 34600,20180325,   44,    0
  5125, 34600,20180326,   30,    0
  5125, 34600,20180327,   30,    0
  5125, 34600,20180328,   15,    0
  5125, 34600,20180329,    9,    0
  5125, 34600,20180330,    3,    0
  5125, 34600,20180331,   -1,    0
  5125, 34600,20180401,    8,    0
  5125, 34600,20180402,    9,    0
  5125, 34600,20180403,   12,    0
  5125, 34600,20180404,   10,    0
  5125, 34600,20180405,   14,    0
  5125, 34600,20180406,   28,    0
  5125, 34600,20180407,   63,    0
  5125, 34600,20180408,   66,    0
  5125, 34600,20180409,   54,    0
  5125, 34600,20180410,   70,    0
  5125, 34600,20180411,   69,    0
  5125, 34600,20180412,   82,    0
  5125, 34600,20180413,  107,    0
  5125, 34600,20180414,  108,    0
  5125, 34600,20180415,  101,    0
  5125, 34600,20180416,   90,    0
  5125, 34600,20180417,  107,    0
  5125, 34600,20180418,  117,    0
  5125, 34600,20180419,  143,    0
  5125, 34600,20180420,   93,    0
  5125, 34600,20180421,   75,    0
  5125, 34600,20180422,   99,    0
  5125, 34600,20180423,   82,    0
  5125, 34600,20180424,   63,    0
  5125, 34600,20180425,   61,    0
  5125, 34600,20180426,   67,    0
  5125, 34600,20180427,   62,    0
  5125, 34600,20180428,   52,    0
  5125, 34600,20180429,   58,    0
  5125, 34600,20180430,   81,    0
  5125, 34600,20180501,   93,    0
  5125, 34600,20180502,  103,    0
  5125, 34600,20180503,   82,    0
  5125, 34600,20180504,   97,    0
  5125, 34600,20180505,  126,    0
  5125, 34600,20180506,  109,    0
  5125, 34600,20180507,  113,    0
  5125, 34600,20180508,  177,    0
  5125, 34600,20180509,  171,    0
  5125, 34600,20180510,  109,    0
  5125, 34600,20180511,  109,    0
  5125, 34600,20180512,  111,    0
  5125, 34600,20180513,  146,    0
  5125, 34600,20180514,  147,    0
  5125, 34600,20180515,  134,    0
  5125, 34600,20180516,  101,    0
  5125, 34600,20180517,  103,    0
  5125, 34600,20180518,  117,    0
  5125, 34600,20180519,  129,    0
  5125, 34600,20180520,  168,    0
  5125, 34600,20180521,  170,    0
  5125, 34600,20180522,  135,    0
  5125, 34600,20180523,  135,    0
  5125, 34600,20180524,  124,    0
  5125, 34600,20180525,  140,    0
  5125, 34600,20180526,  160,    0
  5125, 34600,20180527,  185,    0
  5125, 34600,20180528,  186,    0
  5125, 34600,20180529,  199,    0
  5125, 34600,20180530,  237,    0
  5125, 34600,20180531,  226,    0
  5125, 34600,20180601,  208,    0
  5125, 34600,20180602,  201,    0
  5125, 34600,20180603,  177,    0
  5125, 34600,20180604,  129,    0
  5125, 34600,20180605,  128,    0
  5125, 34600,20180606,  159,    0
  5125, 34600,20180607,  155,    0
  5125, 34600,20180608,  170,    0
  5125, 34600,20180609,  173,    0
  5125, 34600,20180610,  143,    0
  5125, 34600,20180611,  134,    0
  5125, 34600,20180612,  121,    0
  5125, 34600,20180613,  116,    0
  5125, 34600,20180614,  135,    0
  5125, 34600,20180615,  111,    0
  5125, 34600,20180616,  116,    0
  5125, 34600,20180617,  129,    0
  5125, 34600,20180618,  126,    0
  5125, 34600,20180619,-9999,    9
  5125, 34600,20180620,  102,    0
  5125, 34600,20180621,   90,    0
  5125, 34600,20180622,  105,    0
  5125, 34600,20180623,  111,    0
  5125, 34600,20180624,  120,    0
  5125, 34600,20180625,  123,    0
  5125, 34600,20180626,  114,    0
  5125, 34600,20180627,  129,    0
  5125, 34600,20180628,  142,    0
  5125, 34600,20180629,  148,    0
  5125, 34600,20180630,  158,    0
  5125, 34600,20180701,  165,    0
  5125, 34600,20180702,  148,    0
  5125, 34600,20180703,  149,    0
  5125, 34600,20180704,  188,    0
  5125, 34600,20180705,  135,    0
  5125, 34600,20180706,  124,    0
  5125, 34600,20180707,  144,    0
  5125, 34600,20180708,  127,    0
  5125, 34600,20180709,  137,    0
  5125, 34600,20180710,  182,    0
  5125, 34600,20180711,  171,    0
  5125, 34600,20180712,  162,    0
  5125, 34600,20180713,  144,    0
  5125, 34600,20180714,  140,    0
  5125, 34600,20180715,  185,    0
  5125, 34600,20180716,  194,    0
  5125, 34600,20180717,  186,    0
  5125, 34600,20180718,  151,    0
  5125, 34600,20180719,  147,    0
  5125, 34600,20180720,  156,    0
  5125, 34600,20180721,  165,    0
  5125, 34600,20180722,  162,    0
  5125, 34600,20180723,  155,    0
  5125, 34600,20180724,  162,    0
  5125, 34600,20180725,  157,    0
  5125, 34600,20180726,  172,    0
  5125, 34600,20180727,  243,    0
  5125, 34600,20180728,  267,    0
  5125, 34600,20180729,  194,    0
  5125, 34600,20180730,  195,    0
  5125, 34600,20180731,  192,    0
  5125, 34600,20180801,  189,    0
  5125, 34600,20180802,  177,    0
  5125, 34600,20180803,  167,    0
  5125, 34600,20180804,  143,    0
  5125, 34600,20180805,  123,    0
  5125, 34600,20180806,  141,    0
  5125, 34600,20180807,  168,    0
  5125, 34600,20180808,  171,    0
  5125, 34600,20180809,  146,    0
  5125, 34600,20180810,  125,    0
  5125, 34600,20180811,  122,    0
  5125, 34600,20180812,  123,    0
  5125, 34600,20180813,  136,    0
  5125, 34600,20180814,  144,    0
  5125, 34600,20180815,  162,    0
  5125, 34600,20180816,  143,    0
  5125, 34600,20180817,  138,    0
  5125, 34600,20180818,  136,    0
  5125, 34600,20180819,  121,    0
  5125, 34600,20180820,  110,    0
  5125, 34600,20180821,  127,    0
  5125, 34600,20180822,  138,    0
  5125, 34600,20180823,  125,    0
  5125, 34600,20180824,  114,    0
  5125, 34600,20180825,   99,    0
  5125, 34600,20180826,   97,    0
  5125, 34600,20180827,  114,    0
  5125, 34600,20180828,  147,    0
  5125, 34600,20180829,  144,    0
  5125, 34600,20180830,  122,    0
  5125, 34600,20180831,  117,    0
  5125, 34600,20180901,  149,    0
  5125, 34600,20180902,  175,    0
  5125, 34600,20180903,  150,    0
  5125, 34600,20180904,  136,    0
  5125, 34600,20180905,  135,    0
  5125, 34600,20180906,  127,    0
  5125, 34600,20180907,  174,    0
  5125, 34600,20180908,  153,    0
  5125, 34600,20180909,  133,    0
  5125, 34600,20180910,  129,    0
  5125, 34600,20180911,  120,    0
  5125, 34600,20180912,  106,    0
  5125, 34600,20180913,  104,    0
  5125, 34600,20180914,  101,    0
  5125, 34600,20180915,   92,    0
  5125, 34600,20180916,  109,    0
  5125, 34600,20180917,  116,    0
  5125, 34600,20180918,  165,    0
  5125, 34600,20180919,  151,    0
  5125, 34600,20180920,  115,    0
  5125, 34600,20180921,   92,    0
  5125, 34600,20180922,   93,    0
  5125, 34600,20180923,   68,    0
  5125, 34600,20180924,   57,    0
  5125, 34600,20180925,  103,    0
  5125, 34600,20180926,  101,    0
  5125, 34600,20180927,   74,    0
  5125, 34600,20180928,   67,    0
  5125, 34600,20180929,   91,    0
  5125, 34600,20180930,   77,    0
  5125, 34600,20181001,   68,    0
  5125, 34600,20181002,   62,    0
  5125, 34600,20181003,   60,    0
  5125, 34600,20181004,   92,    0
  5125, 34600,20181005,   82,    0
  5125, 34600,20181006,   57,    0
  5125, 34600,20181007,   71,    0
  5125, 34600,20181008,   93,    0
  5125, 34600,20181009,   99,    0
  5125, 34600,20181010,  131,    0
  5125, 34600,20181011,  166,    0
  5125, 34600,20181012,  181,    0
  5125, 34600,20181013,  138,    0
  5125, 34600,20181014,  137,    0
  5125, 34600,20181015,   79,    0
  5125, 34600,20181016,  121,    0
  5125, 34600,20181017,  112,    0
  5125, 34600,20181018,   82,    0
  5125, 34600,20181019,   98,    0
  5125, 34600,20181020,  101,    0
  5125, 34600,20181021,   89,    0
  5125, 34600,20181022,   68,    0
  5125, 34600,20181023,   58,    0
  5125, 34600,20181024,   53,    0
  5125, 34600,20181025,   55,    0
  5125, 34600,20181026,   45,    0
  5125, 34600,20181027,   33,    0
  5125, 34600,20181028,   13,    0
  5125, 34600,20181029,   20,    0
  5125, 34600,20181030,   35,    0
  5125, 34600,20181031,   61,    0
  5125, 34600,20181101,-9999,    9
  5125, 34600,20181102,   68,    0
  5125, 34600,20181103,   93,    0
  5125, 34600,20181104,  120,    0
  5125, 34600,20181105,  117,    0
  5125, 34600,20181106,   94,    0
  5125, 34600,20181107,  129,    0
  5125, 34600,20181108,  106,    0
  5125, 34600,20181109,  101,    0
  5125, 34600,20181110,  129,    0
  5125, 34600,20181111,  116,    0
  5125, 34600,20181112,  102,    0
  5125, 34600,20181113,   94,    0
  5125, 34600,20181114,  110,    0
  5125, 34600,20181115,  143,    0
  5125, 34600,20181116,  117,    0
  5125, 34600,20181117,   98,    0
  5125, 34600,20181118,   76,    0
  5125, 34600,20181119,   54,    0
  5125, 34600,20181120,   23,    0
  5125, 34600,20181121,   23,    0
  5125, 34600,20181122,   -3,    0
  5125, 34600,20181123,  -14,    0
  5125, 34600,20181124,    0,    0
  5125, 34600,20181125,  -22,    0
  5125, 34600,20181126,   -8,    0
  5125, 34600,20181127,    0,    0
  5125, 34600,20181128,   52,    0
  5125, 34600,20181129,  103,    0
  5125, 34600,20181130,   94,    0
  5125, 34600,20181201,   72,    0
  5125, 34600,20181202,   62,    0
  5125, 34600,20181203,   46,    0
  5125, 34600,20181204,   17,    0
  5125, 34600,20181205,   19,    0
  5125, 34600,20181206,   17,    0
  5125, 34600,20181207,   48,    0
  5125, 34600,20181208,   47,    0
  5125, 34600,20181209,   45,    0
  5125, 34600,20181210,   39,    0
  5125, 34600,20181211,   10,    0
  5125, 34600,20181212,   13,    0
  5125, 34600,20181213,    0,    0
  5125, 34600,20181214,    2,    0
  5125, 34600,20181215,   28,    0
  5125, 34600,20181216,   44,    0
  5125, 34600,20181217,   32,    0
  5125, 34600,20181218,   39,    0
  5125, 34600,20181219,   80,    0
  5125, 34600,20181220,   73,    0
  5125, 34600,20181221,   68,    0
  5125, 34600,20181222,   27,    0
  5125, 34600,20181223,   16,    0
  5125, 34600,20181224,   46,    0
  5125, 34600,20181225,   56,    0
  5125, 34600,20181226,   72,    0
  5125, 34600,20181227,   65,    0
  5125, 34600,20181228,   69,    0
  5125, 34600,20181229,   46,    0
  5125, 34600,20181230,   37,    0
  5125, 34600,20181231,   85,    0
  5125, 34600,20190101,   41,    0
  5125, 34600,20190102,   15,    0
  5125, 34600,20190103,   37,    0
  5125, 34600,20190104,   70,    0
  5125, 34600,20190105,   66,    0
  5125, 34600,20190106,   54,    0
  5125, 34600,20190107,   43,    0
  5125, 34600,20190108,   33,    0
  5125, 34600,20190109,   17,    0
  5125, 34600,20190110,   59,    0
  5125, 34600,20190111,   31,    0
  5125, 34600,20190112,   30,    0
  5125, 34600,20190113,   20,    0
  5125, 34600,20190114,   -1,    0
  5125, 34600,20190115,   20,    0
  5125, 34600,20190116,    9,    0
  5125, 34600,20190117,  -12,    0
  5125, 34600,20190118,   -4,    0
  5125, 34600,20190119,    5,    0
  5125, 34600,20190120,   -7,    0
  5125, 34600,20190121,   16,    0
  5125, 34600,20190122,   40,    0
  5125, 34600,20190123,   30,    0
  5125, 34600,20190124,   31,    0
  5125, 34600,20190125,   23,    0
  5125, 34600,20190126,   17,    0
  5125, 34600,20190127,  -14,    0
  5125, 34600,20190128,  -26,    0
  5125, 34600,20190129,    9,    0
  5125, 34600,20190130,   42,    0
  5125, 34600,20190131,   32,    0
  5125, 34600,20190201,   25,    0
  5125, 34600,20190202,   -5,    0
  5125, 34600,20190203,  -10,    0
  5125, 34600,20190204,   17,    0
  5125, 34600,20190205,  -21,    0
  5125, 34600,20190206,   26,    0
  5125, 34600,20190207,   51,    0
  5125, 34600,20190208,   38,    0
  5125, 34600,20190209,   59,    0
  5125, 34600,20190210,   30,    0
  5125, 34600,20190211,    5,    0
  5125, 34600,20190212,   44,    0
  5125, 34600,20190213,   86,    0
  5125, 34600,20190214,   93,    0
  5125, 34600,20190215,  124,    0
  5125, 34600,20190216,   51,    0
  5125, 34600,20190217,   89,    0
  5125, 34600,20190218,   86,    0
  5125, 34600,20190219,   52,    0
  5125, 34600,20190220,   42,    0
  5125, 34600,20190221,   74,    0
  5125, 34600,20190222,  107,    0
  5125, 34600,20190223,  133,    0
  5125, 34600,20190224,   81,    0
  5125, 34600,20190225,   79,    0
  5125, 34600,20190226,   92,    0
  5125, 34600,20190227,   64,    0
  5125, 34600,20190228,   32,    0
  5125, 34600,20190301,   19,    0
  5125, 34600,20190302,   52,    0
  5125, 34600,20190303,   67,    0
  5125, 34600,20190304,   58,    0
  5125, 34600,20190305,   37,    0
  5125, 34600,20190306,   35,    0
  5125, 34600,20190307,   37,    0
  5125, 34600,20190308,    8,    0
  5125, 34600,20190309,    7,    0
  5125, 34600,20190310,   -9,    0
  5125, 34600,20190311,    1,    0
  5125, 34600,20190312,   37,    0
  5125, 34600,20190313,   35,    0
  5125, 34600,20190314,   32,    0
  5125, 34600,20190315,   48,    0
  5125, 34600,20190316,   40,    0
  5125, 34600,20190317,   46,    0
  5125, 34600,20190318,   39,    0
  5125, 34600,20190319,   40,    0
  5125, 34600,20190320,   68,    0
  5125, 34600,20190321,   62,    0
  5125, 34600,20190322,   80,    0
  5125, 34600,20190323,   45,    0
  5125, 34600,20190324,   42,    0
  5125, 34600,20190325,   38,    0
  5125, 34600,20190326,   39,    0
  5125, 34600,20190327,   69,    0
  5125, 34600,20190328,   91,    0
  5125, 34600,20190329,   70,    0
  5125, 34600,20190330,   35,    0
  5125, 34600,20190331,   19,    0
  5125, 34600,20190401,   51,    0
  5125, 34600,20190402,   59,    0
  5125, 34600,20190403,   67,    0
  5125, 34600,20190404,   96,    0
  5125, 34600,20190405,  100,    0
  5125, 34600,20190406,   66,    0
  5125, 34600,20190407,   68,    0
  5125, 34600,20190408,   57,    0
  5125, 34600,20190409,   54,    0
  5125, 34600,20190410,   42,    0
  5125, 34600,20190411,   48,    0
  5125, 34600,20190412,   46,    0
  5125, 34600,20190413,   51,    0
  5125, 34600,20190414,   62,    0
  5125, 34600,20190415,   65,    0
  5125, 34600,20190416,   81,    0
  5125, 34600,20190417,  104,    0
  5125, 34600,20190418,  126,    0
  5125, 34600,20190419,  140,    0
  5125, 34600,20190420,  140,    0
  5125, 34600,20190421,  119,    0
  5125, 34600,20190422,  155,    0
  5125, 34600,20190423,  144,    0
  5125, 34600,20190424,  160,    0
  5125, 34600,20190425,  166,    0
  5125, 34600,20190426,  159,    0
  5125, 34600,20190427,  141,    0
  5125, 34600,20190428,  126,    0
  5125, 34600,20190429,  146,    0
  5125, 34600,20190430,  132,    0
