EUROPEAN CLIMATE ASSESSMENT & DATASET (ECA&D), file created on: 13-05-2019
THESE DATA CAN BE USED FOR NON-COMMERCIAL RESEARCH AND EDUCATION PROVIDED THAT THE FOLLOWING SOURCE IS ACKNOWLEDGED: 

Klein Tank, A.M.G. and Coauthors, 2002. Daily dataset of 20th-century surface
air temperature and precipitation series for the European Climate Assessment.
Int. J. of Climatol., 22, 1441-1453.
Data and metadata available at http://www.ecad.eu

FILE FORMAT (MISSING VALUE CODE = -9999):

01-06 STAID: Station identifier
08-13 SOUID: Source identifier
15-22 DATE : Date YYYYMMDD
24-28 TG   : Mean temperature in 0.1 &#176;C
30-34 Q_TG : quality code for TG (0='valid'; 1='suspect'; 9='missing')

This is the blended series of station PERSHORE COLLEGE, UNITED KINGDOM (STAID: 11109)
Blended and updated with sources:56871 903529 
See files sources.txt and stations.txt for more info.

STAID, SOUID,    DATE,   TG, Q_TG
 11109, 56871,20130101,   51,    0
 11109, 56871,20130102,   65,    0
 11109, 56871,20130103,   88,    0
 11109, 56871,20130104,   89,    0
 11109, 56871,20130105,   95,    0
 11109, 56871,20130106,   87,    0
 11109, 56871,20130107,   94,    0
 11109, 56871,20130108,  100,    1
 11109, 56871,20130109,   37,    0
 11109, 56871,20130110,   22,    0
 11109, 56871,20130111,   55,    1
 11109, 56871,20130112,   30,    0
 11109, 56871,20130113,   -1,    0
 11109, 56871,20130114,   12,    0
 11109, 56871,20130115,    9,    1
 11109, 56871,20130116,  -19,    0
 11109, 56871,20130117,   -8,    0
 11109, 56871,20130118,   -5,    0
 11109, 56871,20130119,   -9,    0
 11109, 56871,20130120,   -3,    0
 11109, 56871,20130121,   -4,    0
 11109, 56871,20130122,   -7,    0
 11109, 56871,20130123,   -6,    0
 11109, 56871,20130124,    8,    0
 11109, 56871,20130125,    5,    0
 11109, 56871,20130126,   61,    0
 11109, 56871,20130127,   60,    0
 11109, 56871,20130128,   62,    0
 11109, 56871,20130129,   81,    0
 11109, 56871,20130130,   93,    0
 11109, 56871,20130131,   82,    0
 11109, 56871,20130201,   64,    1
 11109, 56871,20130202,   35,    0
 11109, 56871,20130203,   51,    0
 11109, 56871,20130204,   70,    1
 11109, 56871,20130205,   39,    0
 11109, 56871,20130206,   40,    0
 11109, 56871,20130207,   20,    0
 11109, 56871,20130208,   37,    0
 11109, 56871,20130209,   33,    0
 11109, 56871,20130210,   39,    1
 11109, 56871,20130211,   10,    0
 11109, 56871,20130212,   11,    0
 11109, 56871,20130213,   42,    0
 11109, 56871,20130214,   58,    0
 11109, 56871,20130215,   65,    0
 11109, 56871,20130216,   56,    0
 11109, 56871,20130217,   46,    0
 11109, 56871,20130218,   42,    0
 11109, 56871,20130219,   38,    0
 11109, 56871,20130220,   21,    0
 11109, 56871,20130221,   11,    1
 11109, 56871,20130222,    4,    0
 11109, 56871,20130223,   10,    0
 11109, 56871,20130224,   14,    0
 11109, 56871,20130225,   23,    0
 11109, 56871,20130226,   34,    0
 11109, 56871,20130227,   45,    0
 11109, 56871,20130228,   36,    0
 11109, 56871,20130301,   38,    0
 11109, 56871,20130302,   54,    0
 11109, 56871,20130303,   16,    0
 11109, 56871,20130304,   49,    0
 11109, 56871,20130305,   62,    0
 11109, 56871,20130306,   51,    0
 11109, 56871,20130307,   60,    0
 11109, 56871,20130308,   73,    1
 11109, 56871,20130309,   55,    1
 11109, 56871,20130310,   26,    1
 11109, 56871,20130311,    1,    0
 11109, 56871,20130312,    4,    0
 11109, 56871,20130313,   28,    0
 11109, 56871,20130314,   23,    0
 11109, 56871,20130315,   50,    0
 11109, 56871,20130316,   78,    1
 11109, 56871,20130317,   34,    0
 11109, 56871,20130318,   34,    0
 11109, 56871,20130319,   36,    0
 11109, 56871,20130320,   27,    0
 11109, 56871,20130321,   29,    0
 11109, 56871,20130322,   31,    1
 11109, 56871,20130323,    8,    1
 11109, 56871,20130324,   -4,    0
 11109, 56871,20130325,   14,    0
 11109, 56871,20130326,   15,    0
 11109, 56871,20130327,   10,    0
 11109, 56871,20130328,   16,    0
 11109, 56871,20130329,   12,    0
 11109, 56871,20130330,   13,    0
 11109, 56871,20130331,    6,    0
 11109, 56871,20130401,   17,    0
 11109, 56871,20130402,   31,    0
 11109, 56871,20130403,   28,    0
 11109, 56871,20130404,   32,    0
 11109, 56871,20130405,   42,    0
 11109, 56871,20130406,   37,    0
 11109, 56871,20130407,   34,    0
 11109, 56871,20130408,   64,    0
 11109, 56871,20130409,   61,    0
 11109, 56871,20130410,   70,    0
 11109, 56871,20130411,   69,    0
 11109, 56871,20130412,   93,    0
 11109, 56871,20130413,  112,    0
 11109, 56871,20130414,  129,    0
 11109, 56871,20130415,  131,    0
 11109, 56871,20130416,  130,    0
 11109, 56871,20130417,  111,    0
 11109, 56871,20130418,  111,    0
 11109, 56871,20130419,   98,    0
 11109, 56871,20130420,   87,    0
 11109, 56871,20130421,   75,    0
 11109, 56871,20130422,   98,    0
 11109, 56871,20130423,  133,    0
 11109, 56871,20130424,  122,    0
 11109, 56871,20130425,  140,    1
 11109, 56871,20130426,   85,    0
 11109, 56871,20130427,   68,    0
 11109, 56871,20130428,   70,    0
 11109, 56871,20130429,   88,    0
 11109, 56871,20130430,   71,    0
 11109, 56871,20130501,   81,    0
 11109, 56871,20130502,   99,    0
 11109, 56871,20130503,  105,    0
 11109, 56871,20130504,  129,    0
 11109, 56871,20130505,  130,    0
 11109, 56871,20130506,  124,    0
 11109, 56871,20130507,  143,    0
 11109, 56871,20130508,  149,    1
 11109, 56871,20130509,  102,    0
 11109, 56871,20130510,  131,    0
 11109, 56871,20130511,  103,    0
 11109, 56871,20130512,   89,    0
 11109, 56871,20130513,  111,    1
 11109, 56871,20130514,   66,    0
 11109, 56871,20130515,   93,    0
 11109, 56871,20130516,   87,    0
 11109, 56871,20130517,   93,    0
 11109, 56871,20130518,  110,    0
 11109, 56871,20130519,  122,    0
 11109, 56871,20130520,  129,    0
 11109, 56871,20130521,  126,    0
 11109, 56871,20130522,  104,    0
 11109, 56871,20130523,   82,    0
 11109, 56871,20130524,   81,    0
 11109, 56871,20130525,   97,    0
 11109, 56871,20130526,  116,    0
 11109, 56871,20130527,  115,    1
 11109, 56871,20130528,   98,    0
 11109, 56871,20130529,  107,    0
 11109, 56871,20130530,  130,    0
 11109, 56871,20130531,  156,    0
 11109, 56871,20130601,  116,    0
 11109, 56871,20130602,  115,    0
 11109, 56871,20130603,  124,    0
 11109, 56871,20130604,  126,    0
 11109, 56871,20130605,  135,    0
 11109, 56871,20130606,  133,    0
 11109, 56871,20130607,  133,    0
 11109, 56871,20130608,  136,    0
 11109, 56871,20130609,  138,    0
 11109, 56871,20130610,  109,    0
 11109, 56871,20130611,  139,    0
 11109, 56871,20130612,  156,    0
 11109, 56871,20130613,  159,    0
 11109, 56871,20130614,  136,    0
 11109, 56871,20130615,  126,    0
 11109, 56871,20130616,  132,    0
 11109, 56871,20130617,  146,    0
 11109, 56871,20130618,  153,    0
 11109, 56871,20130619,  193,    0
 11109, 56871,20130620,  162,    0
 11109, 56871,20130621,  177,    0
 11109, 56871,20130622,  146,    0
 11109, 56871,20130623,  145,    0
 11109, 56871,20130624,  133,    0
 11109, 56871,20130625,  134,    0
 11109, 56871,20130626,  167,    0
 11109, 56871,20130627,  145,    0
 11109, 56871,20130628,  164,    0
 11109, 56871,20130629,  169,    0
 11109, 56871,20130630,  184,    0
 11109, 56871,20130701,  150,    0
 11109, 56871,20130702,  135,    0
 11109, 56871,20130703,  165,    0
 11109, 56871,20130704,  174,    0
 11109, 56871,20130705,  167,    0
 11109, 56871,20130706,  197,    0
 11109, 56871,20130707,  199,    0
 11109, 56871,20130708,  200,    0
 11109, 56871,20130709,  190,    0
 11109, 56871,20130710,  185,    0
 11109, 56871,20130711,  171,    0
 11109, 56871,20130712,  188,    0
 11109, 56871,20130713,  225,    0
 11109, 56871,20130714,  216,    0
 11109, 56871,20130715,  200,    0
 11109, 56871,20130716,  206,    0
 11109, 56871,20130717,  213,    0
 11109, 56871,20130718,  217,    0
 11109, 56871,20130719,  209,    0
 11109, 56871,20130720,  194,    0
 11109, 56871,20130721,  193,    0
 11109, 56871,20130722,  235,    0
 11109, 56871,20130723,  216,    0
 11109, 56871,20130724,  206,    0
 11109, 56871,20130725,  209,    0
 11109, 56871,20130726,  188,    0
 11109, 56871,20130727,  182,    0
 11109, 56871,20130728,  190,    0
 11109, 56871,20130729,  193,    0
 11109, 56871,20130730,  191,    0
 11109, 56871,20130731,  189,    0
 11109, 56871,20130801,  235,    0
 11109, 56871,20130802,  206,    0
 11109, 56871,20130803,  185,    0
 11109, 56871,20130804,  168,    0
 11109, 56871,20130805,  193,    0
 11109, 56871,20130806,  152,    0
 11109, 56871,20130807,  171,    0
 11109, 56871,20130808,  167,    0
 11109, 56871,20130809,  187,    0
 11109, 56871,20130810,  164,    0
 11109, 56871,20130811,  171,    0
 11109, 56871,20130812,  162,    0
 11109, 56871,20130813,  140,    0
 11109, 56871,20130814,  150,    0
 11109, 56871,20130815,  202,    0
 11109, 56871,20130816,  205,    1
 11109, 56871,20130817,  159,    0
 11109, 56871,20130818,  184,    0
 11109, 56871,20130819,  153,    0
 11109, 56871,20130820,  176,    0
 11109, 56871,20130821,  171,    0
 11109, 56871,20130822,  210,    0
 11109, 56871,20130823,  195,    1
 11109, 56871,20130824,  163,    0
 11109, 56871,20130825,  174,    0
 11109, 56871,20130826,  195,    0
 11109, 56871,20130827,  168,    0
 11109, 56871,20130828,  171,    0
 11109, 56871,20130829,  175,    0
 11109, 56871,20130830,  194,    0
 11109, 56871,20130831,  146,    0
 11109, 56871,20130901,  148,    0
 11109, 56871,20130902,  174,    0
 11109, 56871,20130903,  175,    0
 11109, 56871,20130904,  183,    0
 11109, 56871,20130905,  172,    1
 11109, 56871,20130906,  138,    0
 11109, 56871,20130907,  132,    0
 11109, 56871,20130908,  130,    0
 11109, 56871,20130909,  130,    0
 11109, 56871,20130910,  119,    0
 11109, 56871,20130911,  124,    0
 11109, 56871,20130912,  173,    0
 11109, 56871,20130913,  156,    0
 11109, 56871,20130914,  119,    0
 11109, 56871,20130915,  104,    0
 11109, 56871,20130916,  110,    0
 11109, 56871,20130917,  100,    0
 11109, 56871,20130918,  126,    0
 11109, 56871,20130919,  139,    0
 11109, 56871,20130920,  141,    0
 11109, 56871,20130921,  153,    0
 11109, 56871,20130922,  176,    0
 11109, 56871,20130923,  166,    0
 11109, 56871,20130924,  167,    0
 11109, 56871,20130925,  163,    0
 11109, 56871,20130926,  149,    0
 11109, 56871,20130927,  147,    0
 11109, 56871,20130928,  144,    0
 11109, 56871,20130929,  157,    0
 11109, 56871,20130930,  152,    0
 11109, 56871,20131001,  139,    0
 11109, 56871,20131002,  167,    0
 11109, 56871,20131003,  166,    0
 11109, 56871,20131004,  176,    0
 11109, 56871,20131005,  158,    0
 11109, 56871,20131006,  135,    0
 11109, 56871,20131007,  160,    0
 11109, 56871,20131008,  170,    1
 11109, 56871,20131009,  134,    1
 11109, 56871,20131010,   88,    0
 11109, 56871,20131011,  101,    0
 11109, 56871,20131012,  124,    1
 11109, 56871,20131013,  107,    0
 11109, 56871,20131014,  103,    0
 11109, 56871,20131015,  102,    0
 11109, 56871,20131016,  116,    0
 11109, 56871,20131017,  137,    0
 11109, 56871,20131018,  136,    0
 11109, 56871,20131019,  160,    0
 11109, 56871,20131020,  147,    0
 11109, 56871,20131021,  146,    0
 11109, 56871,20131022,  160,    1
 11109, 56871,20131023,  140,    0
 11109, 56871,20131024,  120,    0
 11109, 56871,20131025,  149,    0
 11109, 56871,20131026,  149,    1
 11109, 56871,20131027,  121,    0
 11109, 56871,20131028,  108,    0
 11109, 56871,20131029,   95,    0
 11109, 56871,20131030,   91,    0
 11109, 56871,20131031,  101,    0
 11109, 56871,20131101,  115,    0
 11109, 56871,20131102,  109,    0
 11109, 56871,20131103,   91,    0
 11109, 56871,20131104,   70,    0
 11109, 56871,20131105,   79,    0
 11109, 56871,20131106,  107,    0
 11109, 56871,20131107,   85,    0
 11109, 56871,20131108,   78,    0
 11109, 56871,20131109,   60,    0
 11109, 56871,20131110,   66,    0
 11109, 56871,20131111,   89,    0
 11109, 56871,20131112,  103,    1
 11109, 56871,20131113,   53,    0
 11109, 56871,20131114,   60,    0
 11109, 56871,20131115,   38,    0
 11109, 56871,20131116,   58,    0
 11109, 56871,20131117,   72,    0
 11109, 56871,20131118,   79,    1
 11109, 56871,20131119,   38,    0
 11109, 56871,20131120,   33,    0
 11109, 56871,20131121,   63,    0
 11109, 56871,20131122,   44,    0
 11109, 56871,20131123,   23,    0
 11109, 56871,20131124,   41,    0
 11109, 56871,20131125,   38,    0
 11109, 56871,20131126,   32,    0
 11109, 56871,20131127,   48,    0
 11109, 56871,20131128,   82,    0
 11109, 56871,20131129,   92,    1
 11109, 56871,20131130,   57,    0
 11109, 56871,20131201,   57,    0
 11109, 56871,20131202,   57,    0
 11109, 56871,20131203,   62,    0
 11109, 56871,20131204,   65,    0
 11109, 56871,20131205,   64,    0
 11109, 56871,20131206,   47,    0
 11109, 56871,20131207,   73,    0
 11109, 56871,20131208,   86,    0
 11109, 56871,20131209,   84,    0
 11109, 56871,20131210,   70,    0
 11109, 56871,20131211,   47,    0
 11109, 56871,20131212,   75,    0
 11109, 56871,20131213,  100,    0
 11109, 56871,20131214,   77,    0
 11109, 56871,20131215,  105,    0
 11109, 56871,20131216,  104,    1
 11109, 56871,20131217,   62,    0
 11109, 56871,20131218,   71,    0
 11109, 56871,20131219,   54,    0
 11109, 56871,20131220,   64,    0
 11109, 56871,20131221,   85,    0
 11109, 56871,20131222,   67,    0
 11109, 56871,20131223,   77,    1
 11109, 56871,20131224,   60,    0
 11109, 56871,20131225,   54,    0
 11109, 56871,20131226,   58,    0
 11109, 56871,20131227,   57,    0
 11109, 56871,20131228,   52,    0
 11109, 56871,20131229,   61,    0
 11109, 56871,20131230,   65,    0
 11109, 56871,20131231,   78,    0
 11109, 56871,20140101,   83,    0
 11109, 56871,20140102,   79,    0
 11109, 56871,20140103,   69,    1
 11109, 56871,20140104,   57,    0
 11109, 56871,20140105,   77,    0
 11109, 56871,20140106,   77,    0
 11109, 56871,20140107,   89,    0
 11109, 56871,20140108,   89,    1
 11109, 56871,20140109,   73,    0
 11109, 56871,20140110,   58,    0
 11109, 56871,20140111,   51,    0
 11109, 56871,20140112,   41,    0
 11109, 56871,20140113,   59,    0
 11109, 56871,20140114,   51,    0
 11109, 56871,20140115,   69,    0
 11109, 56871,20140116,   77,    0
 11109, 56871,20140117,   70,    0
 11109, 56871,20140118,   68,    0
 11109, 56871,20140119,   53,    1
 11109, 56871,20140120,   15,    0
 11109, 56871,20140121,   30,    0
 11109, 56871,20140122,   49,    0
 11109, 56871,20140123,   57,    0
 11109, 56871,20140124,   61,    0
 11109, 56871,20140125,   79,    0
 11109, 56871,20140126,   68,    0
 11109, 56871,20140127,   54,    0
 11109, 56871,20140128,   63,    1
 11109, 56871,20140129,   56,    1
 11109, 56871,20140130,   27,    0
 11109, 56871,20140131,   53,    0
 11109, 56871,20140201,   49,    0
 11109, 56871,20140202,   63,    0
 11109, 56871,20140203,   66,    0
 11109, 56871,20140204,   58,    0
 11109, 56871,20140205,   73,    0
 11109, 56871,20140206,   67,    0
 11109, 56871,20140207,   65,    0
 11109, 56871,20140208,   70,    0
 11109, 56871,20140209,   67,    0
 11109, 56871,20140210,   44,    0
 11109, 56871,20140211,   48,    0
 11109, 56871,20140212,   54,    0
 11109, 56871,20140213,   48,    0
 11109, 56871,20140214,   72,    0
 11109, 56871,20140215,   70,    0
 11109, 56871,20140216,   58,    0
 11109, 56871,20140217,   66,    0
 11109, 56871,20140218,   86,    0
 11109, 56871,20140219,   80,    0
 11109, 56871,20140220,  101,    1
 11109, 56871,20140221,   63,    0
 11109, 56871,20140222,   80,    0
 11109, 56871,20140223,  100,    0
 11109, 56871,20140224,  105,    0
 11109, 56871,20140225,   89,    0
 11109, 56871,20140226,   83,    0
 11109, 56871,20140227,   79,    1
 11109, 56871,20140228,   47,    0
 11109, 56871,20140301,   46,    0
 11109, 56871,20140302,   66,    0
 11109, 56871,20140303,   48,    0
 11109, 56871,20140304,   59,    0
 11109, 56871,20140305,   54,    0
 11109, 56871,20140306,   80,    0
 11109, 56871,20140307,  122,    0
 11109, 56871,20140308,   96,    0
 11109, 56871,20140309,  131,    1
 11109, 56871,20140310,   93,    0
 11109, 56871,20140311,   81,    0
 11109, 56871,20140312,   53,    0
 11109, 56871,20140313,   56,    0
 11109, 56871,20140314,   59,    0
 11109, 56871,20140315,   99,    0
 11109, 56871,20140316,  134,    0
 11109, 56871,20140317,  108,    0
 11109, 56871,20140318,   98,    0
 11109, 56871,20140319,  108,    0
 11109, 56871,20140320,  107,    0
 11109, 56871,20140321,   74,    0
 11109, 56871,20140322,   65,    0
 11109, 56871,20140323,   59,    0
 11109, 56871,20140324,   38,    0
 11109, 56871,20140325,   69,    0
 11109, 56871,20140326,   52,    0
 11109, 56871,20140327,   53,    0
 11109, 56871,20140328,   56,    0
 11109, 56871,20140329,  114,    0
 11109, 56871,20140330,  124,    0
 11109, 56871,20140331,  116,    0
 11109, 56871,20140401,  119,    0
 11109, 56871,20140402,  128,    1
 11109, 56871,20140403,  104,    0
 11109, 56871,20140404,  119,    0
 11109, 56871,20140405,  116,    0
 11109, 56871,20140406,  137,    0
 11109, 56871,20140407,  135,    1
 11109, 56871,20140408,   91,    0
 11109, 56871,20140409,  108,    0
 11109, 56871,20140410,   99,    0
 11109, 56871,20140411,   94,    0
 11109, 56871,20140412,   95,    0
 11109, 56871,20140413,   98,    0
 11109, 56871,20140414,  101,    0
 11109, 56871,20140415,   82,    0
 11109, 56871,20140416,   98,    0
 11109, 56871,20140417,  105,    0
 11109, 56871,20140418,   80,    0
 11109, 56871,20140419,   68,    0
 11109, 56871,20140420,   88,    0
 11109, 56871,20140421,  115,    0
 11109, 56871,20140422,  130,    0
 11109, 56871,20140423,  112,    0
 11109, 56871,20140424,  103,    0
 11109, 56871,20140425,   94,    0
 11109, 56871,20140426,  114,    0
 11109, 56871,20140427,  113,    0
 11109, 56871,20140428,  127,    0
 11109, 56871,20140429,  117,    0
 11109, 56871,20140430,  134,    0
 11109, 56871,20140501,  128,    1
 11109, 56871,20140502,  100,    0
 11109, 56871,20140503,   72,    0
 11109, 56871,20140504,  114,    0
 11109, 56871,20140505,  116,    0
 11109, 56871,20140506,  142,    0
 11109, 56871,20140507,  121,    0
 11109, 56871,20140508,  130,    0
 11109, 56871,20140509,  139,    0
 11109, 56871,20140510,  128,    0
 11109, 56871,20140511,  120,    0
 11109, 56871,20140512,  125,    0
 11109, 56871,20140513,  110,    0
 11109, 56871,20140514,  123,    0
 11109, 56871,20140515,  131,    0
 11109, 56871,20140516,  162,    0
 11109, 56871,20140517,  160,    0
 11109, 56871,20140518,  168,    0
 11109, 56871,20140519,  170,    0
 11109, 56871,20140520,  163,    0
 11109, 56871,20140521,  142,    0
 11109, 56871,20140522,  135,    1
 11109, 56871,20140523,  119,    0
 11109, 56871,20140524,  123,    0
 11109, 56871,20140525,  132,    0
 11109, 56871,20140526,  115,    0
 11109, 56871,20140527,  137,    1
 11109, 56871,20140528,  114,    0
 11109, 56871,20140529,  144,    0
 11109, 56871,20140530,  127,    0
 11109, 56871,20140531,  145,    0
 11109, 56871,20140601,  150,    0
 11109, 56871,20140602,  156,    0
 11109, 56871,20140603,  155,    1
 11109, 56871,20140604,  129,    0
 11109, 56871,20140605,  136,    0
 11109, 56871,20140606,  145,    0
 11109, 56871,20140607,  165,    0
 11109, 56871,20140608,  169,    0
 11109, 56871,20140609,  175,    0
 11109, 56871,20140610,  161,    0
 11109, 56871,20140611,  162,    0
 11109, 56871,20140612,  164,    0
 11109, 56871,20140613,  175,    0
 11109, 56871,20140614,  176,    0
 11109, 56871,20140615,  154,    0
 11109, 56871,20140616,  153,    0
 11109, 56871,20140617,  158,    0
 11109, 56871,20140618,  190,    0
 11109, 56871,20140619,  165,    0
 11109, 56871,20140620,  183,    0
 11109, 56871,20140621,  147,    0
 11109, 56871,20140622,  168,    0
 11109, 56871,20140623,  187,    0
 11109, 56871,20140624,  161,    0
 11109, 56871,20140625,  153,    0
 11109, 56871,20140626,  157,    0
 11109, 56871,20140627,  159,    0
 11109, 56871,20140628,  149,    0
 11109, 56871,20140629,  152,    0
 11109, 56871,20140630,  140,    0
 11109, 56871,20140701,  162,    0
 11109, 56871,20140702,  161,    0
 11109, 56871,20140703,  188,    0
 11109, 56871,20140704,  191,    0
 11109, 56871,20140705,  171,    0
 11109, 56871,20140706,  152,    0
 11109, 56871,20140707,  151,    0
 11109, 56871,20140708,  144,    0
 11109, 56871,20140709,  159,    0
 11109, 56871,20140710,  169,    0
 11109, 56871,20140711,  171,    0
 11109, 56871,20140712,  191,    0
 11109, 56871,20140713,  185,    0
 11109, 56871,20140714,  159,    0
 11109, 56871,20140715,  190,    0
 11109, 56871,20140716,  182,    0
 11109, 56871,20140717,  201,    0
 11109, 56871,20140718,  217,    0
 11109, 56871,20140719,  201,    0
 11109, 56871,20140720,  204,    0
 11109, 56871,20140721,  191,    0
 11109, 56871,20140722,  195,    0
 11109, 56871,20140723,  211,    0
 11109, 56871,20140724,  211,    0
 11109, 56871,20140725,  203,    0
 11109, 56871,20140726,  204,    0
 11109, 56871,20140727,  198,    0
 11109, 56871,20140728,  177,    0
 11109, 56871,20140729,  186,    0
 11109, 56871,20140730,  177,    0
 11109, 56871,20140731,  182,    0
 11109, 56871,20140801,  185,    0
 11109, 56871,20140802,  189,    0
 11109, 56871,20140803,  168,    0
 11109, 56871,20140804,  172,    0
 11109, 56871,20140805,  168,    0
 11109, 56871,20140806,  200,    0
 11109, 56871,20140807,  178,    0
 11109, 56871,20140808,  171,    0
 11109, 56871,20140809,  171,    0
 11109, 56871,20140810,  160,    0
 11109, 56871,20140811,  153,    0
 11109, 56871,20140812,  151,    0
 11109, 56871,20140813,  162,    0
 11109, 56871,20140814,  153,    0
 11109, 56871,20140815,  147,    0
 11109, 56871,20140816,  142,    0
 11109, 56871,20140817,  165,    0
 11109, 56871,20140818,  148,    0
 11109, 56871,20140819,  129,    0
 11109, 56871,20140820,  124,    0
 11109, 56871,20140821,  124,    0
 11109, 56871,20140822,  149,    0
 11109, 56871,20140823,  129,    0
 11109, 56871,20140824,  118,    0
 11109, 56871,20140825,  141,    0
 11109, 56871,20140826,  152,    0
 11109, 56871,20140827,  133,    0
 11109, 56871,20140828,  179,    0
 11109, 56871,20140829,  162,    0
 11109, 56871,20140830,  152,    0
 11109, 56871,20140831,  163,    0
 11109, 56871,20140901,  166,    0
 11109, 56871,20140902,  144,    0
 11109, 56871,20140903,  168,    0
 11109, 56871,20140904,  162,    0
 11109, 56871,20140905,  180,    0
 11109, 56871,20140906,  174,    0
 11109, 56871,20140907,  154,    0
 11109, 56871,20140908,  132,    0
 11109, 56871,20140909,  147,    0
 11109, 56871,20140910,  150,    0
 11109, 56871,20140911,  145,    0
 11109, 56871,20140912,  154,    0
 11109, 56871,20140913,  155,    0
 11109, 56871,20140914,  143,    0
 11109, 56871,20140915,  152,    0
 11109, 56871,20140916,  168,    0
 11109, 56871,20140917,  176,    0
 11109, 56871,20140918,  190,    1
 11109, 56871,20140919,  168,    0
 11109, 56871,20140920,  173,    0
 11109, 56871,20140921,  134,    0
 11109, 56871,20140922,  118,    0
 11109, 56871,20140923,  122,    0
 11109, 56871,20140924,  144,    0
 11109, 56871,20140925,  136,    0
 11109, 56871,20140926,  171,    0
 11109, 56871,20140927,  154,    0
 11109, 56871,20140928,  186,    0
 11109, 56871,20140929,  160,    0
 11109, 56871,20140930,  163,    0
 11109, 56871,20141001,  162,    0
 11109, 56871,20141002,  150,    0
 11109, 56871,20141003,  164,    1
 11109, 56871,20141004,  138,    0
 11109, 56871,20141005,  100,    0
 11109, 56871,20141006,  116,    0
 11109, 56871,20141007,  102,    0
 11109, 56871,20141008,  127,    0
 11109, 56871,20141009,  133,    0
 11109, 56871,20141010,  133,    0
 11109, 56871,20141011,  111,    0
 11109, 56871,20141012,   76,    0
 11109, 56871,20141013,   87,    0
 11109, 56871,20141014,  112,    0
 11109, 56871,20141015,  118,    0
 11109, 56871,20141016,  142,    0
 11109, 56871,20141017,  153,    0
 11109, 56871,20141018,  173,    0
 11109, 56871,20141019,  163,    1
 11109, 56871,20141020,  131,    0
 11109, 56871,20141021,  119,    0
 11109, 56871,20141022,   96,    0
 11109, 56871,20141023,  128,    0
 11109, 56871,20141024,  140,    0
 11109, 56871,20141025,  108,    0
 11109, 56871,20141026,  127,    0
 11109, 56871,20141027,  143,    0
 11109, 56871,20141028,  156,    0
 11109, 56871,20141029,  122,    0
 11109, 56871,20141030,  136,    0
 11109, 56871,20141031,  182,    1
 11109, 56871,20141101,  137,    0
 11109, 56871,20141102,  136,    1
 11109, 56871,20141103,   95,    1
 11109, 56871,20141104,   48,    0
 11109, 56871,20141105,   64,    0
 11109, 56871,20141106,   62,    0
 11109, 56871,20141107,  101,    0
 11109, 56871,20141108,  100,    0
 11109, 56871,20141109,   85,    0
 11109, 56871,20141110,   92,    0
 11109, 56871,20141111,  100,    0
 11109, 56871,20141112,  113,    0
 11109, 56871,20141113,  106,    0
 11109, 56871,20141114,  127,    1
 11109, 56871,20141115,   90,    0
 11109, 56871,20141116,   94,    0
 11109, 56871,20141117,   89,    0
 11109, 56871,20141118,   85,    0
 11109, 56871,20141119,   89,    0
 11109, 56871,20141120,   74,    0
 11109, 56871,20141121,   93,    0
 11109, 56871,20141122,  107,    1
 11109, 56871,20141123,   77,    1
 11109, 56871,20141124,   29,    0
 11109, 56871,20141125,   24,    0
 11109, 56871,20141126,   33,    0
 11109, 56871,20141127,   87,    0
 11109, 56871,20141128,   91,    0
 11109, 56871,20141129,   96,    0
 11109, 56871,20141130,   86,    1
 11109, 56871,20141201,   68,    0
 11109, 56871,20141202,   71,    0
 11109, 56871,20141203,   32,    0
 11109, 56871,20141204,   28,    0
 11109, 56871,20141205,   45,    0
 11109, 56871,20141206,   39,    0
 11109, 56871,20141207,   50,    0
 11109, 56871,20141208,   43,    0
 11109, 56871,20141209,   56,    0
 11109, 56871,20141210,   61,    0
 11109, 56871,20141211,   61,    0
 11109, 56871,20141212,   52,    0
 11109, 56871,20141213,   28,    0
 11109, 56871,20141214,   45,    0
 11109, 56871,20141215,   58,    0
 11109, 56871,20141216,   68,    0
 11109, 56871,20141217,   81,    0
 11109, 56871,20141218,  127,    1
 11109, 56871,20141219,   82,    0
 11109, 56871,20141220,   69,    0
 11109, 56871,20141221,   88,    0
 11109, 56871,20141222,  105,    0
 11109, 56871,20141223,  112,    1
 11109, 56871,20141224,   70,    0
 11109, 56871,20141225,   55,    0
 11109, 56871,20141226,   45,    0
 11109, 56871,20141227,   30,    0
 11109, 56871,20141228,   17,    0
 11109, 56871,20141229,    5,    0
 11109, 56871,20141230,   11,    0
 11109, 56871,20141231,   57,    0
 11109, 56871,20150101,   93,    1
 11109, 56871,20150102,   74,    1
 11109, 56871,20150103,   38,    0
 11109, 56871,20150104,   20,    0
 11109, 56871,20150105,   46,    0
 11109, 56871,20150106,   81,    0
 11109, 56871,20150107,   67,    0
 11109, 56871,20150108,   83,    0
 11109, 56871,20150109,  102,    0
 11109, 56871,20150110,  105,    1
 11109, 56871,20150111,   65,    0
 11109, 56871,20150112,   77,    1
 11109, 56871,20150113,   51,    0
 11109, 56871,20150114,   57,    0
 11109, 56871,20150115,   40,    0
 11109, 56871,20150116,   45,    0
 11109, 56871,20150117,   29,    0
 11109, 56871,20150118,   20,    0
 11109, 56871,20150119,   11,    0
 11109, 56871,20150120,    6,    0
 11109, 56871,20150121,   15,    0
 11109, 56871,20150122,   20,    0
 11109, 56871,20150123,   10,    0
 11109, 56871,20150124,   32,    0
 11109, 56871,20150125,   52,    0
 11109, 56871,20150126,   69,    0
 11109, 56871,20150127,   58,    0
 11109, 56871,20150128,   76,    1
 11109, 56871,20150129,   38,    0
 11109, 56871,20150130,   41,    0
 11109, 56871,20150131,   30,    0
 11109, 56871,20150201,   35,    1
 11109, 56871,20150202,    1,    0
 11109, 56871,20150203,   18,    0
 11109, 56871,20150204,   17,    0
 11109, 56871,20150205,   17,    0
 11109, 56871,20150206,   19,    0
 11109, 56871,20150207,    6,    0
 11109, 56871,20150208,   41,    0
 11109, 56871,20150209,   42,    0
 11109, 56871,20150210,   38,    0
 11109, 56871,20150211,   42,    0
 11109, 56871,20150212,   51,    0
 11109, 56871,20150213,   53,    0
 11109, 56871,20150214,   63,    0
 11109, 56871,20150215,   63,    0
 11109, 56871,20150216,   63,    0
 11109, 56871,20150217,   46,    0
 11109, 56871,20150218,   66,    0
 11109, 56871,20150219,   67,    0
 11109, 56871,20150220,   45,    0
 11109, 56871,20150221,   39,    0
 11109, 56871,20150222,   46,    0
 11109, 56871,20150223,   43,    0
 11109, 56871,20150224,   59,    0
 11109, 56871,20150225,   78,    0
 11109, 56871,20150226,   90,    0
 11109, 56871,20150227,   49,    0
 11109, 56871,20150228,   80,    0
 11109, 56871,20150301,   87,    1
 11109, 56871,20150302,   50,    0
 11109, 56871,20150303,   52,    0
 11109, 56871,20150304,   60,    0
 11109, 56871,20150305,   56,    0
 11109, 56871,20150306,   86,    0
 11109, 56871,20150307,  112,    0
 11109, 56871,20150308,   93,    0
 11109, 56871,20150309,   52,    0
 11109, 56871,20150310,   73,    0
 11109, 56871,20150311,   80,    0
 11109, 56871,20150312,  103,    1
 11109, 56871,20150313,   57,    0
 11109, 56871,20150314,   50,    0
 11109, 56871,20150315,   53,    0
 11109, 56871,20150316,   65,    0
 11109, 56871,20150317,   70,    0
 11109, 56871,20150318,   49,    0
 11109, 56871,20150319,   51,    0
 11109, 56871,20150320,   78,    0
 11109, 56871,20150321,   74,    0
 11109, 56871,20150322,   73,    0
 11109, 56871,20150323,   57,    0
 11109, 56871,20150324,   54,    0
 11109, 56871,20150325,   45,    0
 11109, 56871,20150326,   77,    0
 11109, 56871,20150327,   70,    0
 11109, 56871,20150328,  107,    0
 11109, 56871,20150329,  109,    0
 11109, 56871,20150330,   93,    0
 11109, 56871,20150331,  102,    0
 11109, 56871,20150401,   79,    0
 11109, 56871,20150402,   82,    0
 11109, 56871,20150403,  100,    0
 11109, 56871,20150404,   92,    0
 11109, 56871,20150405,  109,    0
 11109, 56871,20150406,   98,    0
 11109, 56871,20150407,   97,    0
 11109, 56871,20150408,  110,    0
 11109, 56871,20150409,  118,    0
 11109, 56871,20150410,  126,    0
 11109, 56871,20150411,  102,    0
 11109, 56871,20150412,  104,    0
 11109, 56871,20150413,   90,    0
 11109, 56871,20150414,  127,    0
 11109, 56871,20150415,  141,    0
 11109, 56871,20150416,  112,    0
 11109, 56871,20150417,  105,    0
 11109, 56871,20150418,   94,    0
 11109, 56871,20150419,   76,    0
 11109, 56871,20150420,   90,    0
 11109, 56871,20150421,  103,    0
 11109, 56871,20150422,   88,    0
 11109, 56871,20150423,  100,    0
 11109, 56871,20150424,  117,    0
 11109, 56871,20150425,  133,    0
 11109, 56871,20150426,   91,    0
 11109, 56871,20150427,   64,    0
 11109, 56871,20150428,   71,    0
 11109, 56871,20150429,  100,    0
 11109, 56871,20150430,   93,    0
 11109, 56871,20150501,   76,    0
 11109, 56871,20150502,  100,    0
 11109, 56871,20150503,  130,    0
 11109, 56871,20150504,  121,    0
 11109, 56871,20150505,  128,    0
 11109, 56871,20150506,  100,    0
 11109, 56871,20150507,  110,    0
 11109, 56871,20150508,   99,    0
 11109, 56871,20150509,  120,    0
 11109, 56871,20150510,  123,    0
 11109, 56871,20150511,  150,    0
 11109, 56871,20150512,  130,    0
 11109, 56871,20150513,  117,    1
 11109, 56871,20150514,   96,    0
 11109, 56871,20150515,  107,    0
 11109, 56871,20150516,  133,    0
 11109, 56871,20150517,  105,    0
 11109, 56871,20150518,  109,    0
 11109, 56871,20150519,   98,    0
 11109, 56871,20150520,   94,    0
 11109, 56871,20150521,  126,    0
 11109, 56871,20150522,  146,    0
 11109, 56871,20150523,  140,    0
 11109, 56871,20150524,  143,    0
 11109, 56871,20150525,  107,    0
 11109, 56871,20150526,  129,    0
 11109, 56871,20150527,  109,    0
 11109, 56871,20150528,  122,    0
 11109, 56871,20150529,  114,    0
 11109, 56871,20150530,  109,    0
 11109, 56871,20150531,  131,    0
 11109, 56871,20150601,  102,    0
 11109, 56871,20150602,  147,    0
 11109, 56871,20150603,  139,    0
 11109, 56871,20150604,  131,    0
 11109, 56871,20150605,  174,    0
 11109, 56871,20150606,  124,    0
 11109, 56871,20150607,  125,    0
 11109, 56871,20150608,  113,    0
 11109, 56871,20150609,   98,    0
 11109, 56871,20150610,   99,    0
 11109, 56871,20150611,  144,    0
 11109, 56871,20150612,  154,    0
 11109, 56871,20150613,  148,    0
 11109, 56871,20150614,  139,    0
 11109, 56871,20150615,  129,    0
 11109, 56871,20150616,  167,    0
 11109, 56871,20150617,  169,    0
 11109, 56871,20150618,  153,    0
 11109, 56871,20150619,  144,    0
 11109, 56871,20150620,  169,    0
 11109, 56871,20150621,  161,    0
 11109, 56871,20150622,  142,    0
 11109, 56871,20150623,  161,    0
 11109, 56871,20150624,  173,    0
 11109, 56871,20150625,  174,    0
 11109, 56871,20150626,  170,    0
 11109, 56871,20150627,  170,    0
 11109, 56871,20150628,  169,    0
 11109, 56871,20150629,  170,    0
 11109, 56871,20150630,  203,    0
 11109, 56871,20150701,  246,    1
 11109, 56871,20150702,  172,    0
 11109, 56871,20150703,  172,    0
 11109, 56871,20150704,  206,    0
 11109, 56871,20150705,  163,    0
 11109, 56871,20150706,  151,    0
 11109, 56871,20150707,  188,    0
 11109, 56871,20150708,  167,    0
 11109, 56871,20150709,  160,    0
 11109, 56871,20150710,  181,    0
 11109, 56871,20150711,  187,    0
 11109, 56871,20150712,  192,    0
 11109, 56871,20150713,  177,    0
 11109, 56871,20150714,  181,    0
 11109, 56871,20150715,  162,    0
 11109, 56871,20150716,  157,    0
 11109, 56871,20150717,  186,    0
 11109, 56871,20150718,  155,    0
 11109, 56871,20150719,  175,    0
 11109, 56871,20150720,  174,    0
 11109, 56871,20150721,  186,    0
 11109, 56871,20150722,  176,    0
 11109, 56871,20150723,  149,    1
 11109, 56871,20150724,  135,    0
 11109, 56871,20150725,  151,    0
 11109, 56871,20150726,  143,    0
 11109, 56871,20150727,  151,    0
 11109, 56871,20150728,  157,    0
 11109, 56871,20150729,  129,    0
 11109, 56871,20150730,  135,    0
 11109, 56871,20150731,  128,    0
 11109, 56871,20150801,  149,    0
 11109, 56871,20150802,  181,    0
 11109, 56871,20150803,  194,    0
 11109, 56871,20150804,  160,    0
 11109, 56871,20150805,  166,    0
 11109, 56871,20150806,  182,    0
 11109, 56871,20150807,  169,    0
 11109, 56871,20150808,  192,    0
 11109, 56871,20150809,  171,    0
 11109, 56871,20150810,  200,    0
 11109, 56871,20150811,  153,    0
 11109, 56871,20150812,  163,    0
 11109, 56871,20150813,  173,    1
 11109, 56871,20150814,  156,    0
 11109, 56871,20150815,  146,    0
 11109, 56871,20150816,  129,    0
 11109, 56871,20150817,  153,    0
 11109, 56871,20150818,  148,    0
 11109, 56871,20150819,  146,    0
 11109, 56871,20150820,  185,    0
 11109, 56871,20150821,  193,    0
 11109, 56871,20150822,  227,    1
 11109, 56871,20150823,  183,    1
 11109, 56871,20150824,  137,    0
 11109, 56871,20150825,  143,    0
 11109, 56871,20150826,  182,    0
 11109, 56871,20150827,  160,    0
 11109, 56871,20150828,  156,    0
 11109, 56871,20150829,  168,    0
 11109, 56871,20150830,  149,    1
 11109, 56871,20150831,  140,    0
 11109, 56871,20150901,  155,    0
 11109, 56871,20150902,  132,    0
 11109, 56871,20150903,  121,    0
 11109, 56871,20150904,  137,    0
 11109, 56871,20150905,  129,    0
 11109, 56871,20150906,  115,    0
 11109, 56871,20150907,  134,    0
 11109, 56871,20150908,  107,    0
 11109, 56871,20150909,  133,    0
 11109, 56871,20150910,  151,    0
 11109, 56871,20150911,  156,    0
 11109, 56871,20150912,  163,    0
 11109, 56871,20150913,  132,    0
 11109, 56871,20150914,  136,    0
 11109, 56871,20150915,  149,    0
 11109, 56871,20150916,  134,    0
 11109, 56871,20150917,  125,    0
 11109, 56871,20150918,  153,    0
 11109, 56871,20150919,  130,    0
 11109, 56871,20150920,  131,    0
 11109, 56871,20150921,  145,    0
 11109, 56871,20150922,  126,    0
 11109, 56871,20150923,  122,    0
 11109, 56871,20150924,  139,    0
 11109, 56871,20150925,  127,    0
 11109, 56871,20150926,  101,    0
 11109, 56871,20150927,  115,    0
 11109, 56871,20150928,  122,    0
 11109, 56871,20150929,  123,    0
 11109, 56871,20150930,  127,    0
 11109, 56871,20151001,  122,    0
 11109, 56871,20151002,  116,    0
 11109, 56871,20151003,   95,    0
 11109, 56871,20151004,  107,    0
 11109, 56871,20151005,  155,    0
 11109, 56871,20151006,  157,    1
 11109, 56871,20151007,  133,    0
 11109, 56871,20151008,  121,    0
 11109, 56871,20151009,  112,    0
 11109, 56871,20151010,  104,    0
 11109, 56871,20151011,  118,    0
 11109, 56871,20151012,   82,    0
 11109, 56871,20151013,   92,    0
 11109, 56871,20151014,   85,    0
 11109, 56871,20151015,   93,    0
 11109, 56871,20151016,  107,    0
 11109, 56871,20151017,  105,    0
 11109, 56871,20151018,  114,    0
 11109, 56871,20151019,  115,    0
 11109, 56871,20151020,  112,    0
 11109, 56871,20151021,  126,    0
 11109, 56871,20151022,  134,    1
 11109, 56871,20151023,   84,    0
 11109, 56871,20151024,  121,    0
 11109, 56871,20151025,   81,    0
 11109, 56871,20151026,   99,    0
 11109, 56871,20151027,  124,    0
 11109, 56871,20151028,  117,    0
 11109, 56871,20151029,  124,    0
 11109, 56871,20151030,  128,    0
 11109, 56871,20151031,  143,    0
 11109, 56871,20151101,  111,    1
 11109, 56871,20151102,   87,    0
 11109, 56871,20151103,  106,    0
 11109, 56871,20151104,  123,    0
 11109, 56871,20151105,  133,    0
 11109, 56871,20151106,  150,    0
 11109, 56871,20151107,  145,    0
 11109, 56871,20151108,  119,    0
 11109, 56871,20151109,  119,    0
 11109, 56871,20151110,  137,    0
 11109, 56871,20151111,  140,    0
 11109, 56871,20151112,  114,    1
 11109, 56871,20151113,   85,    0
 11109, 56871,20151114,  104,    0
 11109, 56871,20151115,  122,    1
 11109, 56871,20151116,  109,    0
 11109, 56871,20151117,  124,    0
 11109, 56871,20151118,  116,    1
 11109, 56871,20151119,   97,    1
 11109, 56871,20151120,   73,    1
 11109, 56871,20151121,   32,    0
 11109, 56871,20151122,   37,    0
 11109, 56871,20151123,   29,    0
 11109, 56871,20151124,   51,    0
 11109, 56871,20151125,   78,    0
 11109, 56871,20151126,   96,    0
 11109, 56871,20151127,  104,    0
 11109, 56871,20151128,   66,    0
 11109, 56871,20151129,   86,    0
 11109, 56871,20151130,  105,    0
 11109, 56871,20151201,  106,    0
 11109, 56871,20151202,  116,    0
 11109, 56871,20151203,  125,    0
 11109, 56871,20151204,   90,    0
 11109, 56871,20151205,  109,    0
 11109, 56871,20151206,  124,    0
 11109, 56871,20151207,  123,    1
 11109, 56871,20151208,  118,    1
 11109, 56871,20151209,   77,    0
 11109, 56871,20151210,   87,    0
 11109, 56871,20151211,   72,    0
 11109, 56871,20151212,   80,    0
 11109, 56871,20151213,   72,    0
 11109, 56871,20151214,   76,    0
 11109, 56871,20151215,  111,    0
 11109, 56871,20151216,  123,    0
 11109, 56871,20151217,  135,    0
 11109, 56871,20151218,  130,    0
 11109, 56871,20151219,  134,    1
 11109, 56871,20151220,  112,    0
 11109, 56871,20151221,  100,    0
 11109, 56871,20151222,  108,    0
 11109, 56871,20151223,   90,    0
 11109, 56871,20151224,   88,    0
 11109, 56871,20151225,   86,    0
 11109, 56871,20151226,  114,    0
 11109, 56871,20151227,  118,    0
 11109, 56871,20151228,  114,    0
 11109, 56871,20151229,  112,    0
 11109, 56871,20151230,  112,    1
 11109, 56871,20151231,   79,    0
 11109, 56871,20160101,   58,    0
 11109, 56871,20160102,   68,    0
 11109, 56871,20160103,   71,    0
 11109, 56871,20160104,   74,    0
 11109, 56871,20160105,   84,    0
 11109, 56871,20160106,   71,    0
 11109, 56871,20160107,   68,    0
 11109, 56871,20160108,   62,    0
 11109, 56871,20160109,   68,    1
 11109, 56871,20160110,   44,    0
 11109, 56871,20160111,   48,    0
 11109, 56871,20160112,   53,    0
 11109, 56871,20160113,   40,    0
 11109, 56871,20160114,   35,    0
 11109, 56871,20160115,   26,    0
 11109, 56871,20160116,   12,    0
 11109, 56871,20160117,   22,    0
 11109, 56871,20160118,   36,    0
 11109, 56871,20160119,    6,    0
 11109, 56871,20160120,  -12,    0
 11109, 56871,20160121,   16,    0
 11109, 56871,20160122,   80,    0
 11109, 56871,20160123,   90,    0
 11109, 56871,20160124,  104,    0
 11109, 56871,20160125,  121,    0
 11109, 56871,20160126,   94,    0
 11109, 56871,20160127,  114,    1
 11109, 56871,20160128,   65,    0
 11109, 56871,20160129,   82,    1
 11109, 56871,20160130,   62,    0
 11109, 56871,20160131,   84,    0
 11109, 56871,20160201,  107,    1
 11109, 56871,20160202,   78,    0
 11109, 56871,20160203,   65,    0
 11109, 56871,20160204,   82,    0
 11109, 56871,20160205,   97,    0
 11109, 56871,20160206,   88,    0
 11109, 56871,20160207,   64,    0
 11109, 56871,20160208,   70,    0
 11109, 56871,20160209,   51,    0
 11109, 56871,20160210,   64,    0
 11109, 56871,20160211,   36,    0
 11109, 56871,20160212,   44,    0
 11109, 56871,20160213,   36,    0
 11109, 56871,20160214,   36,    0
 11109, 56871,20160215,   30,    0
 11109, 56871,20160216,   18,    0
 11109, 56871,20160217,   38,    0
 11109, 56871,20160218,   40,    0
 11109, 56871,20160219,   56,    0
 11109, 56871,20160220,   86,    0
 11109, 56871,20160221,  120,    1
 11109, 56871,20160222,   80,    0
 11109, 56871,20160223,   54,    0
 11109, 56871,20160224,   16,    0
 11109, 56871,20160225,   22,    0
 11109, 56871,20160226,   43,    0
 11109, 56871,20160227,   52,    0
 11109, 56871,20160228,   46,    0
 11109, 56871,20160229,   32,    0
 11109, 56871,20160301,   78,    1
 11109, 56871,20160302,   50,    0
 11109, 56871,20160303,   58,    0
 11109, 56871,20160304,   38,    0
 11109, 56871,20160305,   38,    0
 11109, 56871,20160306,   34,    0
 11109, 56871,20160307,   28,    0
 11109, 56871,20160308,   30,    0
 11109, 56871,20160309,   51,    0
 11109, 56871,20160310,   40,    0
 11109, 56871,20160311,   72,    0
 11109, 56871,20160312,   66,    0
 11109, 56871,20160313,   70,    0
 11109, 56871,20160314,   67,    0
 11109, 56871,20160315,   56,    0
 11109, 56871,20160316,   84,    0
 11109, 56871,20160317,   72,    1
 11109, 56871,20160318,   22,    0
 11109, 56871,20160319,   47,    0
 11109, 56871,20160320,   76,    0
 11109, 56871,20160321,   53,    0
 11109, 56871,20160322,   68,    0
 11109, 56871,20160323,   82,    0
 11109, 56871,20160324,   68,    0
 11109, 56871,20160325,   98,    0
 11109, 56871,20160326,  106,    0
 11109, 56871,20160327,   87,    0
 11109, 56871,20160328,   77,    0
 11109, 56871,20160329,   81,    0
 11109, 56871,20160330,   80,    0
 11109, 56871,20160331,   65,    0
 11109, 56871,20160401,   68,    0
 11109, 56871,20160402,  117,    0
 11109, 56871,20160403,  102,    0
 11109, 56871,20160404,  114,    0
 11109, 56871,20160405,  102,    0
 11109, 56871,20160406,   86,    0
 11109, 56871,20160407,   82,    0
 11109, 56871,20160408,   96,    0
 11109, 56871,20160409,   64,    0
 11109, 56871,20160410,   62,    0
 11109, 56871,20160411,   91,    0
 11109, 56871,20160412,  102,    0
 11109, 56871,20160413,  102,    0
 11109, 56871,20160414,  112,    1
 11109, 56871,20160415,   84,    0
 11109, 56871,20160416,   58,    0
 11109, 56871,20160417,   62,    0
 11109, 56871,20160418,   75,    0
 11109, 56871,20160419,  102,    0
 11109, 56871,20160420,   88,    0
 11109, 56871,20160421,   92,    0
 11109, 56871,20160422,   84,    0
 11109, 56871,20160423,   61,    0
 11109, 56871,20160424,   77,    0
 11109, 56871,20160425,   98,    0
 11109, 56871,20160426,   62,    0
 11109, 56871,20160427,   48,    0
 11109, 56871,20160428,   50,    0
 11109, 56871,20160429,   70,    0
 11109, 56871,20160430,   67,    0
 11109, 56871,20160501,   77,    0
 11109, 56871,20160502,  134,    0
 11109, 56871,20160503,   96,    0
 11109, 56871,20160504,  102,    0
 11109, 56871,20160505,  119,    0
 11109, 56871,20160506,  134,    0
 11109, 56871,20160507,  158,    0
 11109, 56871,20160508,  191,    0
 11109, 56871,20160509,  174,    1
 11109, 56871,20160510,  153,    0
 11109, 56871,20160511,  153,    0
 11109, 56871,20160512,  171,    1
 11109, 56871,20160513,  134,    0
 11109, 56871,20160514,  110,    0
 11109, 56871,20160515,  103,    0
 11109, 56871,20160516,  114,    0
 11109, 56871,20160517,  112,    0
 11109, 56871,20160518,  130,    0
 11109, 56871,20160519,  128,    0
 11109, 56871,20160520,  148,    0
 11109, 56871,20160521,  147,    0
 11109, 56871,20160522,  124,    0
 11109, 56871,20160523,  116,    0
 11109, 56871,20160524,  118,    0
 11109, 56871,20160525,   92,    0
 11109, 56871,20160526,  126,    0
 11109, 56871,20160527,  132,    0
 11109, 56871,20160528,  152,    0
 11109, 56871,20160529,  134,    0
 11109, 56871,20160530,  150,    0
 11109, 56871,20160531,  148,    1
 11109, 56871,20160601,  134,    0
 11109, 56871,20160602,  134,    0
 11109, 56871,20160603,  122,    0
 11109, 56871,20160604,  166,    0
 11109, 56871,20160605,  169,    0
 11109, 56871,20160606,  177,    0
 11109, 56871,20160607,  185,    0
 11109, 56871,20160608,  203,    0
 11109, 56871,20160609,  170,    0
 11109, 56871,20160610,  188,    0
 11109, 56871,20160611,  166,    0
 11109, 56871,20160612,  172,    0
 11109, 56871,20160613,  164,    0
 11109, 56871,20160614,  148,    0
 11109, 56871,20160615,  160,    0
 11109, 56871,20160616,  153,    0
 11109, 56871,20160617,  162,    0
 11109, 56871,20160618,  152,    0
 11109, 56871,20160619,  141,    0
 11109, 56871,20160620,  189,    0
 11109, 56871,20160621,  157,    0
 11109, 56871,20160622,  171,    0
 11109, 56871,20160623,  184,    0
 11109, 56871,20160624,  157,    0
 11109, 56871,20160625,  149,    0
 11109, 56871,20160626,  150,    0
 11109, 56871,20160627,  169,    0
 11109, 56871,20160628,  136,    0
 11109, 56871,20160629,  136,    0
 11109, 56871,20160630,  152,    0
 11109, 56871,20160701,  166,    0
 11109, 56871,20160702,  142,    0
 11109, 56871,20160703,  162,    0
 11109, 56871,20160704,  143,    0
 11109, 56871,20160705,  173,    0
 11109, 56871,20160706,  141,    0
 11109, 56871,20160707,  174,    0
 11109, 56871,20160708,  190,    0
 11109, 56871,20160709,  193,    0
 11109, 56871,20160710,  197,    0
 11109, 56871,20160711,  183,    1
 11109, 56871,20160712,  140,    0
 11109, 56871,20160713,  134,    0
 11109, 56871,20160714,  148,    0
 11109, 56871,20160715,  159,    0
 11109, 56871,20160716,  191,    0
 11109, 56871,20160717,  211,    0
 11109, 56871,20160718,  202,    0
 11109, 56871,20160719,  242,    0
 11109, 56871,20160720,  252,    1
 11109, 56871,20160721,  181,    0
 11109, 56871,20160722,  206,    0
 11109, 56871,20160723,  204,    0
 11109, 56871,20160724,  183,    0
 11109, 56871,20160725,  174,    0
 11109, 56871,20160726,  164,    0
 11109, 56871,20160727,  194,    0
 11109, 56871,20160728,  172,    0
 11109, 56871,20160729,  192,    0
 11109, 56871,20160730,  160,    0
 11109, 56871,20160731,  154,    0
 11109, 56871,20160801,  145,    0
 11109, 56871,20160802,  183,    0
 11109, 56871,20160803,  194,    0
 11109, 56871,20160804,  176,    0
 11109, 56871,20160805,  173,    0
 11109, 56871,20160806,  181,    0
 11109, 56871,20160807,  205,    1
 11109, 56871,20160808,  158,    0
 11109, 56871,20160809,  142,    0
 11109, 56871,20160810,  147,    0
 11109, 56871,20160811,  174,    0
 11109, 56871,20160812,  196,    0
 11109, 56871,20160813,  198,    0
 11109, 56871,20160814,  164,    0
 11109, 56871,20160815,  166,    0
 11109, 56871,20160816,  170,    0
 11109, 56871,20160817,  177,    0
 11109, 56871,20160818,  204,    1
 11109, 56871,20160819,  178,    0
 11109, 56871,20160820,  164,    0
 11109, 56871,20160821,  182,    0
 11109, 56871,20160822,  196,    0
 11109, 56871,20160823,  214,    0
 11109, 56871,20160824,  200,    0
 11109, 56871,20160825,  182,    0
 11109, 56871,20160826,  180,    0
 11109, 56871,20160827,  157,    0
 11109, 56871,20160828,  186,    0
 11109, 56871,20160829,  184,    0
 11109, 56871,20160830,  178,    0
 11109, 56871,20160831,  180,    0
 11109, 56871,20160901,  168,    0
 11109, 56871,20160902,  180,    1
 11109, 56871,20160903,  140,    0
 11109, 56871,20160904,  174,    0
 11109, 56871,20160905,  184,    0
 11109, 56871,20160906,  208,    0
 11109, 56871,20160907,  195,    0
 11109, 56871,20160908,  184,    0
 11109, 56871,20160909,  178,    1
 11109, 56871,20160910,  145,    0
 11109, 56871,20160911,  150,    0
 11109, 56871,20160912,  186,    0
 11109, 56871,20160913,  190,    0
 11109, 56871,20160914,  210,    0
 11109, 56871,20160915,  182,    0
 11109, 56871,20160916,  168,    0
 11109, 56871,20160917,  138,    0
 11109, 56871,20160918,  144,    0
 11109, 56871,20160919,  148,    0
 11109, 56871,20160920,  152,    0
 11109, 56871,20160921,  159,    0
 11109, 56871,20160922,  162,    0
 11109, 56871,20160923,  142,    0
 11109, 56871,20160924,  164,    0
 11109, 56871,20160925,  162,    0
 11109, 56871,20160926,  136,    0
 11109, 56871,20160927,  169,    0
 11109, 56871,20160928,  171,    0
 11109, 56871,20160929,  166,    0
 11109, 56871,20160930,  133,    0
 11109, 56871,20161001,  104,    0
 11109, 56871,20161002,  108,    0
 11109, 56871,20161003,  106,    0
 11109, 56871,20161004,  132,    0
 11109, 56871,20161005,  147,    0
 11109, 56871,20161006,  119,    0
 11109, 56871,20161007,  112,    0
 11109, 56871,20161008,  134,    0
 11109, 56871,20161009,  106,    0
 11109, 56871,20161010,   80,    0
 11109, 56871,20161011,   82,    0
 11109, 56871,20161012,  110,    0
 11109, 56871,20161013,   86,    0
 11109, 56871,20161014,  104,    0
 11109, 56871,20161015,  128,    0
 11109, 56871,20161016,  124,    0
 11109, 56871,20161017,  135,    0
 11109, 56871,20161018,  110,    0
 11109, 56871,20161019,  103,    0
 11109, 56871,20161020,  106,    0
 11109, 56871,20161021,   84,    0
 11109, 56871,20161022,   81,    0
 11109, 56871,20161023,   83,    0
 11109, 56871,20161024,   99,    0
 11109, 56871,20161025,  103,    0
 11109, 56871,20161026,  121,    0
 11109, 56871,20161027,  120,    0
 11109, 56871,20161028,  134,    0
 11109, 56871,20161029,  133,    0
 11109, 56871,20161030,  134,    0
 11109, 56871,20161031,  110,    0
 11109, 56871,20161101,   85,    0
 11109, 56871,20161102,   64,    0
 11109, 56871,20161103,   54,    0
 11109, 56871,20161104,   78,    0
 11109, 56871,20161105,   51,    0
 11109, 56871,20161106,   30,    0
 11109, 56871,20161107,   54,    0
 11109, 56871,20161108,   14,    0
 11109, 56871,20161109,   46,    0
 11109, 56871,20161110,   78,    0
 11109, 56871,20161111,   50,    0
 11109, 56871,20161112,   72,    0
 11109, 56871,20161113,   74,    0
 11109, 56871,20161114,   92,    0
 11109, 56871,20161115,  126,    0
 11109, 56871,20161116,  102,    0
 11109, 56871,20161117,   80,    1
 11109, 56871,20161118,   46,    0
 11109, 56871,20161119,   36,    0
 11109, 56871,20161120,   48,    0
 11109, 56871,20161121,   68,    0
 11109, 56871,20161122,   66,    0
 11109, 56871,20161123,   68,    0
 11109, 56871,20161124,   76,    0
 11109, 56871,20161125,   56,    0
 11109, 56871,20161126,   48,    0
 11109, 56871,20161127,   46,    0
 11109, 56871,20161128,   70,    1
 11109, 56871,20161129,    0,    0
 11109, 56871,20161130,  -12,    0
 11109, 56871,20161201,    3,    0
 11109, 56871,20161202,   18,    0
 11109, 56871,20161203,   53,    0
 11109, 56871,20161204,   22,    0
 11109, 56871,20161205,    9,    0
 11109, 56871,20161206,   46,    0
 11109, 56871,20161207,   89,    0
 11109, 56871,20161208,  119,    0
 11109, 56871,20161209,  122,    1
 11109, 56871,20161210,  106,    0
 11109, 56871,20161211,   72,    0
 11109, 56871,20161212,   62,    0
 11109, 56871,20161213,  100,    0
 11109, 56871,20161214,  106,    0
 11109, 56871,20161215,   93,    0
 11109, 56871,20161216,   78,    1
 11109, 56871,20161217,   46,    0
 11109, 56871,20161218,   52,    0
 11109, 56871,20161219,   38,    0
 11109, 56871,20161220,   51,    0
 11109, 56871,20161221,   66,    0
 11109, 56871,20161222,   56,    0
 11109, 56871,20161223,   82,    0
 11109, 56871,20161224,   82,    0
 11109, 56871,20161225,  106,    1
 11109, 56871,20161226,   71,    1
 11109, 56871,20161227,   12,    0
 11109, 56871,20161228,   11,    0
 11109, 56871,20161229,    3,    0
 11109, 56871,20161230,   14,    0
 11109, 56871,20161231,   32,    0
 11109, 56871,20170101,   58,    1
 11109, 56871,20170102,    9,    0
 11109, 56871,20170103,   30,    0
 11109, 56871,20170104,   48,    0
 11109, 56871,20170105,    1,    0
 11109, 56871,20170106,   24,    0
 11109, 56871,20170107,   75,    0
 11109, 56871,20170108,   84,    0
 11109, 56871,20170109,   77,    0
 11109, 56871,20170110,   77,    0
 11109, 56871,20170111,   83,    1
 11109, 56871,20170112,   50,    0
 11109, 56871,20170113,   27,    0
 11109, 56871,20170114,   32,    0
 11109, 56871,20170115,   60,    0
 11109, 56871,20170116,   73,    1
 11109, 56871,20170117,   50,    0
 11109, 56871,20170118,   47,    0
 11109, 56871,20170119,   52,    0
 11109, 56871,20170120,   13,    0
 11109, 56871,20170121,   -1,    0
 11109, 56871,20170122,   14,    0
 11109, 56871,20170123,   32,    0
 11109, 56871,20170124,   42,    0
 11109, 56871,20170125,   30,    1
 11109, 56871,20170126,    2,    0
 11109, 56871,20170127,   22,    0
 11109, 56871,20170128,   47,    0
 11109, 56871,20170129,   51,    0
 11109, 56871,20170130,   58,    0
 11109, 56871,20170131,   88,    0
 11109, 56871,20170201,  100,    0
 11109, 56871,20170202,  104,    1
 11109, 56871,20170203,   78,    0
 11109, 56871,20170204,   58,    1
 11109, 56871,20170205,   19,    0
 11109, 56871,20170206,   17,    0
 11109, 56871,20170207,   59,    1
 11109, 56871,20170208,   37,    1
 11109, 56871,20170209,   18,    0
 11109, 56871,20170210,   24,    0
 11109, 56871,20170211,   19,    0
 11109, 56871,20170212,   26,    0
 11109, 56871,20170213,   66,    0
 11109, 56871,20170214,   52,    0
 11109, 56871,20170215,   70,    0
 11109, 56871,20170216,   85,    0
 11109, 56871,20170217,   92,    0
 11109, 56871,20170218,   75,    0
 11109, 56871,20170219,   91,    0
 11109, 56871,20170220,  119,    0
 11109, 56871,20170221,  112,    0
 11109, 56871,20170222,  113,    1
 11109, 56871,20170223,   94,    0
 11109, 56871,20170224,   56,    0
 11109, 56871,20170225,   75,    0
 11109, 56871,20170226,   90,    0
 11109, 56871,20170227,   78,    0
 11109, 56871,20170228,   40,    0
 11109, 56871,20170301,   63,    0
 11109, 56871,20170302,   84,    0
 11109, 56871,20170303,   82,    0
 11109, 56871,20170304,   83,    0
 11109, 56871,20170305,   74,    0
 11109, 56871,20170306,   61,    0
 11109, 56871,20170307,   68,    0
 11109, 56871,20170308,   92,    0
 11109, 56871,20170309,  117,    0
 11109, 56871,20170310,  107,    0
 11109, 56871,20170311,  122,    0
 11109, 56871,20170312,  116,    0
 11109, 56871,20170313,   92,    0
 11109, 56871,20170314,  115,    0
 11109, 56871,20170315,  102,    0
 11109, 56871,20170316,   84,    0
 11109, 56871,20170317,   84,    0
 11109, 56871,20170318,  112,    0
 11109, 56871,20170319,  128,    1
 11109, 56871,20170320,  112,    0
 11109, 56871,20170321,   68,    0
 11109, 56871,20170322,   64,    0
 11109, 56871,20170323,   62,    0
 11109, 56871,20170324,   91,    0
 11109, 56871,20170325,   75,    0
 11109, 56871,20170326,   88,    0
 11109, 56871,20170327,   70,    0
 11109, 56871,20170328,  108,    0
 11109, 56871,20170329,  107,    0
 11109, 56871,20170330,  167,    0
 11109, 56871,20170331,  146,    0
 11109, 56871,20170401,  123,    0
 11109, 56871,20170402,   96,    0
 11109, 56871,20170403,   98,    0
 11109, 56871,20170404,  113,    0
 11109, 56871,20170405,   81,    0
 11109, 56871,20170406,   95,    0
 11109, 56871,20170407,   83,    0
 11109, 56871,20170408,  118,    0
 11109, 56871,20170409,  137,    0
 11109, 56871,20170410,   94,    0
 11109, 56871,20170411,   98,    0
 11109, 56871,20170412,  117,    0
 11109, 56871,20170413,   83,    0
 11109, 56871,20170414,  109,    0
 11109, 56871,20170415,  111,    0
 11109, 56871,20170416,   97,    0
 11109, 56871,20170417,   93,    0
 11109, 56871,20170418,   72,    0
 11109, 56871,20170419,   88,    0
 11109, 56871,20170420,  116,    0
 11109, 56871,20170421,   97,    0
 11109, 56871,20170422,  118,    0
 11109, 56871,20170423,   86,    0
 11109, 56871,20170424,   90,    0
 11109, 56871,20170425,   53,    0
 11109, 56871,20170426,   52,    0
 11109, 56871,20170427,   59,    0
 11109, 56871,20170428,   88,    0
 11109, 56871,20170429,   91,    0
 11109, 56871,20170430,  125,    0
 11109, 56871,20170501,  118,    0
 11109, 56871,20170502,  118,    0
 11109, 56871,20170503,   88,    0
 11109, 56871,20170504,  128,    0
 11109, 56871,20170505,  113,    0
 11109, 56871,20170506,  112,    0
 11109, 56871,20170507,  141,    0
 11109, 56871,20170508,   89,    0
 11109, 56871,20170509,  102,    0
 11109, 56871,20170510,   89,    0
 11109, 56871,20170511,  128,    0
 11109, 56871,20170512,  133,    0
 11109, 56871,20170513,  146,    0
 11109, 56871,20170514,  143,    0
 11109, 56871,20170515,  136,    0
 11109, 56871,20170516,  164,    1
 11109, 56871,20170517,  130,    0
 11109, 56871,20170518,  116,    0
 11109, 56871,20170519,  133,    0
 11109, 56871,20170520,  111,    0
 11109, 56871,20170521,  139,    0
 11109, 56871,20170522,  174,    0
 11109, 56871,20170523,  168,    0
 11109, 56871,20170524,  181,    0
 11109, 56871,20170525,  191,    0
 11109, 56871,20170526,  188,    0
 11109, 56871,20170527,  182,    0
 11109, 56871,20170528,  181,    0
 11109, 56871,20170529,  167,    0
 11109, 56871,20170530,  160,    0
 11109, 56871,20170531,  176,    0
 11109, 56871,20170601,  183,    0
 11109, 56871,20170602,  167,    0
 11109, 56871,20170603,  150,    0
 11109, 56871,20170604,  129,    0
 11109, 56871,20170605,  127,    0
 11109, 56871,20170606,  131,    0
 11109, 56871,20170607,  150,    0
 11109, 56871,20170608,  154,    0
 11109, 56871,20170609,  158,    0
 11109, 56871,20170610,  168,    0
 11109, 56871,20170611,  164,    0
 11109, 56871,20170612,  156,    0
 11109, 56871,20170613,  152,    0
 11109, 56871,20170614,  179,    0
 11109, 56871,20170615,  174,    0
 11109, 56871,20170616,  173,    0
 11109, 56871,20170617,  211,    0
 11109, 56871,20170618,  215,    0
 11109, 56871,20170619,  231,    0
 11109, 56871,20170620,  221,    0
 11109, 56871,20170621,  231,    1
 11109, 56871,20170622,  192,    0
 11109, 56871,20170623,  155,    0
 11109, 56871,20170624,  199,    0
 11109, 56871,20170625,  176,    0
 11109, 56871,20170626,  156,    0
 11109, 56871,20170627,  176,    1
 11109, 56871,20170628,  143,    0
 11109, 56871,20170629,  133,    0
 11109, 56871,20170630,  144,    0
 11109, 56871,20170701,  185,    0
 11109, 56871,20170702,  176,    0
 11109, 56871,20170703,  189,    0
 11109, 56871,20170704,  181,    0
 11109, 56871,20170705,  188,    0
 11109, 56871,20170706,  216,    0
 11109, 56871,20170707,  198,    0
 11109, 56871,20170708,  186,    0
 11109, 56871,20170709,  212,    0
 11109, 56871,20170710,  184,    1
 11109, 56871,20170711,  154,    0
 11109, 56871,20170712,  170,    0
 11109, 56871,20170713,  188,    0
 11109, 56871,20170714,  172,    0
 11109, 56871,20170715,  181,    0
 11109, 56871,20170716,  204,    0
 11109, 56871,20170717,  174,    0
 11109, 56871,20170718,  200,    0
 11109, 56871,20170719,  194,    0
 11109, 56871,20170720,  164,    0
 11109, 56871,20170721,  166,    0
 11109, 56871,20170722,  139,    0
 11109, 56871,20170723,  161,    0
 11109, 56871,20170724,  178,    0
 11109, 56871,20170725,  186,    0
 11109, 56871,20170726,  183,    0
 11109, 56871,20170727,  158,    0
 11109, 56871,20170728,  162,    0
 11109, 56871,20170729,  161,    0
 11109, 56871,20170730,  163,    0
 11109, 56871,20170731,  164,    0
 11109, 56871,20170801,  169,    0
 11109, 56871,20170802,  174,    0
 11109, 56871,20170803,  181,    0
 11109, 56871,20170804,  179,    0
 11109, 56871,20170805,  154,    0
 11109, 56871,20170806,  153,    0
 11109, 56871,20170807,  176,    0
 11109, 56871,20170808,  152,    0
 11109, 56871,20170809,  154,    0
 11109, 56871,20170810,  142,    0
 11109, 56871,20170811,  129,    0
 11109, 56871,20170812,  180,    0
 11109, 56871,20170813,  142,    0
 11109, 56871,20170814,  154,    0
 11109, 56871,20170815,  182,    0
 11109, 56871,20170816,  159,    0
 11109, 56871,20170817,  189,    0
 11109, 56871,20170818,  164,    0
 11109, 56871,20170819,  148,    0
 11109, 56871,20170820,  151,    0
 11109, 56871,20170821,  172,    0
 11109, 56871,20170822,  191,    0
 11109, 56871,20170823,  198,    0
 11109, 56871,20170824,  163,    0
 11109, 56871,20170825,  157,    0
 11109, 56871,20170826,  184,    0
 11109, 56871,20170827,  186,    0
 11109, 56871,20170828,  191,    1
 11109, 56871,20170829,  152,    0
 11109, 56871,20170830,  139,    0
 11109, 56871,20170831,  130,    0
 11109, 56871,20170901,  137,    0
 11109, 56871,20170902,  140,    0
 11109, 56871,20170903,  138,    0
 11109, 56871,20170904,  176,    0
 11109, 56871,20170905,  188,    0
 11109, 56871,20170906,  146,    0
 11109, 56871,20170907,  148,    0
 11109, 56871,20170908,  166,    0
 11109, 56871,20170909,  136,    0
 11109, 56871,20170910,  120,    0
 11109, 56871,20170911,  143,    0
 11109, 56871,20170912,  138,    0
 11109, 56871,20170913,  139,    0
 11109, 56871,20170914,  122,    0
 11109, 56871,20170915,  113,    0
 11109, 56871,20170916,  107,    0
 11109, 56871,20170917,  118,    0
 11109, 56871,20170918,  124,    0
 11109, 56871,20170919,  120,    0
 11109, 56871,20170920,  139,    0
 11109, 56871,20170921,  148,    0
 11109, 56871,20170922,  112,    0
 11109, 56871,20170923,  171,    0
 11109, 56871,20170924,  164,    0
 11109, 56871,20170925,  156,    0
 11109, 56871,20170926,  155,    0
 11109, 56871,20170927,  153,    0
 11109, 56871,20170928,  165,    0
 11109, 56871,20170929,  154,    0
 11109, 56871,20170930,  139,    0
 11109, 56871,20171001,  154,    0
 11109, 56871,20171002,  144,    0
 11109, 56871,20171003,  114,    0
 11109, 56871,20171004,  118,    0
 11109, 56871,20171005,  142,    0
 11109, 56871,20171006,  108,    0
 11109, 56871,20171007,  141,    0
 11109, 56871,20171008,  130,    0
 11109, 56871,20171009,  142,    0
 11109, 56871,20171010,  158,    0
 11109, 56871,20171011,  152,    0
 11109, 56871,20171012,  133,    0
 11109, 56871,20171013,  157,    0
 11109, 56871,20171014,  181,    0
 11109, 56871,20171015,  159,    0
 11109, 56871,20171016,  162,    0
 11109, 56871,20171017,  136,    1
 11109, 56871,20171018,  108,    0
 11109, 56871,20171019,  131,    0
 11109, 56871,20171020,  127,    0
 11109, 56871,20171021,  127,    0
 11109, 56871,20171022,  112,    0
 11109, 56871,20171023,  128,    0
 11109, 56871,20171024,  152,    0
 11109, 56871,20171025,  146,    1
 11109, 56871,20171026,  100,    0
 11109, 56871,20171027,  109,    0
 11109, 56871,20171028,   99,    0
 11109, 56871,20171029,  116,    1
 11109, 56871,20171030,   56,    0
 11109, 56871,20171031,   84,    0
 11109, 56871,20171101,  112,    0
 11109, 56871,20171102,   58,    0
 11109, 56871,20171103,  102,    0
 11109, 56871,20171104,  111,    1
 11109, 56871,20171105,   65,    0
 11109, 56871,20171106,   58,    0
 11109, 56871,20171107,   93,    0
 11109, 56871,20171108,   52,    0
 11109, 56871,20171109,   95,    0
 11109, 56871,20171110,   88,    0
 11109, 56871,20171111,   83,    1
 11109, 56871,20171112,   62,    0
 11109, 56871,20171113,   43,    0
 11109, 56871,20171114,   73,    0
 11109, 56871,20171115,  112,    0
 11109, 56871,20171116,  110,    1
 11109, 56871,20171117,   34,    0
 11109, 56871,20171118,   42,    0
 11109, 56871,20171119,   66,    0
 11109, 56871,20171120,   87,    0
 11109, 56871,20171121,  124,    0
 11109, 56871,20171122,  136,    1
 11109, 56871,20171123,   77,    0
 11109, 56871,20171124,   52,    0
 11109, 56871,20171125,   35,    0
 11109, 56871,20171126,   53,    0
 11109, 56871,20171127,   63,    0
 11109, 56871,20171128,   50,    0
 11109, 56871,20171129,   28,    0
 11109, 56871,20171130,    8,    0
 11109, 56871,20171201,   28,    0
 11109, 56871,20171202,   50,    0
 11109, 56871,20171203,   70,    0
 11109, 56871,20171204,   65,    0
 11109, 56871,20171205,   65,    0
 11109, 56871,20171206,   96,    0
 11109, 56871,20171207,  107,    1
 11109, 56871,20171208,   17,    0
 11109, 56871,20171209,    3,    0
 11109, 56871,20171210,    2,    0
 11109, 56871,20171211,    6,    0
 11109, 56871,20171212,   -8,    0
 11109, 56871,20171213,    3,    0
 11109, 56871,20171214,   46,    0
 11109, 56871,20171215,   36,    0
 11109, 56871,20171216,   29,    0
 11109, 56871,20171217,   44,    0
 11109, 56871,20171218,   30,    0
 11109, 56871,20171219,   34,    0
 11109, 56871,20171220,   69,    0
 11109, 56871,20171221,   98,    0
 11109, 56871,20171222,   96,    0
 11109, 56871,20171223,   87,    0
 11109, 56871,20171224,   86,    0
 11109, 56871,20171225,  101,    1
 11109, 56871,20171226,   43,    0
 11109, 56871,20171227,   25,    0
 11109, 56871,20171228,   30,    0
 11109, 56871,20171229,   59,    0
 11109, 56871,20171230,   89,    0
 11109, 56871,20171231,   92,    0
 11109,903529,20180101,   62,    0
 11109,903529,20180102,   62,    0
 11109,903529,20180103,   75,    0
 11109,903529,20180104,   91,    0
 11109,903529,20180105,   46,    0
 11109,903529,20180106,   13,    0
 11109,903529,20180107,   20,    0
 11109,903529,20180108,   13,    0
 11109,903529,20180109,   40,    0
 11109,903529,20180110,   56,    0
 11109,903529,20180111,   31,    0
 11109,903529,20180112,   52,    0
 11109,903529,20180113,   66,    0
 11109,903529,20180114,   40,    0
 11109,903529,20180115,   66,    0
 11109,903529,20180116,   52,    0
 11109,903529,20180117,   41,    0
 11109,903529,20180118,   63,    0
 11109,903529,20180119,   36,    0
 11109,903529,20180120,   28,    0
 11109,903529,20180121,   37,    0
 11109,903529,20180122,   87,    0
 11109,903529,20180123,  100,    0
 11109,903529,20180124,  114,    0
 11109,903529,20180125,   69,    0
 11109,903529,20180126,-9999,    9
 11109,903529,20180127,   56,    0
 11109,903529,20180128,  112,    0
 11109,903529,20180129,  112,    0
 11109,903529,20180130,   23,    0
 11109,903529,20180131,   68,    0
 11109,903529,20180201,   49,    0
 11109,903529,20180202,   50,    0
 11109,903529,20180203,   25,    0
 11109,903529,20180204,   45,    0
 11109,903529,20180205,   31,    0
 11109,903529,20180206,   16,    0
 11109,903529,20180207,    8,    0
 11109,903529,20180208,   42,    0
 11109,903529,20180209,   52,    0
 11109,903529,20180210,   38,    0
 11109,903529,20180211,   50,    0
 11109,903529,20180212,   28,    0
 11109,903529,20180213,   36,    0
 11109,903529,20180214,    7,    0
 11109,903529,20180215,   73,    0
 11109,903529,20180216,   44,    0
 11109,903529,20180217,   60,    0
 11109,903529,20180218,   53,    0
 11109,903529,20180219,   96,    0
 11109,903529,20180220,   84,    0
 11109,903529,20180221,   66,    0
 11109,903529,20180222,   22,    0
 11109,903529,20180223,    2,    0
 11109,903529,20180224,   28,    0
 11109,903529,20180225,   19,    0
 11109,903529,20180226,   -9,    0
 11109,903529,20180227,  -18,    0
 11109,903529,20180228,  -23,    0
 11109,903529,20180301,  -44,    0
 11109,903529,20180302,  -17,    0
 11109,903529,20180303,   -1,    0
 11109,903529,20180304,   50,    0
 11109,903529,20180305,   56,    0
 11109,903529,20180306,   65,    0
 11109,903529,20180307,   47,    0
 11109,903529,20180308,   57,    0
 11109,903529,20180309,   38,    0
 11109,903529,20180310,  101,    0
 11109,903529,20180311,   77,    0
 11109,903529,20180312,   85,    0
 11109,903529,20180313,   78,    0
 11109,903529,20180314,   64,    0
 11109,903529,20180315,  107,    0
 11109,903529,20180316,  101,    0
 11109,903529,20180317,   21,    0
 11109,903529,20180318,  -14,    0
 11109,903529,20180319,   18,    0
 11109,903529,20180320,   47,    0
 11109,903529,20180321,   27,    0
 11109,903529,20180322,   66,    0
 11109,903529,20180323,   92,    0
 11109,903529,20180324,   74,    0
 11109,903529,20180325,   95,    0
 11109,903529,20180326,   57,    0
 11109,903529,20180327,   97,    0
 11109,903529,20180328,   81,    0
 11109,903529,20180329,   43,    0
 11109,903529,20180330,   48,    0
 11109,903529,20180331,   57,    0
 11109,903529,20180401,   45,    0
 11109,903529,20180402,   79,    0
 11109,903529,20180403,  119,    0
 11109,903529,20180404,   95,    0
 11109,903529,20180405,   61,    0
 11109,903529,20180406,  105,    0
 11109,903529,20180407,   97,    0
 11109,903529,20180408,   97,    0
 11109,903529,20180409,   72,    0
 11109,903529,20180410,   93,    0
 11109,903529,20180411,   87,    0
 11109,903529,20180412,   67,    0
 11109,903529,20180413,   87,    0
 11109,903529,20180414,  128,    0
 11109,903529,20180415,  112,    0
 11109,903529,20180416,  111,    0
 11109,903529,20180417,  126,    0
 11109,903529,20180418,  183,    0
 11109,903529,20180419,  173,    0
 11109,903529,20180420,  151,    0
 11109,903529,20180421,  146,    0
 11109,903529,20180422,  158,    0
 11109,903529,20180423,  109,    0
 11109,903529,20180424,  121,    0
 11109,903529,20180425,   96,    0
 11109,903529,20180426,   94,    0
 11109,903529,20180427,   82,    0
 11109,903529,20180428,   76,    0
 11109,903529,20180429,   75,    0
 11109,903529,20180430,   79,    0
 11109,903529,20180501,   69,    0
 11109,903529,20180502,  110,    0
 11109,903529,20180503,   88,    0
 11109,903529,20180504,  138,    0
 11109,903529,20180505,  133,    0
 11109,903529,20180506,  153,    0
 11109,903529,20180507,  169,    0
 11109,903529,20180508,  151,    0
 11109,903529,20180509,  111,    0
 11109,903529,20180510,  119,    0
 11109,903529,20180511,  106,    0
 11109,903529,20180512,   89,    0
 11109,903529,20180513,  122,    0
 11109,903529,20180514,  121,    0
 11109,903529,20180515,  146,    0
 11109,903529,20180516,  131,    0
 11109,903529,20180517,   98,    0
 11109,903529,20180518,  103,    0
 11109,903529,20180519,  126,    0
 11109,903529,20180520,  144,    0
 11109,903529,20180521,  163,    0
 11109,903529,20180522,  161,    0
 11109,903529,20180523,  153,    0
 11109,903529,20180524,  137,    0
 11109,903529,20180525,  133,    0
 11109,903529,20180526,  181,    0
 11109,903529,20180527,  178,    0
 11109,903529,20180528,  175,    0
 11109,903529,20180529,  172,    0
 11109,903529,20180530,  151,    0
 11109,903529,20180531,  189,    0
 11109,903529,20180601,  202,    0
 11109,903529,20180602,  191,    0
 11109,903529,20180603,  181,    0
 11109,903529,20180604,  171,    0
 11109,903529,20180605,  147,    0
 11109,903529,20180606,  140,    0
 11109,903529,20180607,  136,    0
 11109,903529,20180608,  159,    0
 11109,903529,20180609,  157,    0
 11109,903529,20180610,  153,    0
 11109,903529,20180611,  172,    0
 11109,903529,20180612,  149,    0
 11109,903529,20180613,  150,    0
 11109,903529,20180614,  180,    0
 11109,903529,20180615,  131,    0
 11109,903529,20180616,  163,    0
 11109,903529,20180617,  148,    0
 11109,903529,20180618,  178,    0
 11109,903529,20180619,  196,    0
 11109,903529,20180620,  183,    0
 11109,903529,20180621,  143,    0
 11109,903529,20180622,  138,    0
 11109,903529,20180623,  147,    0
 11109,903529,20180624,  161,    0
 11109,903529,20180625,  188,    0
 11109,903529,20180626,  195,    0
 11109,903529,20180627,  198,    0
 11109,903529,20180628,  194,    0
 11109,903529,20180629,-9999,    9
 11109,903529,20180630,  198,    0
 11109,903529,20180701,  202,    0
 11109,903529,20180702,  206,    0
 11109,903529,20180703,  188,    0
 11109,903529,20180704,  190,    0
 11109,903529,20180705,  237,    0
 11109,903529,20180706,  206,    0
 11109,903529,20180707,  214,    0
 11109,903529,20180708,  221,    0
 11109,903529,20180709,  228,    0
 11109,903529,20180710,  198,    0
 11109,903529,20180711,  185,    0
 11109,903529,20180712,  190,    0
 11109,903529,20180713,  205,    0
 11109,903529,20180714,  196,    0
 11109,903529,20180715,  193,    0
 11109,903529,20180716,  203,    0
 11109,903529,20180717,  171,    0
 11109,903529,20180718,  175,    0
 11109,903529,20180719,  192,    0
 11109,903529,20180720,  194,    0
 11109,903529,20180721,  187,    0
 11109,903529,20180722,  228,    0
 11109,903529,20180723,-9999,    9
 11109,903529,20180724,-9999,    9
 11109,903529,20180725,-9999,    9
 11109,903529,20180726,-9999,    9
 11109,903529,20180727,-9999,    9
 11109,903529,20180728,-9999,    9
 11109,903529,20180729,-9999,    9
 11109,903529,20180730,-9999,    9
 11109,903529,20180731,-9999,    9
 11109,903529,20180801,-9999,    9
 11109,903529,20180802,-9999,    9
 11109,903529,20180803,-9999,    9
 11109,903529,20180804,-9999,    9
 11109,903529,20180805,-9999,    9
 11109,903529,20180806,-9999,    9
 11109,903529,20180807,-9999,    9
 11109,903529,20180808,-9999,    9
 11109,903529,20180809,-9999,    9
 11109,903529,20180810,-9999,    9
 11109,903529,20180811,-9999,    9
 11109,903529,20180812,  175,    0
 11109,903529,20180813,  201,    0
 11109,903529,20180814,  175,    0
 11109,903529,20180815,  198,    0
 11109,903529,20180816,  190,    0
 11109,903529,20180817,  146,    0
 11109,903529,20180818,  188,    0
 11109,903529,20180819,  215,    0
 11109,903529,20180820,  191,    0
 11109,903529,20180821,  206,    0
 11109,903529,20180822,  193,    0
 11109,903529,20180823,  166,    0
 11109,903529,20180824,  131,    0
 11109,903529,20180825,  123,    0
 11109,903529,20180826,  144,    0
 11109,903529,20180827,  162,    0
 11109,903529,20180828,  132,    0
 11109,903529,20180829,  151,    0
 11109,903529,20180830,  117,    0
 11109,903529,20180831,  131,    0
 11109,903529,20180901,  158,    0
 11109,903529,20180902,  204,    0
 11109,903529,20180903,  196,    0
 11109,903529,20180904,  155,    0
 11109,903529,20180905,  156,    0
 11109,903529,20180906,  111,    0
 11109,903529,20180907,  110,    0
 11109,903529,20180908,  126,    0
 11109,903529,20180909,  175,    0
 11109,903529,20180910,  158,    0
 11109,903529,20180911,  181,    0
 11109,903529,20180912,  139,    0
 11109,903529,20180913,  110,    0
 11109,903529,20180914,  151,    0
 11109,903529,20180915,  141,    0
 11109,903529,20180916,  163,    0
 11109,903529,20180917,  202,    0
 11109,903529,20180918,  179,    0
 11109,903529,20180919,  187,    0
 11109,903529,20180920,  153,    0
 11109,903529,20180921,  123,    0
 11109,903529,20180922,  108,    0
 11109,903529,20180923,  122,    0
 11109,903529,20180924,   93,    0
 11109,903529,20180925,   86,    0
 11109,903529,20180926,  144,    0
 11109,903529,20180927,  176,    0
 11109,903529,20180928,  125,    0
 11109,903529,20180929,   84,    0
 11109,903529,20180930,   94,    0
 11109,903529,20181001,   90,    0
 11109,903529,20181002,  135,    0
 11109,903529,20181003,  156,    0
 11109,903529,20181004,  133,    0
 11109,903529,20181005,  154,    0
 11109,903529,20181006,   92,    0
 11109,903529,20181007,   57,    0
 11109,903529,20181008,  130,    0
 11109,903529,20181009,  150,    0
 11109,903529,20181010,  152,    0
 11109,903529,20181011,  174,    0
 11109,903529,20181012,  155,    0
 11109,903529,20181013,  201,    0
 11109,903529,20181014,  115,    0
 11109,903529,20181015,  100,    0
 11109,903529,20181016,  133,    0
 11109,903529,20181017,  150,    0
 11109,903529,20181018,   86,    0
 11109,903529,20181019,   80,    0
 11109,903529,20181020,   96,    0
 11109,903529,20181021,  125,    0
 11109,903529,20181022,   72,    0
 11109,903529,20181023,  112,    0
 11109,903529,20181024,  133,    0
 11109,903529,20181025,   85,    0
 11109,903529,20181026,  101,    0
 11109,903529,20181027,   13,    0
 11109,903529,20181028,   54,    0
 11109,903529,20181029,   21,    0
 11109,903529,20181030,   28,    0
 11109,903529,20181031,   41,    0
 11109,903529,20181101,   82,    0
 11109,903529,20181102,   36,    0
 11109,903529,20181103,   91,    0
 11109,903529,20181104,  117,    0
 11109,903529,20181105,  108,    0
 11109,903529,20181106,  132,    0
 11109,903529,20181107,  129,    0
 11109,903529,20181108,   90,    0
 11109,903529,20181109,  101,    0
 11109,903529,20181110,  109,    0
 11109,903529,20181111,   91,    0
 11109,903529,20181112,   99,    0
 11109,903529,20181113,  102,    0
 11109,903529,20181114,  122,    0
 11109,903529,20181115,  124,    0
 11109,903529,20181116,  128,    0
 11109,903529,20181117,   90,    0
 11109,903529,20181118,   71,    0
 11109,903529,20181119,   66,    0
 11109,903529,20181120,   53,    0
 11109,903529,20181121,   50,    0
 11109,903529,20181122,   15,    0
 11109,903529,20181123,   49,    0
 11109,903529,20181124,   75,    0
 11109,903529,20181125,   63,    0
 11109,903529,20181126,   60,    0
 11109,903529,20181127,   31,    0
 11109,903529,20181128,  107,    0
 11109,903529,20181129,  110,    0
 11109,903529,20181130,   91,    0
 11109,903529,20181201,  101,    0
 11109,903529,20181202,  124,    0
 11109,903529,20181203,  109,    0
 11109,903529,20181204,   18,    0
 11109,903529,20181205,   83,    0
 11109,903529,20181206,  109,    0
 11109,903529,20181207,  121,    0
 11109,903529,20181208,   97,    0
 11109,903529,20181209,   97,    0
 11109,903529,20181210,   68,    0
 11109,903529,20181211,   47,    0
 11109,903529,20181212,   69,    0
 11109,903529,20181213,   33,    0
 11109,903529,20181214,   -6,    0
 11109,903529,20181215,   28,    0
 11109,903529,20181216,   65,    0
 11109,903529,20181217,   55,    0
 11109,903529,20181218,   99,    0
 11109,903529,20181219,   65,    0
 11109,903529,20181220,   80,    0
 11109,903529,20181221,   98,    0
 11109,903529,20181222,   95,    0
 11109,903529,20181223,   87,    0
 11109,903529,20181224,   46,    0
 11109,903529,20181225,   48,    0
 11109,903529,20181226,   95,    0
 11109,903529,20181227,   78,    0
 11109,903529,20181228,   83,    0
 11109,903529,20181229,  110,    0
 11109,903529,20181230,   71,    0
 11109,903529,20181231,   93,    0
 11109,903529,20190101,   80,    0
 11109,903529,20190102,    0,    0
 11109,903529,20190103,   30,    0
 11109,903529,20190104,  -20,    0
 11109,903529,20190105,   20,    0
 11109,903529,20190106,   75,    0
 11109,903529,20190107,   95,    0
 11109,903529,20190108,   71,    0
 11109,903529,20190109,   14,    0
 11109,903529,20190110,    4,    0
 11109,903529,20190111,   66,    0
 11109,903529,20190112,   83,    0
 11109,903529,20190113,  103,    0
 11109,903529,20190114,   78,    0
 11109,903529,20190115,   55,    0
 11109,903529,20190116,   91,    0
 11109,903529,20190117,   37,    0
 11109,903529,20190118,   13,    0
 11109,903529,20190119,   43,    0
 11109,903529,20190120,   39,    0
 11109,903529,20190121,   24,    0
 11109,903529,20190122,   32,    0
 11109,903529,20190123,    1,    0
 11109,903529,20190124,   16,    0
 11109,903529,20190125,   86,    0
 11109,903529,20190126,   73,    0
 11109,903529,20190127,   51,    0
 11109,903529,20190128,   28,    0
 11109,903529,20190129,   15,    0
 11109,903529,20190130,   15,    0
 11109,903529,20190131,  -29,    0
 11109,903529,20190201,   17,    0
 11109,903529,20190202,   15,    0
 11109,903529,20190203,   -9,    0
 11109,903529,20190204,   90,    0
 11109,903529,20190205,   22,    0
 11109,903529,20190206,   59,    0
 11109,903529,20190207,   76,    0
 11109,903529,20190208,   88,    0
 11109,903529,20190209,   81,    0
 11109,903529,20190210,   63,    0
 11109,903529,20190211,   58,    0
 11109,903529,20190212,-9999,    9
 11109,903529,20190213,   96,    0
 11109,903529,20190214,   66,    0
 11109,903529,20190215,   61,    0
 11109,903529,20190216,   94,    0
 11109,903529,20190217,  106,    0
 11109,903529,20190218,   88,    0
 11109,903529,20190219,   64,    0
 11109,903529,20190220,  103,    0
 11109,903529,20190221,  121,    0
 11109,903529,20190222,   68,    0
 11109,903529,20190223,   85,    0
 11109,903529,20190224,   83,    0
 11109,903529,20190225,   74,    0
 11109,903529,20190226,   85,    0
 11109,903529,20190227,   77,    0
 11109,903529,20190228,   74,    0
 11109,903529,20190301,   82,    0
 11109,903529,20190302,   98,    0
 11109,903529,20190303,  102,    0
 11109,903529,20190304,   71,    0
 11109,903529,20190305,   69,    0
 11109,903529,20190306,  113,    0
 11109,903529,20190307,   70,    0
 11109,903529,20190308,   44,    0
 11109,903529,20190309,   87,    0
 11109,903529,20190310,   72,    0
 11109,903529,20190311,   69,    0
 11109,903529,20190312,   89,    0
 11109,903529,20190313,   83,    0
 11109,903529,20190314,  104,    0
 11109,903529,20190315,  113,    0
 11109,903529,20190316,  107,    0
 11109,903529,20190317,   67,    0
 11109,903529,20190318,   66,    0
 11109,903529,20190319,   84,    0
 11109,903529,20190320,  111,    0
 11109,903529,20190321,   99,    0
 11109,903529,20190322,  117,    0
 11109,903529,20190323,   87,    0
 11109,903529,20190324,   80,    0
 11109,903529,20190325,   88,    0
 11109,903529,20190326,   66,    0
 11109,903529,20190327,   93,    0
 11109,903529,20190328,   85,    0
 11109,903529,20190329,   73,    0
 11109,903529,20190330,   80,    0
 11109,903529,20190331,   70,    0
 11109,903529,20190401,   85,    0
 11109,903529,20190402,   67,    0
 11109,903529,20190403,   29,    0
 11109,903529,20190404,   46,    0
 11109,903529,20190405,   84,    0
 11109,903529,20190406,   85,    0
 11109,903529,20190407,  101,    0
 11109,903529,20190408,   93,    0
 11109,903529,20190409,   93,    0
 11109,903529,20190410,   67,    0
 11109,903529,20190411,   40,    0
 11109,903529,20190412,   54,    0
 11109,903529,20190413,   55,    0
 11109,903529,20190414,   35,    0
 11109,903529,20190415,   86,    0
 11109,903529,20190416,   98,    0
 11109,903529,20190417,  113,    0
 11109,903529,20190418,  140,    0
 11109,903529,20190419,  133,    0
 11109,903529,20190420,  124,    0
 11109,903529,20190421,  133,    0
 11109,903529,20190422,  148,    0
 11109,903529,20190423,  141,    0
 11109,903529,20190424,  125,    0
 11109,903529,20190425,  107,    0
 11109,903529,20190426,   86,    0
 11109,903529,20190427,   90,    0
 11109,903529,20190428,  117,    0
 11109,903529,20190429,  109,    0
 11109,903529,20190430,   96,    0
