EUROPEAN CLIMATE ASSESSMENT & DATASET (ECA&D), file created on: 13-05-2019
THESE DATA CAN BE USED FOR NON-COMMERCIAL RESEARCH AND EDUCATION PROVIDED THAT THE FOLLOWING SOURCE IS ACKNOWLEDGED: 

Klein Tank, A.M.G. and Coauthors, 2002. Daily dataset of 20th-century surface
air temperature and precipitation series for the European Climate Assessment.
Int. J. of Climatol., 22, 1441-1453.
Data and metadata available at http://www.ecad.eu

FILE FORMAT (MISSING VALUE CODE = -9999):

01-06 STAID: Station identifier
08-13 SOUID: Source identifier
15-22 DATE : Date YYYYMMDD
24-28 TG   : Mean temperature in 0.1 &#176;C
30-34 Q_TG : quality code for TG (0='valid'; 1='suspect'; 9='missing')

This is the blended series of station MONT-ROIG DEL CAMP, SPAIN (STAID: 16319)
Blended and updated with sources:90618 
See files sources.txt and stations.txt for more info.

STAID, SOUID,    DATE,   TG, Q_TG
 16319, 90618,20180101,  137,    0
 16319, 90618,20180102,  161,    0
 16319, 90618,20180103,  187,    0
 16319, 90618,20180104,  190,    0
 16319, 90618,20180105,  147,    0
 16319, 90618,20180106,  126,    0
 16319, 90618,20180107,  243,    0
 16319, 90618,20180108,  279,    0
 16319, 90618,20180109,  253,    0
 16319, 90618,20180110,  200,    0
 16319, 90618,20180111,  122,    0
 16319, 90618,20180112,  120,    0
 16319, 90618,20180113,   89,    0
 16319, 90618,20180114,   93,    0
 16319, 90618,20180115,   98,    0
 16319, 90618,20180116,  145,    0
 16319, 90618,20180117,  143,    0
 16319, 90618,20180118,  110,    0
 16319, 90618,20180119,  125,    0
 16319, 90618,20180120,  143,    0
 16319, 90618,20180121,  177,    0
 16319, 90618,20180122,  172,    0
 16319, 90618,20180123,  154,    0
 16319, 90618,20180124,  113,    0
 16319, 90618,20180125,  122,    0
 16319, 90618,20180126,   88,    0
 16319, 90618,20180127,   95,    0
 16319, 90618,20180128,  122,    0
 16319, 90618,20180129,  119,    0
 16319, 90618,20180130,  103,    0
 16319, 90618,20180131,   90,    0
 16319, 90618,20180201,   95,    0
 16319, 90618,20180202,   77,    0
 16319, 90618,20180203,   86,    0
 16319, 90618,20180204,   79,    0
 16319, 90618,20180205,   75,    0
 16319, 90618,20180206,   55,    0
 16319, 90618,20180207,  262,    0
 16319, 90618,20180208,  281,    0
 16319, 90618,20180209,  254,    0
 16319, 90618,20180210,  188,    0
 16319, 90618,20180211,  140,    0
 16319, 90618,20180212,  142,    0
 16319, 90618,20180213,   75,    0
 16319, 90618,20180214,  103,    0
 16319, 90618,20180215,  144,    0
 16319, 90618,20180216,  118,    0
 16319, 90618,20180217,  128,    0
 16319, 90618,20180218,  118,    0
 16319, 90618,20180219,  119,    0
 16319, 90618,20180220,  137,    0
 16319, 90618,20180221,  101,    0
 16319, 90618,20180222,   70,    0
 16319, 90618,20180223,   67,    0
 16319, 90618,20180224,   75,    0
 16319, 90618,20180225,  106,    0
 16319, 90618,20180226,   89,    0
 16319, 90618,20180227,   25,    0
 16319, 90618,20180228,   48,    0
 16319, 90618,20180301,  107,    0
 16319, 90618,20180302,  113,    0
 16319, 90618,20180303,  123,    0
 16319, 90618,20180304,  118,    0
 16319, 90618,20180305,  115,    0
 16319, 90618,20180306,  118,    0
 16319, 90618,20180307,  254,    0
 16319, 90618,20180308,  281,    0
 16319, 90618,20180309,  259,    0
 16319, 90618,20180310,  197,    0
 16319, 90618,20180311,  134,    0
 16319, 90618,20180312,  160,    0
 16319, 90618,20180313,  130,    0
 16319, 90618,20180314,  118,    0
 16319, 90618,20180315,  137,    0
 16319, 90618,20180316,  138,    0
 16319, 90618,20180317,   99,    0
 16319, 90618,20180318,  108,    0
 16319, 90618,20180319,   96,    0
 16319, 90618,20180320,   80,    0
 16319, 90618,20180321,   91,    0
 16319, 90618,20180322,   99,    0
 16319, 90618,20180323,  138,    0
 16319, 90618,20180324,  106,    0
 16319, 90618,20180325,  111,    0
 16319, 90618,20180326,  132,    0
 16319, 90618,20180327,  160,    0
 16319, 90618,20180328,  175,    0
 16319, 90618,20180329,  140,    0
 16319, 90618,20180330,  117,    0
 16319, 90618,20180331,  127,    0
 16319, 90618,20180401,  122,    0
 16319, 90618,20180402,  121,    0
 16319, 90618,20180403,  127,    0
 16319, 90618,20180404,  167,    0
 16319, 90618,20180405,  152,    0
 16319, 90618,20180406,  130,    0
 16319, 90618,20180407,  254,    0
 16319, 90618,20180408,  311,    0
 16319, 90618,20180409,  253,    0
 16319, 90618,20180410,  198,    0
 16319, 90618,20180411,  138,    0
 16319, 90618,20180412,  160,    0
 16319, 90618,20180413,  125,    0
 16319, 90618,20180414,  133,    0
 16319, 90618,20180415,  179,    0
 16319, 90618,20180416,  141,    0
 16319, 90618,20180417,  173,    0
 16319, 90618,20180418,  173,    0
 16319, 90618,20180419,  161,    0
 16319, 90618,20180420,  161,    0
 16319, 90618,20180421,  166,    0
 16319, 90618,20180422,  167,    0
 16319, 90618,20180423,  174,    0
 16319, 90618,20180424,  184,    0
 16319, 90618,20180425,  189,    0
 16319, 90618,20180426,  187,    0
 16319, 90618,20180427,  176,    0
 16319, 90618,20180428,  164,    0
 16319, 90618,20180429,  147,    0
 16319, 90618,20180430,  143,    0
 16319, 90618,20180501,  121,    0
 16319, 90618,20180502,  163,    0
 16319, 90618,20180503,  167,    0
 16319, 90618,20180504,  147,    0
 16319, 90618,20180505,  171,    0
 16319, 90618,20180506,  166,    0
 16319, 90618,20180507,  260,    0
 16319, 90618,20180508,  309,    0
 16319, 90618,20180509,  243,    0
 16319, 90618,20180510,  198,    0
 16319, 90618,20180511,  131,    0
 16319, 90618,20180512,  142,    0
 16319, 90618,20180513,  153,    0
 16319, 90618,20180514,  163,    0
 16319, 90618,20180515,  171,    0
 16319, 90618,20180516,  174,    0
 16319, 90618,20180517,  172,    0
 16319, 90618,20180518,  181,    0
 16319, 90618,20180519,  192,    0
 16319, 90618,20180520,  198,    0
 16319, 90618,20180521,  180,    0
 16319, 90618,20180522,  190,    0
 16319, 90618,20180523,  193,    0
 16319, 90618,20180524,  198,    0
 16319, 90618,20180525,  209,    0
 16319, 90618,20180526,  197,    0
 16319, 90618,20180527,  205,    0
 16319, 90618,20180528,  192,    0
 16319, 90618,20180529,  201,    0
 16319, 90618,20180530,  192,    0
 16319, 90618,20180531,  206,    0
 16319, 90618,20180601,  209,    0
 16319, 90618,20180602,  206,    0
 16319, 90618,20180603,  190,    0
 16319, 90618,20180604,  199,    0
 16319, 90618,20180605,  210,    0
 16319, 90618,20180606,  187,    0
 16319, 90618,20180607,  252,    0
 16319, 90618,20180608,  287,    0
 16319, 90618,20180609,  234,    0
 16319, 90618,20180610,  211,    0
 16319, 90618,20180611,  125,    0
 16319, 90618,20180612,  146,    0
 16319, 90618,20180613,  227,    0
 16319, 90618,20180614,  226,    0
 16319, 90618,20180615,  216,    0
 16319, 90618,20180616,  215,    0
 16319, 90618,20180617,  225,    0
 16319, 90618,20180618,  229,    0
 16319, 90618,20180619,  233,    0
 16319, 90618,20180620,  230,    0
 16319, 90618,20180621,  238,    0
 16319, 90618,20180622,  251,    0
 16319, 90618,20180623,  244,    0
 16319, 90618,20180624,  238,    0
 16319, 90618,20180625,  236,    0
 16319, 90618,20180626,  243,    0
 16319, 90618,20180627,  243,    0
 16319, 90618,20180628,  246,    0
 16319, 90618,20180629,  248,    0
 16319, 90618,20180630,  241,    0
 16319, 90618,20180701,  243,    0
 16319, 90618,20180702,  262,    0
 16319, 90618,20180703,  254,    0
 16319, 90618,20180704,  254,    0
 16319, 90618,20180705,  260,    0
 16319, 90618,20180706,  252,    0
 16319, 90618,20180707,  251,    0
 16319, 90618,20180708,  284,    0
 16319, 90618,20180709,  229,    0
 16319, 90618,20180710,  185,    0
 16319, 90618,20180711,  139,    0
 16319, 90618,20180712,  135,    0
 16319, 90618,20180713,  251,    0
 16319, 90618,20180714,  259,    0
 16319, 90618,20180715,  259,    0
 16319, 90618,20180716,  276,    0
 16319, 90618,20180717,  255,    0
 16319, 90618,20180718,  250,    0
 16319, 90618,20180719,  258,    0
 16319, 90618,20180720,  256,    0
 16319, 90618,20180721,  242,    0
 16319, 90618,20180722,  237,    0
 16319, 90618,20180723,  247,    0
 16319, 90618,20180724,  254,    0
 16319, 90618,20180725,  258,    0
 16319, 90618,20180726,  257,    0
 16319, 90618,20180727,  261,    0
 16319, 90618,20180728,  263,    0
 16319, 90618,20180729,  269,    0
 16319, 90618,20180730,  271,    0
 16319, 90618,20180731,  265,    0
 16319, 90618,20180801,  279,    0
 16319, 90618,20180802,  281,    0
 16319, 90618,20180803,  281,    0
 16319, 90618,20180804,  311,    0
 16319, 90618,20180805,  309,    0
 16319, 90618,20180806,  287,    0
 16319, 90618,20180807,  261,    0
 16319, 90618,20180808,  284,    0
 16319, 90618,20180809,  231,    0
 16319, 90618,20180810,  167,    0
 16319, 90618,20180811,  143,    0
 16319, 90618,20180812,  141,    0
 16319, 90618,20180813,  268,    0
 16319, 90618,20180814,  256,    0
 16319, 90618,20180815,  253,    0
 16319, 90618,20180816,  260,    0
 16319, 90618,20180817,  234,    0
 16319, 90618,20180818,  226,    0
 16319, 90618,20180819,  253,    0
 16319, 90618,20180820,  269,    0
 16319, 90618,20180821,  260,    0
 16319, 90618,20180822,  254,    0
 16319, 90618,20180823,  260,    0
 16319, 90618,20180824,  279,    0
 16319, 90618,20180825,  244,    0
 16319, 90618,20180826,  234,    0
 16319, 90618,20180827,  250,    0
 16319, 90618,20180828,  252,    0
 16319, 90618,20180829,  254,    0
 16319, 90618,20180830,  251,    0
 16319, 90618,20180831,  253,    0
 16319, 90618,20180901,  253,    0
 16319, 90618,20180902,  254,    0
 16319, 90618,20180903,  259,    0
 16319, 90618,20180904,  253,    0
 16319, 90618,20180905,  243,    0
 16319, 90618,20180906,  234,    0
 16319, 90618,20180907,  265,    0
 16319, 90618,20180908,  254,    0
 16319, 90618,20180909,  239,    0
 16319, 90618,20180910,  182,    0
 16319, 90618,20180911,  140,    0
 16319, 90618,20180912,  156,    0
 16319, 90618,20180913,  236,    0
 16319, 90618,20180914,  241,    0
 16319, 90618,20180915,  218,    0
 16319, 90618,20180916,  227,    0
 16319, 90618,20180917,  238,    0
 16319, 90618,20180918,  222,    0
 16319, 90618,20180919,  229,    0
 16319, 90618,20180920,  234,    0
 16319, 90618,20180921,  241,    0
 16319, 90618,20180922,  247,    0
 16319, 90618,20180923,  244,    0
 16319, 90618,20180924,  250,    0
 16319, 90618,20180925,  196,    0
 16319, 90618,20180926,  217,    0
 16319, 90618,20180927,  194,    0
 16319, 90618,20180928,  211,    0
 16319, 90618,20180929,  238,    0
 16319, 90618,20180930,  221,    0
 16319, 90618,20181001,  200,    0
 16319, 90618,20181002,  188,    0
 16319, 90618,20181003,  197,    0
 16319, 90618,20181004,  198,    0
 16319, 90618,20181005,  198,    0
 16319, 90618,20181006,  211,    0
 16319, 90618,20181007,  264,    0
 16319, 90618,20181008,  240,    0
 16319, 90618,20181009,  237,    0
 16319, 90618,20181010,  189,    0
 16319, 90618,20181011,  142,    0
 16319, 90618,20181012,  127,    0
 16319, 90618,20181013,  221,    0
 16319, 90618,20181014,  206,    0
 16319, 90618,20181015,  171,    0
 16319, 90618,20181016,  173,    0
 16319, 90618,20181017,  193,    0
 16319, 90618,20181018,  187,    0
 16319, 90618,20181019,  180,    0
 16319, 90618,20181020,  186,    0
 16319, 90618,20181021,  203,    0
 16319, 90618,20181022,  191,    0
 16319, 90618,20181023,  177,    0
 16319, 90618,20181024,  193,    0
 16319, 90618,20181025,  191,    0
 16319, 90618,20181026,  171,    0
 16319, 90618,20181027,  128,    0
 16319, 90618,20181028,   96,    0
 16319, 90618,20181029,   96,    0
 16319, 90618,20181030,  120,    0
 16319, 90618,20181031,  135,    0
 16319, 90618,20181101,  122,    0
 16319, 90618,20181102,  140,    0
 16319, 90618,20181103,  134,    0
 16319, 90618,20181104,  138,    0
 16319, 90618,20181105,  131,    0
 16319, 90618,20181106,  125,    0
 16319, 90618,20181107,  252,    0
 16319, 90618,20181108,  256,    0
 16319, 90618,20181109,  242,    0
 16319, 90618,20181110,  202,    0
 16319, 90618,20181111,  158,    0
 16319, 90618,20181112,  110,    0
 16319, 90618,20181113,  176,    0
 16319, 90618,20181114,  170,    0
 16319, 90618,20181115,  165,    0
 16319, 90618,20181116,  166,    0
 16319, 90618,20181117,  145,    0
 16319, 90618,20181118,  131,    0
 16319, 90618,20181119,  130,    0
 16319, 90618,20181120,  114,    0
 16319, 90618,20181121,  127,    0
 16319, 90618,20181122,  125,    0
 16319, 90618,20181123,  115,    0
 16319, 90618,20181124,  115,    0
 16319, 90618,20181125,  111,    0
 16319, 90618,20181126,  112,    0
 16319, 90618,20181127,  135,    0
 16319, 90618,20181128,  130,    0
 16319, 90618,20181129,  111,    0
 16319, 90618,20181130,  127,    0
 16319, 90618,20181201,  120,    0
 16319, 90618,20181202,  142,    0
 16319, 90618,20181203,  160,    0
 16319, 90618,20181204,  160,    0
 16319, 90618,20181205,  142,    0
 16319, 90618,20181206,  146,    0
 16319, 90618,20181207,  251,    0
 16319, 90618,20181208,  267,    0
 16319, 90618,20181209,  239,    0
 16319, 90618,20181210,  212,    0
 16319, 90618,20181211,  172,    0
 16319, 90618,20181212,  112,    0
 16319, 90618,20181213,  111,    0
 16319, 90618,20181214,  122,    0
 16319, 90618,20181215,  137,    0
 16319, 90618,20181216,  147,    0
 16319, 90618,20181217,  111,    0
 16319, 90618,20181218,   86,    0
 16319, 90618,20181219,  123,    0
 16319, 90618,20181220,  116,    0
 16319, 90618,20181221,  126,    0
 16319, 90618,20181222,  134,    0
 16319, 90618,20181223,  146,    0
 16319, 90618,20181224,  137,    0
 16319, 90618,20181225,  128,    0
 16319, 90618,20181226,  115,    0
 16319, 90618,20181227,   79,    0
 16319, 90618,20181228,   80,    0
 16319, 90618,20181229,  105,    0
 16319, 90618,20181230,  114,    0
 16319, 90618,20181231,  135,    0
 16319, 90618,20190101,-9999,    9
 16319, 90618,20190102,-9999,    9
 16319, 90618,20190103,-9999,    9
 16319, 90618,20190104,-9999,    9
 16319, 90618,20190105,-9999,    9
 16319, 90618,20190106,-9999,    9
 16319, 90618,20190107,-9999,    9
 16319, 90618,20190108,-9999,    9
 16319, 90618,20190109,-9999,    9
 16319, 90618,20190110,-9999,    9
 16319, 90618,20190111,-9999,    9
 16319, 90618,20190112,-9999,    9
 16319, 90618,20190113,-9999,    9
 16319, 90618,20190114,-9999,    9
 16319, 90618,20190115,-9999,    9
 16319, 90618,20190116,-9999,    9
 16319, 90618,20190117,-9999,    9
 16319, 90618,20190118,-9999,    9
 16319, 90618,20190119,-9999,    9
 16319, 90618,20190120,-9999,    9
 16319, 90618,20190121,-9999,    9
 16319, 90618,20190122,-9999,    9
 16319, 90618,20190123,-9999,    9
 16319, 90618,20190124,-9999,    9
 16319, 90618,20190125,-9999,    9
 16319, 90618,20190126,-9999,    9
 16319, 90618,20190127,-9999,    9
 16319, 90618,20190128,-9999,    9
 16319, 90618,20190129,-9999,    9
 16319, 90618,20190130,-9999,    9
 16319, 90618,20190131,-9999,    9
 16319, 90618,20190201,-9999,    9
 16319, 90618,20190202,-9999,    9
 16319, 90618,20190203,-9999,    9
 16319, 90618,20190204,-9999,    9
 16319, 90618,20190205,-9999,    9
 16319, 90618,20190206,-9999,    9
 16319, 90618,20190207,-9999,    9
 16319, 90618,20190208,-9999,    9
 16319, 90618,20190209,-9999,    9
 16319, 90618,20190210,-9999,    9
 16319, 90618,20190211,-9999,    9
 16319, 90618,20190212,-9999,    9
 16319, 90618,20190213,-9999,    9
 16319, 90618,20190214,-9999,    9
 16319, 90618,20190215,-9999,    9
 16319, 90618,20190216,-9999,    9
 16319, 90618,20190217,-9999,    9
 16319, 90618,20190218,-9999,    9
 16319, 90618,20190219,-9999,    9
 16319, 90618,20190220,-9999,    9
 16319, 90618,20190221,-9999,    9
 16319, 90618,20190222,-9999,    9
 16319, 90618,20190223,-9999,    9
 16319, 90618,20190224,-9999,    9
 16319, 90618,20190225,-9999,    9
 16319, 90618,20190226,-9999,    9
 16319, 90618,20190227,-9999,    9
 16319, 90618,20190228,-9999,    9
 16319, 90618,20190301,-9999,    9
 16319, 90618,20190302,-9999,    9
 16319, 90618,20190303,-9999,    9
 16319, 90618,20190304,-9999,    9
 16319, 90618,20190305,-9999,    9
 16319, 90618,20190306,-9999,    9
 16319, 90618,20190307,-9999,    9
 16319, 90618,20190308,-9999,    9
 16319, 90618,20190309,-9999,    9
 16319, 90618,20190310,-9999,    9
 16319, 90618,20190311,-9999,    9
 16319, 90618,20190312,-9999,    9
 16319, 90618,20190313,-9999,    9
 16319, 90618,20190314,-9999,    9
 16319, 90618,20190315,-9999,    9
 16319, 90618,20190316,-9999,    9
 16319, 90618,20190317,-9999,    9
 16319, 90618,20190318,-9999,    9
 16319, 90618,20190319,-9999,    9
 16319, 90618,20190320,-9999,    9
 16319, 90618,20190321,-9999,    9
 16319, 90618,20190322,-9999,    9
 16319, 90618,20190323,-9999,    9
 16319, 90618,20190324,-9999,    9
 16319, 90618,20190325,-9999,    9
 16319, 90618,20190326,-9999,    9
 16319, 90618,20190327,-9999,    9
 16319, 90618,20190328,-9999,    9
 16319, 90618,20190329,-9999,    9
 16319, 90618,20190330,-9999,    9
 16319, 90618,20190331,-9999,    9
 16319, 90618,20190401,-9999,    9
 16319, 90618,20190402,-9999,    9
 16319, 90618,20190403,-9999,    9
 16319, 90618,20190404,-9999,    9
 16319, 90618,20190405,-9999,    9
 16319, 90618,20190406,-9999,    9
 16319, 90618,20190407,-9999,    9
 16319, 90618,20190408,-9999,    9
 16319, 90618,20190409,-9999,    9
 16319, 90618,20190410,-9999,    9
 16319, 90618,20190411,-9999,    9
 16319, 90618,20190412,-9999,    9
 16319, 90618,20190413,-9999,    9
 16319, 90618,20190414,-9999,    9
 16319, 90618,20190415,-9999,    9
 16319, 90618,20190416,-9999,    9
 16319, 90618,20190417,-9999,    9
 16319, 90618,20190418,-9999,    9
 16319, 90618,20190419,-9999,    9
 16319, 90618,20190420,-9999,    9
 16319, 90618,20190421,-9999,    9
 16319, 90618,20190422,-9999,    9
 16319, 90618,20190423,-9999,    9
 16319, 90618,20190424,-9999,    9
 16319, 90618,20190425,-9999,    9
 16319, 90618,20190426,-9999,    9
 16319, 90618,20190427,-9999,    9
 16319, 90618,20190428,-9999,    9
 16319, 90618,20190429,-9999,    9
 16319, 90618,20190430,-9999,    9
