EUROPEAN CLIMATE ASSESSMENT & DATASET (ECA&D), file created on: 13-05-2019
THESE DATA CAN BE USED FOR NON-COMMERCIAL RESEARCH AND EDUCATION PROVIDED THAT THE FOLLOWING SOURCE IS ACKNOWLEDGED: 

Klein Tank, A.M.G. and Coauthors, 2002. Daily dataset of 20th-century surface
air temperature and precipitation series for the European Climate Assessment.
Int. J. of Climatol., 22, 1441-1453.
Data and metadata available at http://www.ecad.eu

FILE FORMAT (MISSING VALUE CODE = -9999):

01-06 STAID: Station identifier
08-13 SOUID: Source identifier
15-22 DATE : Date YYYYMMDD
24-28 TG   : Mean temperature in 0.1 &#176;C
30-34 Q_TG : quality code for TG (0='valid'; 1='suspect'; 9='missing')

This is the blended series of station BERGELIGREND, NORWAY (STAID: 5141)
Blended and updated with sources:34792 
See files sources.txt and stations.txt for more info.

STAID, SOUID,    DATE,   TG, Q_TG
  5141, 34792,20160301,-9999,    9
  5141, 34792,20160302,-9999,    9
  5141, 34792,20160303,-9999,    9
  5141, 34792,20160304,-9999,    9
  5141, 34792,20160305,-9999,    9
  5141, 34792,20160306,-9999,    9
  5141, 34792,20160307,-9999,    9
  5141, 34792,20160308,-9999,    9
  5141, 34792,20160309,-9999,    9
  5141, 34792,20160310,-9999,    9
  5141, 34792,20160311,-9999,    9
  5141, 34792,20160312,-9999,    9
  5141, 34792,20160313,-9999,    9
  5141, 34792,20160314,-9999,    9
  5141, 34792,20160315,-9999,    9
  5141, 34792,20160316,-9999,    9
  5141, 34792,20160317,-9999,    9
  5141, 34792,20160318,-9999,    9
  5141, 34792,20160319,-9999,    9
  5141, 34792,20160320,-9999,    9
  5141, 34792,20160321,-9999,    9
  5141, 34792,20160322,-9999,    9
  5141, 34792,20160323,-9999,    9
  5141, 34792,20160324,-9999,    9
  5141, 34792,20160325,-9999,    9
  5141, 34792,20160326,-9999,    9
  5141, 34792,20160327,-9999,    9
  5141, 34792,20160328,-9999,    9
  5141, 34792,20160329,-9999,    9
  5141, 34792,20160330,-9999,    9
  5141, 34792,20160331,  -10,    0
  5141, 34792,20160401,    9,    0
  5141, 34792,20160402,-9999,    9
  5141, 34792,20160403,   31,    0
  5141, 34792,20160404,   39,    0
  5141, 34792,20160405,-9999,    9
  5141, 34792,20160406,-9999,    9
  5141, 34792,20160407,   30,    0
  5141, 34792,20160408,   24,    0
  5141, 34792,20160409,   16,    0
  5141, 34792,20160410,   15,    0
  5141, 34792,20160411,   38,    0
  5141, 34792,20160412,   35,    0
  5141, 34792,20160413,   43,    0
  5141, 34792,20160414,   40,    0
  5141, 34792,20160415,-9999,    9
  5141, 34792,20160416,-9999,    9
  5141, 34792,20160417,-9999,    9
  5141, 34792,20160418,-9999,    9
  5141, 34792,20160419,-9999,    9
  5141, 34792,20160420,-9999,    9
  5141, 34792,20160421,-9999,    9
  5141, 34792,20160422,-9999,    9
  5141, 34792,20160423,-9999,    9
  5141, 34792,20160424,-9999,    9
  5141, 34792,20160425,-9999,    9
  5141, 34792,20160426,-9999,    9
  5141, 34792,20160427,-9999,    9
  5141, 34792,20160428,-9999,    9
  5141, 34792,20160429,-9999,    9
  5141, 34792,20160430,-9999,    9
  5141, 34792,20160501,   31,    0
  5141, 34792,20160502,-9999,    9
  5141, 34792,20160503,-9999,    9
  5141, 34792,20160504,-9999,    9
  5141, 34792,20160505,-9999,    9
  5141, 34792,20160506,-9999,    9
  5141, 34792,20160507,-9999,    9
  5141, 34792,20160508,-9999,    9
  5141, 34792,20160509,-9999,    9
  5141, 34792,20160510,-9999,    9
  5141, 34792,20160511,-9999,    9
  5141, 34792,20160512,-9999,    9
  5141, 34792,20160513,-9999,    9
  5141, 34792,20160514,-9999,    9
  5141, 34792,20160515,-9999,    9
  5141, 34792,20160516,-9999,    9
  5141, 34792,20160517,-9999,    9
  5141, 34792,20160518,-9999,    9
  5141, 34792,20160519,-9999,    9
  5141, 34792,20160520,-9999,    9
  5141, 34792,20160521,-9999,    9
  5141, 34792,20160522,-9999,    9
  5141, 34792,20160523,-9999,    9
  5141, 34792,20160524,-9999,    9
  5141, 34792,20160525,-9999,    9
  5141, 34792,20160526,-9999,    9
  5141, 34792,20160527,-9999,    9
  5141, 34792,20160528,-9999,    9
  5141, 34792,20160529,-9999,    9
  5141, 34792,20160530,-9999,    9
  5141, 34792,20160531,-9999,    9
  5141, 34792,20160601,  189,    0
  5141, 34792,20160602,-9999,    9
  5141, 34792,20160603,-9999,    9
  5141, 34792,20160604,-9999,    9
  5141, 34792,20160605,-9999,    9
  5141, 34792,20160606,-9999,    9
  5141, 34792,20160607,-9999,    9
  5141, 34792,20160608,-9999,    9
  5141, 34792,20160609,-9999,    9
  5141, 34792,20160610,-9999,    9
  5141, 34792,20160611,-9999,    9
  5141, 34792,20160612,-9999,    9
  5141, 34792,20160613,-9999,    9
  5141, 34792,20160614,-9999,    9
  5141, 34792,20160615,-9999,    9
  5141, 34792,20160616,-9999,    9
  5141, 34792,20160617,-9999,    9
  5141, 34792,20160618,-9999,    9
  5141, 34792,20160619,-9999,    9
  5141, 34792,20160620,-9999,    9
  5141, 34792,20160621,-9999,    9
  5141, 34792,20160622,-9999,    9
  5141, 34792,20160623,-9999,    9
  5141, 34792,20160624,-9999,    9
  5141, 34792,20160625,-9999,    9
  5141, 34792,20160626,-9999,    9
  5141, 34792,20160627,-9999,    9
  5141, 34792,20160628,-9999,    9
  5141, 34792,20160629,-9999,    9
  5141, 34792,20160630,-9999,    9
  5141, 34792,20160701,   97,    0
  5141, 34792,20160702,  102,    0
  5141, 34792,20160703,  107,    0
  5141, 34792,20160704,  110,    0
  5141, 34792,20160705,  112,    0
  5141, 34792,20160706,  122,    0
  5141, 34792,20160707,  121,    0
  5141, 34792,20160708,  147,    0
  5141, 34792,20160709,  151,    0
  5141, 34792,20160710,  118,    0
  5141, 34792,20160711,  138,    0
  5141, 34792,20160712,  128,    0
  5141, 34792,20160713,  129,    0
  5141, 34792,20160714,  141,    0
  5141, 34792,20160715,  146,    0
  5141, 34792,20160716,  125,    0
  5141, 34792,20160717,  109,    0
  5141, 34792,20160718,  128,    0
  5141, 34792,20160719,  134,    0
  5141, 34792,20160720,  164,    0
  5141, 34792,20160721,  172,    0
  5141, 34792,20160722,  185,    0
  5141, 34792,20160723,  158,    0
  5141, 34792,20160724,  177,    0
  5141, 34792,20160725,  160,    0
  5141, 34792,20160726,  160,    0
  5141, 34792,20160727,  118,    0
  5141, 34792,20160728,  150,    0
  5141, 34792,20160729,  114,    0
  5141, 34792,20160730,  137,    0
  5141, 34792,20160731,  113,    0
  5141, 34792,20160801,  107,    0
  5141, 34792,20160802,  124,    0
  5141, 34792,20160803,  114,    0
  5141, 34792,20160804,  135,    0
  5141, 34792,20160805,  143,    0
  5141, 34792,20160806,  120,    0
  5141, 34792,20160807,  114,    0
  5141, 34792,20160808,  108,    0
  5141, 34792,20160809,   98,    0
  5141, 34792,20160810,   95,    0
  5141, 34792,20160811,   89,    0
  5141, 34792,20160812,   65,    0
  5141, 34792,20160813,  115,    0
  5141, 34792,20160814,  119,    0
  5141, 34792,20160815,  132,    0
  5141, 34792,20160816,  148,    0
  5141, 34792,20160817,  153,    0
  5141, 34792,20160818,  153,    0
  5141, 34792,20160819,  122,    0
  5141, 34792,20160820,  117,    0
  5141, 34792,20160821,  130,    0
  5141, 34792,20160822,  124,    0
  5141, 34792,20160823,  146,    0
  5141, 34792,20160824,  138,    0
  5141, 34792,20160825,  154,    0
  5141, 34792,20160826,  145,    0
  5141, 34792,20160827,  137,    0
  5141, 34792,20160828,   94,    0
  5141, 34792,20160829,  115,    0
  5141, 34792,20160830,  111,    0
  5141, 34792,20160831,  135,    0
  5141, 34792,20160901,  131,    0
  5141, 34792,20160902,  109,    0
  5141, 34792,20160903,  110,    0
  5141, 34792,20160904,  102,    0
  5141, 34792,20160905,  108,    0
  5141, 34792,20160906,  127,    0
  5141, 34792,20160907,  158,    0
  5141, 34792,20160908,  142,    0
  5141, 34792,20160909,  163,    0
  5141, 34792,20160910,  145,    0
  5141, 34792,20160911,  135,    0
  5141, 34792,20160912,   94,    0
  5141, 34792,20160913,  139,    0
  5141, 34792,20160914,  154,    0
  5141, 34792,20160915,  167,    0
  5141, 34792,20160916,  133,    0
  5141, 34792,20160917,  121,    0
  5141, 34792,20160918,  116,    0
  5141, 34792,20160919,  117,    0
  5141, 34792,20160920,  112,    0
  5141, 34792,20160921,  116,    0
  5141, 34792,20160922,  125,    0
  5141, 34792,20160923,  103,    0
  5141, 34792,20160924,   78,    0
  5141, 34792,20160925,  136,    0
  5141, 34792,20160926,  126,    0
  5141, 34792,20160927,   70,    0
  5141, 34792,20160928,  104,    0
  5141, 34792,20160929,   93,    0
  5141, 34792,20160930,   77,    0
  5141, 34792,20161001,   50,    0
  5141, 34792,20161002,   51,    0
  5141, 34792,20161003,   37,    0
  5141, 34792,20161004,   41,    0
  5141, 34792,20161005,   34,    0
  5141, 34792,20161006,   54,    0
  5141, 34792,20161007,   81,    0
  5141, 34792,20161008,   56,    0
  5141, 34792,20161009,   25,    0
  5141, 34792,20161010,   39,    0
  5141, 34792,20161011,   13,    0
  5141, 34792,20161012,    2,    0
  5141, 34792,20161013,  -10,    0
  5141, 34792,20161014,  -10,    0
  5141, 34792,20161015,    1,    0
  5141, 34792,20161016,   22,    0
  5141, 34792,20161017,   35,    0
  5141, 34792,20161018,   49,    0
  5141, 34792,20161019,   50,    0
  5141, 34792,20161020,   44,    0
  5141, 34792,20161021,   23,    0
  5141, 34792,20161022,    2,    0
  5141, 34792,20161023,    6,    0
  5141, 34792,20161024,   19,    0
  5141, 34792,20161025,   24,    0
  5141, 34792,20161026,   23,    0
  5141, 34792,20161027,   48,    0
  5141, 34792,20161028,-9999,    9
  5141, 34792,20161029,-9999,    9
  5141, 34792,20161030,-9999,    9
  5141, 34792,20161031,-9999,    9
  5141, 34792,20161101,   36,    0
  5141, 34792,20161102,    0,    0
  5141, 34792,20161103,  -49,    0
  5141, 34792,20161104,  -25,    0
  5141, 34792,20161105,  -23,    0
  5141, 34792,20161106,  -55,    0
  5141, 34792,20161107,  -85,    0
  5141, 34792,20161108,  -83,    0
  5141, 34792,20161109,  -71,    0
  5141, 34792,20161110,  -70,    0
  5141, 34792,20161111,  -86,    0
  5141, 34792,20161112,  -60,    0
  5141, 34792,20161113,    1,    0
  5141, 34792,20161114,    4,    0
  5141, 34792,20161115,   16,    0
  5141, 34792,20161116,    8,    0
  5141, 34792,20161117,  -19,    0
  5141, 34792,20161118,   -2,    0
  5141, 34792,20161119,  -20,    0
  5141, 34792,20161120,  -12,    0
  5141, 34792,20161121,  -17,    0
  5141, 34792,20161122,    5,    0
  5141, 34792,20161123,   31,    0
  5141, 34792,20161124,  -17,    0
  5141, 34792,20161125,   31,    0
  5141, 34792,20161126,   49,    0
  5141, 34792,20161127,   -8,    0
  5141, 34792,20161128,  -44,    0
  5141, 34792,20161129,  -18,    0
  5141, 34792,20161130,   -5,    0
  5141, 34792,20161201,   -2,    0
  5141, 34792,20161202,  -25,    0
  5141, 34792,20161203,  -20,    0
  5141, 34792,20161204,   22,    0
  5141, 34792,20161205,   41,    0
  5141, 34792,20161206,  -47,    0
  5141, 34792,20161207,  -26,    0
  5141, 34792,20161208,   48,    0
  5141, 34792,20161209,   41,    0
  5141, 34792,20161210,   12,    0
  5141, 34792,20161211,    6,    0
  5141, 34792,20161212,  -38,    0
  5141, 34792,20161213,  -11,    0
  5141, 34792,20161214,  -62,    0
  5141, 34792,20161215,  -68,    0
  5141, 34792,20161216,  -50,    0
  5141, 34792,20161217,  -34,    0
  5141, 34792,20161218,  -16,    0
  5141, 34792,20161219,   26,    0
  5141, 34792,20161220,    2,    0
  5141, 34792,20161221,    5,    0
  5141, 34792,20161222,   -1,    0
  5141, 34792,20161223,  -11,    0
  5141, 34792,20161224,    8,    0
  5141, 34792,20161225,   20,    0
  5141, 34792,20161226,   16,    0
  5141, 34792,20161227,    2,    0
  5141, 34792,20161228,   -9,    0
  5141, 34792,20161229,  -19,    0
  5141, 34792,20161230,   44,    0
  5141, 34792,20161231,   67,    0
  5141, 34792,20170101,    4,    0
  5141, 34792,20170102,  -37,    0
  5141, 34792,20170103,  -31,    0
  5141, 34792,20170104,  -33,    0
  5141, 34792,20170105, -123,    0
  5141, 34792,20170106,  -94,    0
  5141, 34792,20170107,  -34,    0
  5141, 34792,20170108,  -42,    0
  5141, 34792,20170109,    0,    0
  5141, 34792,20170110,   10,    1
  5141, 34792,20170111,   14,    0
  5141, 34792,20170112,    6,    0
  5141, 34792,20170113,  -64,    0
  5141, 34792,20170114,  -51,    0
  5141, 34792,20170115, -112,    0
  5141, 34792,20170116, -100,    0
  5141, 34792,20170117,  -36,    0
  5141, 34792,20170118,   18,    0
  5141, 34792,20170119,   34,    0
  5141, 34792,20170120,   31,    0
  5141, 34792,20170121,   18,    0
  5141, 34792,20170122,   -6,    0
  5141, 34792,20170123,  -12,    0
  5141, 34792,20170124,  -39,    0
  5141, 34792,20170125,  -12,    0
  5141, 34792,20170126,  -26,    0
  5141, 34792,20170127,  -61,    0
  5141, 34792,20170128,  -54,    0
  5141, 34792,20170129,  -19,    0
  5141, 34792,20170130,  -18,    0
  5141, 34792,20170131,  -78,    0
  5141, 34792,20170201,  -52,    0
  5141, 34792,20170202,  -13,    0
  5141, 34792,20170203,  -16,    0
  5141, 34792,20170204,  -15,    0
  5141, 34792,20170205,  -19,    0
  5141, 34792,20170206,  -28,    0
  5141, 34792,20170207,  -82,    0
  5141, 34792,20170208, -103,    0
  5141, 34792,20170209,  -91,    0
  5141, 34792,20170210,  -70,    0
  5141, 34792,20170211,  -62,    0
  5141, 34792,20170212,  -83,    0
  5141, 34792,20170213,  -29,    0
  5141, 34792,20170214,   -4,    0
  5141, 34792,20170215,  -24,    0
  5141, 34792,20170216,   -8,    0
  5141, 34792,20170217,   15,    0
  5141, 34792,20170218,  -10,    0
  5141, 34792,20170219,   25,    0
  5141, 34792,20170220,   60,    0
  5141, 34792,20170221,   28,    0
  5141, 34792,20170222,   -1,    0
  5141, 34792,20170223,  -21,    0
  5141, 34792,20170224,  -69,    0
  5141, 34792,20170225,  -72,    0
  5141, 34792,20170226,  -15,    0
  5141, 34792,20170227,   15,    0
  5141, 34792,20170228,    5,    0
  5141, 34792,20170301,   -4,    0
  5141, 34792,20170302,  -47,    0
  5141, 34792,20170303,  -33,    0
  5141, 34792,20170304,  -14,    0
  5141, 34792,20170305,  -39,    0
  5141, 34792,20170306,  -58,    0
  5141, 34792,20170307,  -73,    0
  5141, 34792,20170308,  -99,    0
  5141, 34792,20170309,  -29,    0
  5141, 34792,20170310,    3,    0
  5141, 34792,20170311,   -2,    0
  5141, 34792,20170312,    8,    0
  5141, 34792,20170313,    5,    0
  5141, 34792,20170314,   21,    0
  5141, 34792,20170315,   18,    0
  5141, 34792,20170316,   27,    0
  5141, 34792,20170317,    5,    0
  5141, 34792,20170318,  -23,    0
  5141, 34792,20170319,  -32,    0
  5141, 34792,20170320,   -4,    0
  5141, 34792,20170321,    1,    0
  5141, 34792,20170322,  -16,    0
  5141, 34792,20170323,  -17,    0
  5141, 34792,20170324,    5,    0
  5141, 34792,20170325,   34,    0
  5141, 34792,20170326,   70,    0
  5141, 34792,20170327,   81,    0
  5141, 34792,20170328,   55,    0
  5141, 34792,20170329,   32,    0
  5141, 34792,20170330,  -16,    1
  5141, 34792,20170331,   25,    0
  5141, 34792,20170401,   51,    0
  5141, 34792,20170402,   52,    0
  5141, 34792,20170403,   54,    0
  5141, 34792,20170404,   38,    0
  5141, 34792,20170405,   45,    0
  5141, 34792,20170406,   49,    0
  5141, 34792,20170407,   74,    0
  5141, 34792,20170408,   63,    0
  5141, 34792,20170409,   68,    0
  5141, 34792,20170410,   62,    0
  5141, 34792,20170411,   26,    0
  5141, 34792,20170412,   35,    0
  5141, 34792,20170413,   11,    0
  5141, 34792,20170414,    9,    0
  5141, 34792,20170415,   -5,    0
  5141, 34792,20170416,   -6,    0
  5141, 34792,20170417,   -5,    0
  5141, 34792,20170418,   -1,    0
  5141, 34792,20170419,    9,    0
  5141, 34792,20170420,   59,    0
  5141, 34792,20170421,   43,    0
  5141, 34792,20170422,   34,    0
  5141, 34792,20170423,   21,    0
  5141, 34792,20170424,    4,    0
  5141, 34792,20170425,    3,    0
  5141, 34792,20170426,   13,    0
  5141, 34792,20170427,   -2,    0
  5141, 34792,20170428,    0,    0
  5141, 34792,20170429,   22,    0
  5141, 34792,20170430,   25,    0
  5141, 34792,20170501,-9999,   -9
  5141, 34792,20170502,-9999,   -9
  5141, 34792,20170503,-9999,   -9
  5141, 34792,20170504,-9999,   -9
  5141, 34792,20170505,-9999,   -9
  5141, 34792,20170506,-9999,   -9
  5141, 34792,20170507,-9999,   -9
  5141, 34792,20170508,-9999,   -9
  5141, 34792,20170509,-9999,   -9
  5141, 34792,20170510,-9999,   -9
  5141, 34792,20170511,-9999,   -9
  5141, 34792,20170512,-9999,   -9
  5141, 34792,20170513,-9999,   -9
  5141, 34792,20170514,-9999,   -9
  5141, 34792,20170515,-9999,   -9
  5141, 34792,20170516,-9999,   -9
  5141, 34792,20170517,-9999,   -9
  5141, 34792,20170518,-9999,   -9
  5141, 34792,20170519,-9999,   -9
  5141, 34792,20170520,-9999,   -9
  5141, 34792,20170521,-9999,   -9
  5141, 34792,20170522,-9999,   -9
  5141, 34792,20170523,-9999,   -9
  5141, 34792,20170524,-9999,   -9
  5141, 34792,20170525,-9999,   -9
  5141, 34792,20170526,-9999,   -9
  5141, 34792,20170527,-9999,   -9
  5141, 34792,20170528,-9999,   -9
  5141, 34792,20170529,-9999,   -9
  5141, 34792,20170530,-9999,   -9
  5141, 34792,20170531,-9999,   -9
  5141, 34792,20170601,-9999,   -9
  5141, 34792,20170602,-9999,   -9
  5141, 34792,20170603,-9999,   -9
  5141, 34792,20170604,-9999,   -9
  5141, 34792,20170605,-9999,   -9
  5141, 34792,20170606,-9999,   -9
  5141, 34792,20170607,-9999,   -9
  5141, 34792,20170608,-9999,   -9
  5141, 34792,20170609,-9999,   -9
  5141, 34792,20170610,-9999,   -9
  5141, 34792,20170611,-9999,   -9
  5141, 34792,20170612,-9999,   -9
  5141, 34792,20170613,-9999,   -9
  5141, 34792,20170614,-9999,   -9
  5141, 34792,20170615,-9999,   -9
  5141, 34792,20170616,-9999,   -9
  5141, 34792,20170617,-9999,   -9
  5141, 34792,20170618,-9999,   -9
  5141, 34792,20170619,-9999,   -9
  5141, 34792,20170620,-9999,   -9
  5141, 34792,20170621,-9999,   -9
  5141, 34792,20170622,-9999,   -9
  5141, 34792,20170623,-9999,   -9
  5141, 34792,20170624,-9999,   -9
  5141, 34792,20170625,-9999,   -9
  5141, 34792,20170626,-9999,   -9
  5141, 34792,20170627,-9999,   -9
  5141, 34792,20170628,-9999,   -9
  5141, 34792,20170629,-9999,   -9
  5141, 34792,20170630,-9999,   -9
  5141, 34792,20170701,-9999,   -9
  5141, 34792,20170702,-9999,   -9
  5141, 34792,20170703,-9999,   -9
  5141, 34792,20170704,-9999,   -9
  5141, 34792,20170705,-9999,   -9
  5141, 34792,20170706,-9999,   -9
  5141, 34792,20170707,-9999,   -9
  5141, 34792,20170708,-9999,   -9
  5141, 34792,20170709,-9999,   -9
  5141, 34792,20170710,-9999,   -9
  5141, 34792,20170711,-9999,   -9
  5141, 34792,20170712,-9999,   -9
  5141, 34792,20170713,-9999,   -9
  5141, 34792,20170714,-9999,   -9
  5141, 34792,20170715,-9999,   -9
  5141, 34792,20170716,-9999,   -9
  5141, 34792,20170717,-9999,   -9
  5141, 34792,20170718,-9999,   -9
  5141, 34792,20170719,-9999,   -9
  5141, 34792,20170720,-9999,   -9
  5141, 34792,20170721,-9999,   -9
  5141, 34792,20170722,-9999,   -9
  5141, 34792,20170723,-9999,   -9
  5141, 34792,20170724,-9999,   -9
  5141, 34792,20170725,-9999,   -9
  5141, 34792,20170726,-9999,   -9
  5141, 34792,20170727,-9999,   -9
  5141, 34792,20170728,-9999,   -9
  5141, 34792,20170729,-9999,   -9
  5141, 34792,20170730,-9999,   -9
  5141, 34792,20170731,-9999,   -9
  5141, 34792,20170801,-9999,    9
  5141, 34792,20170802,-9999,    9
  5141, 34792,20170803,-9999,    9
  5141, 34792,20170804,-9999,    9
  5141, 34792,20170805,-9999,    9
  5141, 34792,20170806,-9999,    9
  5141, 34792,20170807,-9999,    9
  5141, 34792,20170808,-9999,    9
  5141, 34792,20170809,-9999,    9
  5141, 34792,20170810,-9999,    9
  5141, 34792,20170811,-9999,    9
  5141, 34792,20170812,-9999,    9
  5141, 34792,20170813,-9999,    9
  5141, 34792,20170814,-9999,    9
  5141, 34792,20170815,-9999,    9
  5141, 34792,20170816,-9999,    9
  5141, 34792,20170817,-9999,    9
  5141, 34792,20170818,-9999,    9
  5141, 34792,20170819,-9999,    9
  5141, 34792,20170820,-9999,    9
  5141, 34792,20170821,-9999,    9
  5141, 34792,20170822,-9999,    9
  5141, 34792,20170823,-9999,    9
  5141, 34792,20170824,-9999,    9
  5141, 34792,20170825,-9999,    9
  5141, 34792,20170826,-9999,    9
  5141, 34792,20170827,-9999,    9
  5141, 34792,20170828,-9999,    9
  5141, 34792,20170829,-9999,    9
  5141, 34792,20170830,-9999,    9
  5141, 34792,20170831,-9999,    9
  5141, 34792,20170901,-9999,    9
  5141, 34792,20170902,-9999,    9
  5141, 34792,20170903,-9999,    9
  5141, 34792,20170904,-9999,    9
  5141, 34792,20170905,-9999,    9
  5141, 34792,20170906,-9999,    9
  5141, 34792,20170907,-9999,    9
  5141, 34792,20170908,-9999,    9
  5141, 34792,20170909,-9999,    9
  5141, 34792,20170910,-9999,    9
  5141, 34792,20170911,-9999,    9
  5141, 34792,20170912,-9999,    9
  5141, 34792,20170913,-9999,    9
  5141, 34792,20170914,-9999,    9
  5141, 34792,20170915,-9999,    9
  5141, 34792,20170916,-9999,    9
  5141, 34792,20170917,-9999,    9
  5141, 34792,20170918,-9999,    9
  5141, 34792,20170919,-9999,    9
  5141, 34792,20170920,-9999,    9
  5141, 34792,20170921,-9999,    9
  5141, 34792,20170922,-9999,    9
  5141, 34792,20170923,-9999,    9
  5141, 34792,20170924,-9999,    9
  5141, 34792,20170925,-9999,    9
  5141, 34792,20170926,-9999,    9
  5141, 34792,20170927,-9999,    9
  5141, 34792,20170928,-9999,    9
  5141, 34792,20170929,-9999,    9
  5141, 34792,20170930,-9999,    9
  5141, 34792,20171001,-9999,    9
  5141, 34792,20171002,-9999,    9
  5141, 34792,20171003,-9999,    9
  5141, 34792,20171004,-9999,    9
  5141, 34792,20171005,-9999,    9
  5141, 34792,20171006,-9999,    9
  5141, 34792,20171007,-9999,    9
  5141, 34792,20171008,-9999,    9
  5141, 34792,20171009,-9999,    9
  5141, 34792,20171010,-9999,    9
  5141, 34792,20171011,-9999,    9
  5141, 34792,20171012,-9999,    9
  5141, 34792,20171013,-9999,    9
  5141, 34792,20171014,-9999,    9
  5141, 34792,20171015,-9999,    9
  5141, 34792,20171016,-9999,    9
  5141, 34792,20171017,-9999,    9
  5141, 34792,20171018,-9999,    9
  5141, 34792,20171019,-9999,    9
  5141, 34792,20171020,-9999,    9
  5141, 34792,20171021,-9999,    9
  5141, 34792,20171022,-9999,    9
  5141, 34792,20171023,-9999,    9
  5141, 34792,20171024,-9999,    9
  5141, 34792,20171025,-9999,    9
  5141, 34792,20171026,-9999,    9
  5141, 34792,20171027,-9999,    9
  5141, 34792,20171028,-9999,    9
  5141, 34792,20171029,-9999,    9
  5141, 34792,20171030,-9999,    9
  5141, 34792,20171031,-9999,    9
  5141, 34792,20171101,-9999,    9
  5141, 34792,20171102,-9999,    9
  5141, 34792,20171103,-9999,    9
  5141, 34792,20171104,-9999,    9
  5141, 34792,20171105,-9999,    9
  5141, 34792,20171106,-9999,    9
  5141, 34792,20171107,-9999,    9
  5141, 34792,20171108,-9999,    9
  5141, 34792,20171109,-9999,    9
  5141, 34792,20171110,-9999,    9
  5141, 34792,20171111,-9999,    9
  5141, 34792,20171112,-9999,    9
  5141, 34792,20171113,-9999,    9
  5141, 34792,20171114,-9999,    9
  5141, 34792,20171115,-9999,    9
  5141, 34792,20171116,-9999,    9
  5141, 34792,20171117,-9999,    9
  5141, 34792,20171118,-9999,    9
  5141, 34792,20171119,-9999,    9
  5141, 34792,20171120,-9999,    9
  5141, 34792,20171121,-9999,    9
  5141, 34792,20171122,-9999,    9
  5141, 34792,20171123,-9999,    9
  5141, 34792,20171124,-9999,    9
  5141, 34792,20171125,-9999,    9
  5141, 34792,20171126,-9999,    9
  5141, 34792,20171127,-9999,    9
  5141, 34792,20171128,-9999,    9
  5141, 34792,20171129,-9999,    9
  5141, 34792,20171130,-9999,    9
  5141, 34792,20171201,-9999,    9
  5141, 34792,20171202,-9999,    9
  5141, 34792,20171203,-9999,    9
  5141, 34792,20171204,-9999,    9
  5141, 34792,20171205,-9999,    9
  5141, 34792,20171206,-9999,    9
  5141, 34792,20171207,-9999,    9
  5141, 34792,20171208,-9999,    9
  5141, 34792,20171209,-9999,    9
  5141, 34792,20171210,-9999,    9
  5141, 34792,20171211,-9999,    9
  5141, 34792,20171212,-9999,    9
  5141, 34792,20171213,-9999,    9
  5141, 34792,20171214,-9999,    9
  5141, 34792,20171215,-9999,    9
  5141, 34792,20171216,-9999,    9
  5141, 34792,20171217,-9999,    9
  5141, 34792,20171218,-9999,    9
  5141, 34792,20171219,-9999,    9
  5141, 34792,20171220,-9999,    9
  5141, 34792,20171221,-9999,    9
  5141, 34792,20171222,-9999,    9
  5141, 34792,20171223,-9999,    9
  5141, 34792,20171224,-9999,    9
  5141, 34792,20171225,-9999,    9
  5141, 34792,20171226,-9999,    9
  5141, 34792,20171227,-9999,    9
  5141, 34792,20171228,-9999,    9
  5141, 34792,20171229,-9999,    9
  5141, 34792,20171230,-9999,    9
  5141, 34792,20171231,-9999,    9
  5141, 34792,20180101,-9999,    9
  5141, 34792,20180102,-9999,    9
  5141, 34792,20180103,-9999,    9
  5141, 34792,20180104,-9999,    9
  5141, 34792,20180105,-9999,    9
  5141, 34792,20180106,-9999,    9
  5141, 34792,20180107,-9999,    9
  5141, 34792,20180108,-9999,    9
  5141, 34792,20180109,-9999,    9
  5141, 34792,20180110,-9999,    9
  5141, 34792,20180111,-9999,    9
  5141, 34792,20180112,-9999,    9
  5141, 34792,20180113,-9999,    9
  5141, 34792,20180114,-9999,    9
  5141, 34792,20180115,-9999,    9
  5141, 34792,20180116,-9999,    9
  5141, 34792,20180117,-9999,    9
  5141, 34792,20180118,-9999,    9
  5141, 34792,20180119,-9999,    9
  5141, 34792,20180120,-9999,    9
  5141, 34792,20180121,-9999,    9
  5141, 34792,20180122,-9999,    9
  5141, 34792,20180123,-9999,    9
  5141, 34792,20180124,-9999,    9
  5141, 34792,20180125,-9999,    9
  5141, 34792,20180126,-9999,    9
  5141, 34792,20180127,-9999,    9
  5141, 34792,20180128,-9999,    9
  5141, 34792,20180129,-9999,    9
  5141, 34792,20180130,-9999,    9
  5141, 34792,20180131,-9999,    9
  5141, 34792,20180201,-9999,    9
  5141, 34792,20180202,-9999,    9
  5141, 34792,20180203,-9999,    9
  5141, 34792,20180204,-9999,    9
  5141, 34792,20180205,-9999,    9
  5141, 34792,20180206,-9999,    9
  5141, 34792,20180207,-9999,    9
  5141, 34792,20180208,-9999,    9
  5141, 34792,20180209,-9999,    9
  5141, 34792,20180210,-9999,    9
  5141, 34792,20180211,-9999,    9
  5141, 34792,20180212,-9999,    9
  5141, 34792,20180213,-9999,    9
  5141, 34792,20180214,-9999,    9
  5141, 34792,20180215,-9999,    9
  5141, 34792,20180216,-9999,    9
  5141, 34792,20180217,-9999,    9
  5141, 34792,20180218,-9999,    9
  5141, 34792,20180219,-9999,    9
  5141, 34792,20180220,-9999,    9
  5141, 34792,20180221,-9999,    9
  5141, 34792,20180222,-9999,    9
  5141, 34792,20180223,-9999,    9
  5141, 34792,20180224,-9999,    9
  5141, 34792,20180225,-9999,    9
  5141, 34792,20180226,-9999,    9
  5141, 34792,20180227,-9999,    9
  5141, 34792,20180228,-9999,    9
  5141, 34792,20180301,-9999,    9
  5141, 34792,20180302,-9999,    9
  5141, 34792,20180303,-9999,    9
  5141, 34792,20180304,-9999,    9
  5141, 34792,20180305,-9999,    9
  5141, 34792,20180306,-9999,    9
  5141, 34792,20180307,-9999,    9
  5141, 34792,20180308,-9999,    9
  5141, 34792,20180309,-9999,    9
  5141, 34792,20180310,-9999,    9
  5141, 34792,20180311,-9999,    9
  5141, 34792,20180312,-9999,    9
  5141, 34792,20180313,-9999,    9
  5141, 34792,20180314,-9999,    9
  5141, 34792,20180315,-9999,    9
  5141, 34792,20180316,-9999,    9
  5141, 34792,20180317,-9999,    9
  5141, 34792,20180318,-9999,    9
  5141, 34792,20180319,-9999,    9
  5141, 34792,20180320,-9999,    9
  5141, 34792,20180321,-9999,    9
  5141, 34792,20180322,-9999,    9
  5141, 34792,20180323,-9999,    9
  5141, 34792,20180324,-9999,    9
  5141, 34792,20180325,-9999,    9
  5141, 34792,20180326,-9999,    9
  5141, 34792,20180327,-9999,    9
  5141, 34792,20180328,-9999,    9
  5141, 34792,20180329,-9999,    9
  5141, 34792,20180330,-9999,    9
  5141, 34792,20180331,-9999,    9
  5141, 34792,20180401,-9999,    9
  5141, 34792,20180402,-9999,    9
  5141, 34792,20180403,-9999,    9
  5141, 34792,20180404,-9999,    9
  5141, 34792,20180405,-9999,    9
  5141, 34792,20180406,-9999,    9
  5141, 34792,20180407,-9999,    9
  5141, 34792,20180408,-9999,    9
  5141, 34792,20180409,-9999,    9
  5141, 34792,20180410,-9999,    9
  5141, 34792,20180411,-9999,    9
  5141, 34792,20180412,-9999,    9
  5141, 34792,20180413,-9999,    9
  5141, 34792,20180414,-9999,    9
  5141, 34792,20180415,-9999,    9
  5141, 34792,20180416,-9999,    9
  5141, 34792,20180417,-9999,    9
  5141, 34792,20180418,-9999,    9
  5141, 34792,20180419,-9999,    9
  5141, 34792,20180420,-9999,    9
  5141, 34792,20180421,-9999,    9
  5141, 34792,20180422,-9999,    9
  5141, 34792,20180423,-9999,    9
  5141, 34792,20180424,-9999,    9
  5141, 34792,20180425,-9999,    9
  5141, 34792,20180426,-9999,    9
  5141, 34792,20180427,-9999,    9
  5141, 34792,20180428,-9999,    9
  5141, 34792,20180429,-9999,    9
  5141, 34792,20180430,-9999,    9
  5141, 34792,20180501,-9999,    9
  5141, 34792,20180502,-9999,    9
  5141, 34792,20180503,-9999,    9
  5141, 34792,20180504,-9999,    9
  5141, 34792,20180505,-9999,    9
  5141, 34792,20180506,-9999,    9
  5141, 34792,20180507,-9999,    9
  5141, 34792,20180508,-9999,    9
  5141, 34792,20180509,-9999,    9
  5141, 34792,20180510,-9999,    9
  5141, 34792,20180511,-9999,    9
  5141, 34792,20180512,-9999,    9
  5141, 34792,20180513,-9999,    9
  5141, 34792,20180514,-9999,    9
  5141, 34792,20180515,-9999,    9
  5141, 34792,20180516,-9999,    9
  5141, 34792,20180517,-9999,    9
  5141, 34792,20180518,-9999,    9
  5141, 34792,20180519,-9999,    9
  5141, 34792,20180520,-9999,    9
  5141, 34792,20180521,-9999,    9
  5141, 34792,20180522,-9999,    9
  5141, 34792,20180523,-9999,    9
  5141, 34792,20180524,-9999,    9
  5141, 34792,20180525,-9999,    9
  5141, 34792,20180526,-9999,    9
  5141, 34792,20180527,-9999,    9
  5141, 34792,20180528,-9999,    9
  5141, 34792,20180529,-9999,    9
  5141, 34792,20180530,-9999,    9
  5141, 34792,20180531,-9999,    9
  5141, 34792,20180601,-9999,    9
  5141, 34792,20180602,-9999,    9
  5141, 34792,20180603,-9999,    9
  5141, 34792,20180604,-9999,    9
  5141, 34792,20180605,-9999,    9
  5141, 34792,20180606,-9999,    9
  5141, 34792,20180607,-9999,    9
  5141, 34792,20180608,-9999,    9
  5141, 34792,20180609,-9999,    9
  5141, 34792,20180610,-9999,    9
  5141, 34792,20180611,-9999,    9
  5141, 34792,20180612,-9999,    9
  5141, 34792,20180613,-9999,    9
  5141, 34792,20180614,-9999,    9
  5141, 34792,20180615,-9999,    9
  5141, 34792,20180616,-9999,    9
  5141, 34792,20180617,-9999,    9
  5141, 34792,20180618,-9999,    9
  5141, 34792,20180619,-9999,    9
  5141, 34792,20180620,-9999,    9
  5141, 34792,20180621,-9999,    9
  5141, 34792,20180622,-9999,    9
  5141, 34792,20180623,-9999,    9
  5141, 34792,20180624,-9999,    9
  5141, 34792,20180625,-9999,    9
  5141, 34792,20180626,-9999,    9
  5141, 34792,20180627,-9999,    9
  5141, 34792,20180628,-9999,    9
  5141, 34792,20180629,-9999,    9
  5141, 34792,20180630,-9999,    9
  5141, 34792,20180701,-9999,    9
  5141, 34792,20180702,-9999,    9
  5141, 34792,20180703,-9999,    9
  5141, 34792,20180704,-9999,    9
  5141, 34792,20180705,-9999,    9
  5141, 34792,20180706,-9999,    9
  5141, 34792,20180707,-9999,    9
  5141, 34792,20180708,-9999,    9
  5141, 34792,20180709,-9999,    9
  5141, 34792,20180710,-9999,    9
  5141, 34792,20180711,-9999,    9
  5141, 34792,20180712,-9999,    9
  5141, 34792,20180713,-9999,    9
  5141, 34792,20180714,-9999,    9
  5141, 34792,20180715,-9999,    9
  5141, 34792,20180716,-9999,    9
  5141, 34792,20180717,-9999,    9
  5141, 34792,20180718,-9999,    9
  5141, 34792,20180719,-9999,    9
  5141, 34792,20180720,-9999,    9
  5141, 34792,20180721,-9999,    9
  5141, 34792,20180722,-9999,    9
  5141, 34792,20180723,-9999,    9
  5141, 34792,20180724,-9999,    9
  5141, 34792,20180725,-9999,    9
  5141, 34792,20180726,-9999,    9
  5141, 34792,20180727,-9999,    9
  5141, 34792,20180728,-9999,    9
  5141, 34792,20180729,-9999,    9
  5141, 34792,20180730,-9999,    9
  5141, 34792,20180731,-9999,    9
  5141, 34792,20180801,-9999,    9
  5141, 34792,20180802,-9999,    9
  5141, 34792,20180803,-9999,    9
  5141, 34792,20180804,-9999,    9
  5141, 34792,20180805,-9999,    9
  5141, 34792,20180806,-9999,    9
  5141, 34792,20180807,-9999,    9
  5141, 34792,20180808,-9999,    9
  5141, 34792,20180809,-9999,    9
  5141, 34792,20180810,-9999,    9
  5141, 34792,20180811,-9999,    9
  5141, 34792,20180812,-9999,    9
  5141, 34792,20180813,-9999,    9
  5141, 34792,20180814,-9999,    9
  5141, 34792,20180815,-9999,    9
  5141, 34792,20180816,-9999,    9
  5141, 34792,20180817,-9999,    9
  5141, 34792,20180818,-9999,    9
  5141, 34792,20180819,-9999,    9
  5141, 34792,20180820,-9999,    9
  5141, 34792,20180821,-9999,    9
  5141, 34792,20180822,-9999,    9
  5141, 34792,20180823,-9999,    9
  5141, 34792,20180824,-9999,    9
  5141, 34792,20180825,-9999,    9
  5141, 34792,20180826,-9999,    9
  5141, 34792,20180827,-9999,    9
  5141, 34792,20180828,-9999,    9
  5141, 34792,20180829,-9999,    9
  5141, 34792,20180830,-9999,    9
  5141, 34792,20180831,-9999,    9
  5141, 34792,20180901,-9999,    9
  5141, 34792,20180902,-9999,    9
  5141, 34792,20180903,-9999,    9
  5141, 34792,20180904,-9999,    9
  5141, 34792,20180905,-9999,    9
  5141, 34792,20180906,-9999,    9
  5141, 34792,20180907,-9999,    9
  5141, 34792,20180908,-9999,    9
  5141, 34792,20180909,-9999,    9
  5141, 34792,20180910,-9999,    9
  5141, 34792,20180911,-9999,    9
  5141, 34792,20180912,-9999,    9
  5141, 34792,20180913,-9999,    9
  5141, 34792,20180914,-9999,    9
  5141, 34792,20180915,-9999,    9
  5141, 34792,20180916,-9999,    9
  5141, 34792,20180917,-9999,    9
  5141, 34792,20180918,-9999,    9
  5141, 34792,20180919,-9999,    9
  5141, 34792,20180920,-9999,    9
  5141, 34792,20180921,-9999,    9
  5141, 34792,20180922,-9999,    9
  5141, 34792,20180923,-9999,    9
  5141, 34792,20180924,-9999,    9
  5141, 34792,20180925,-9999,    9
  5141, 34792,20180926,-9999,    9
  5141, 34792,20180927,-9999,    9
  5141, 34792,20180928,-9999,    9
  5141, 34792,20180929,-9999,    9
  5141, 34792,20180930,-9999,    9
  5141, 34792,20181001,-9999,    9
  5141, 34792,20181002,-9999,    9
  5141, 34792,20181003,-9999,    9
  5141, 34792,20181004,-9999,    9
  5141, 34792,20181005,-9999,    9
  5141, 34792,20181006,-9999,    9
  5141, 34792,20181007,-9999,    9
  5141, 34792,20181008,-9999,    9
  5141, 34792,20181009,-9999,    9
  5141, 34792,20181010,-9999,    9
  5141, 34792,20181011,-9999,    9
  5141, 34792,20181012,-9999,    9
  5141, 34792,20181013,-9999,    9
  5141, 34792,20181014,-9999,    9
  5141, 34792,20181015,-9999,    9
  5141, 34792,20181016,-9999,    9
  5141, 34792,20181017,-9999,    9
  5141, 34792,20181018,-9999,    9
  5141, 34792,20181019,-9999,    9
  5141, 34792,20181020,-9999,    9
  5141, 34792,20181021,-9999,    9
  5141, 34792,20181022,-9999,    9
  5141, 34792,20181023,-9999,    9
  5141, 34792,20181024,-9999,    9
  5141, 34792,20181025,-9999,    9
  5141, 34792,20181026,-9999,    9
  5141, 34792,20181027,-9999,    9
  5141, 34792,20181028,-9999,    9
  5141, 34792,20181029,-9999,    9
  5141, 34792,20181030,-9999,    9
  5141, 34792,20181031,-9999,    9
  5141, 34792,20181101,-9999,    9
  5141, 34792,20181102,-9999,    9
  5141, 34792,20181103,-9999,    9
  5141, 34792,20181104,-9999,    9
  5141, 34792,20181105,-9999,    9
  5141, 34792,20181106,-9999,    9
  5141, 34792,20181107,-9999,    9
  5141, 34792,20181108,-9999,    9
  5141, 34792,20181109,-9999,    9
  5141, 34792,20181110,-9999,    9
  5141, 34792,20181111,-9999,    9
  5141, 34792,20181112,-9999,    9
  5141, 34792,20181113,-9999,    9
  5141, 34792,20181114,-9999,    9
  5141, 34792,20181115,-9999,    9
  5141, 34792,20181116,-9999,    9
  5141, 34792,20181117,-9999,    9
  5141, 34792,20181118,-9999,    9
  5141, 34792,20181119,-9999,    9
  5141, 34792,20181120,-9999,    9
  5141, 34792,20181121,-9999,    9
  5141, 34792,20181122,-9999,    9
  5141, 34792,20181123,-9999,    9
  5141, 34792,20181124,-9999,    9
  5141, 34792,20181125,-9999,    9
  5141, 34792,20181126,-9999,    9
  5141, 34792,20181127,-9999,    9
  5141, 34792,20181128,-9999,    9
  5141, 34792,20181129,-9999,    9
  5141, 34792,20181130,-9999,    9
  5141, 34792,20181201,-9999,    9
  5141, 34792,20181202,-9999,    9
  5141, 34792,20181203,-9999,    9
  5141, 34792,20181204,-9999,    9
  5141, 34792,20181205,-9999,    9
  5141, 34792,20181206,-9999,    9
  5141, 34792,20181207,-9999,    9
  5141, 34792,20181208,-9999,    9
  5141, 34792,20181209,-9999,    9
  5141, 34792,20181210,-9999,    9
  5141, 34792,20181211,-9999,    9
  5141, 34792,20181212,-9999,    9
  5141, 34792,20181213,-9999,    9
  5141, 34792,20181214,-9999,    9
  5141, 34792,20181215,-9999,    9
  5141, 34792,20181216,-9999,    9
  5141, 34792,20181217,-9999,    9
  5141, 34792,20181218,-9999,    9
  5141, 34792,20181219,-9999,    9
  5141, 34792,20181220,-9999,    9
  5141, 34792,20181221,-9999,    9
  5141, 34792,20181222,-9999,    9
  5141, 34792,20181223,-9999,    9
  5141, 34792,20181224,-9999,    9
  5141, 34792,20181225,-9999,    9
  5141, 34792,20181226,-9999,    9
  5141, 34792,20181227,-9999,    9
  5141, 34792,20181228,-9999,    9
  5141, 34792,20181229,-9999,    9
  5141, 34792,20181230,-9999,    9
  5141, 34792,20181231,-9999,    9
  5141, 34792,20190101,-9999,    9
  5141, 34792,20190102,-9999,    9
  5141, 34792,20190103,-9999,    9
  5141, 34792,20190104,-9999,    9
  5141, 34792,20190105,-9999,    9
  5141, 34792,20190106,-9999,    9
  5141, 34792,20190107,-9999,    9
  5141, 34792,20190108,-9999,    9
  5141, 34792,20190109,-9999,    9
  5141, 34792,20190110,-9999,    9
  5141, 34792,20190111,-9999,    9
  5141, 34792,20190112,-9999,    9
  5141, 34792,20190113,-9999,    9
  5141, 34792,20190114,-9999,    9
  5141, 34792,20190115,-9999,    9
  5141, 34792,20190116,-9999,    9
  5141, 34792,20190117,-9999,    9
  5141, 34792,20190118,-9999,    9
  5141, 34792,20190119,-9999,    9
  5141, 34792,20190120,-9999,    9
  5141, 34792,20190121,-9999,    9
  5141, 34792,20190122,-9999,    9
  5141, 34792,20190123,-9999,    9
  5141, 34792,20190124,-9999,    9
  5141, 34792,20190125,-9999,    9
  5141, 34792,20190126,-9999,    9
  5141, 34792,20190127,-9999,    9
  5141, 34792,20190128,-9999,    9
  5141, 34792,20190129,-9999,    9
  5141, 34792,20190130,-9999,    9
  5141, 34792,20190131,-9999,    9
  5141, 34792,20190201,-9999,    9
  5141, 34792,20190202,-9999,    9
  5141, 34792,20190203,-9999,    9
  5141, 34792,20190204,-9999,    9
  5141, 34792,20190205,-9999,    9
  5141, 34792,20190206,-9999,    9
  5141, 34792,20190207,-9999,    9
  5141, 34792,20190208,-9999,    9
  5141, 34792,20190209,-9999,    9
  5141, 34792,20190210,-9999,    9
  5141, 34792,20190211,-9999,    9
  5141, 34792,20190212,-9999,    9
  5141, 34792,20190213,-9999,    9
  5141, 34792,20190214,-9999,    9
  5141, 34792,20190215,-9999,    9
  5141, 34792,20190216,-9999,    9
  5141, 34792,20190217,-9999,    9
  5141, 34792,20190218,-9999,    9
  5141, 34792,20190219,-9999,    9
  5141, 34792,20190220,-9999,    9
  5141, 34792,20190221,-9999,    9
  5141, 34792,20190222,-9999,    9
  5141, 34792,20190223,-9999,    9
  5141, 34792,20190224,-9999,    9
  5141, 34792,20190225,-9999,    9
  5141, 34792,20190226,-9999,    9
  5141, 34792,20190227,-9999,    9
  5141, 34792,20190228,-9999,    9
  5141, 34792,20190301,-9999,    9
  5141, 34792,20190302,-9999,    9
  5141, 34792,20190303,-9999,    9
  5141, 34792,20190304,-9999,    9
  5141, 34792,20190305,-9999,    9
  5141, 34792,20190306,-9999,    9
  5141, 34792,20190307,-9999,    9
  5141, 34792,20190308,-9999,    9
  5141, 34792,20190309,-9999,    9
  5141, 34792,20190310,-9999,    9
  5141, 34792,20190311,-9999,    9
  5141, 34792,20190312,-9999,    9
  5141, 34792,20190313,-9999,    9
  5141, 34792,20190314,-9999,    9
  5141, 34792,20190315,-9999,    9
  5141, 34792,20190316,-9999,    9
  5141, 34792,20190317,-9999,    9
  5141, 34792,20190318,-9999,    9
  5141, 34792,20190319,-9999,    9
  5141, 34792,20190320,-9999,    9
  5141, 34792,20190321,-9999,    9
  5141, 34792,20190322,-9999,    9
  5141, 34792,20190323,-9999,    9
  5141, 34792,20190324,-9999,    9
  5141, 34792,20190325,-9999,    9
  5141, 34792,20190326,-9999,    9
  5141, 34792,20190327,-9999,    9
  5141, 34792,20190328,-9999,    9
  5141, 34792,20190329,-9999,    9
  5141, 34792,20190330,-9999,    9
  5141, 34792,20190331,-9999,    9
  5141, 34792,20190401,-9999,    9
  5141, 34792,20190402,-9999,    9
  5141, 34792,20190403,-9999,    9
  5141, 34792,20190404,-9999,    9
  5141, 34792,20190405,-9999,    9
  5141, 34792,20190406,-9999,    9
  5141, 34792,20190407,-9999,    9
  5141, 34792,20190408,-9999,    9
  5141, 34792,20190409,-9999,    9
  5141, 34792,20190410,-9999,    9
  5141, 34792,20190411,-9999,    9
  5141, 34792,20190412,-9999,    9
  5141, 34792,20190413,-9999,    9
  5141, 34792,20190414,-9999,    9
  5141, 34792,20190415,-9999,    9
  5141, 34792,20190416,-9999,    9
  5141, 34792,20190417,-9999,    9
  5141, 34792,20190418,-9999,    9
  5141, 34792,20190419,-9999,    9
  5141, 34792,20190420,-9999,    9
  5141, 34792,20190421,-9999,    9
  5141, 34792,20190422,-9999,    9
  5141, 34792,20190423,-9999,    9
  5141, 34792,20190424,-9999,    9
  5141, 34792,20190425,-9999,    9
  5141, 34792,20190426,-9999,    9
  5141, 34792,20190427,-9999,    9
  5141, 34792,20190428,-9999,    9
  5141, 34792,20190429,-9999,    9
  5141, 34792,20190430,-9999,    9
