EUROPEAN CLIMATE ASSESSMENT & DATASET (ECA&D), file created on: 13-05-2019
THESE DATA CAN BE USED FOR NON-COMMERCIAL RESEARCH AND EDUCATION PROVIDED THAT THE FOLLOWING SOURCE IS ACKNOWLEDGED: 

Klein Tank, A.M.G. and Coauthors, 2002. Daily dataset of 20th-century surface
air temperature and precipitation series for the European Climate Assessment.
Int. J. of Climatol., 22, 1441-1453.
Data and metadata available at http://www.ecad.eu

FILE FORMAT (MISSING VALUE CODE = -9999):

01-06 STAID: Station identifier
08-13 SOUID: Source identifier
15-22 DATE : Date YYYYMMDD
24-28 TG   : Mean temperature in 0.1 &#176;C
30-34 Q_TG : quality code for TG (0='valid'; 1='suspect'; 9='missing')

This is the blended series of station MOGEN, NORWAY (STAID: 2644)
Blended and updated with sources:10341 
See files sources.txt and stations.txt for more info.

STAID, SOUID,    DATE,   TG, Q_TG
  2644, 10341,20160201,-9999,    9
  2644, 10341,20160202,-9999,    9
  2644, 10341,20160203,-9999,    9
  2644, 10341,20160204,-9999,    9
  2644, 10341,20160205,-9999,    9
  2644, 10341,20160206,-9999,    9
  2644, 10341,20160207,-9999,    9
  2644, 10341,20160208,-9999,    9
  2644, 10341,20160209,-9999,    9
  2644, 10341,20160210,-9999,    9
  2644, 10341,20160211,-9999,    9
  2644, 10341,20160212,-9999,    9
  2644, 10341,20160213,-9999,    9
  2644, 10341,20160214,-9999,    9
  2644, 10341,20160215,-9999,    9
  2644, 10341,20160216,-9999,    9
  2644, 10341,20160217,-9999,    9
  2644, 10341,20160218,-9999,    9
  2644, 10341,20160219,-9999,    9
  2644, 10341,20160220,-9999,    9
  2644, 10341,20160221,-9999,    9
  2644, 10341,20160222,-9999,    9
  2644, 10341,20160223,-9999,    9
  2644, 10341,20160224,-9999,    9
  2644, 10341,20160225,-9999,    9
  2644, 10341,20160226,-9999,    9
  2644, 10341,20160227,-9999,    9
  2644, 10341,20160228,-9999,    9
  2644, 10341,20160229,-9999,    9
  2644, 10341,20160301,-9999,    9
  2644, 10341,20160302,-9999,    9
  2644, 10341,20160303,-9999,    9
  2644, 10341,20160304,-9999,    9
  2644, 10341,20160305,-9999,    9
  2644, 10341,20160306,-9999,    9
  2644, 10341,20160307,-9999,    9
  2644, 10341,20160308,-9999,    9
  2644, 10341,20160309,-9999,    9
  2644, 10341,20160310,-9999,    9
  2644, 10341,20160311,-9999,    9
  2644, 10341,20160312,-9999,    9
  2644, 10341,20160313,-9999,    9
  2644, 10341,20160314,-9999,    9
  2644, 10341,20160315,-9999,    9
  2644, 10341,20160316,-9999,    9
  2644, 10341,20160317,-9999,    9
  2644, 10341,20160318,-9999,    9
  2644, 10341,20160319,-9999,    9
  2644, 10341,20160320,-9999,    9
  2644, 10341,20160321,-9999,    9
  2644, 10341,20160322,-9999,    9
  2644, 10341,20160323,-9999,    9
  2644, 10341,20160324,-9999,    9
  2644, 10341,20160325,-9999,    9
  2644, 10341,20160326,-9999,    9
  2644, 10341,20160327,-9999,    9
  2644, 10341,20160328,-9999,    9
  2644, 10341,20160329,-9999,    9
  2644, 10341,20160330,  -56,    0
  2644, 10341,20160331,  -67,    0
  2644, 10341,20160401,-9999,    9
  2644, 10341,20160402,    4,    0
  2644, 10341,20160403,    7,    0
  2644, 10341,20160404,   15,    0
  2644, 10341,20160405,-9999,    9
  2644, 10341,20160406,-9999,    9
  2644, 10341,20160407,    9,    0
  2644, 10341,20160408,   -4,    0
  2644, 10341,20160409,  -31,    0
  2644, 10341,20160410,-9999,    9
  2644, 10341,20160411,    6,    0
  2644, 10341,20160412,  -30,    0
  2644, 10341,20160413,  -16,    0
  2644, 10341,20160414,-9999,    9
  2644, 10341,20160415,-9999,    9
  2644, 10341,20160416,-9999,    9
  2644, 10341,20160417,-9999,    9
  2644, 10341,20160418,-9999,    9
  2644, 10341,20160419,-9999,    9
  2644, 10341,20160420,-9999,    9
  2644, 10341,20160421,-9999,    9
  2644, 10341,20160422,-9999,    9
  2644, 10341,20160423,-9999,    9
  2644, 10341,20160424,-9999,    9
  2644, 10341,20160425,-9999,    9
  2644, 10341,20160426,-9999,    9
  2644, 10341,20160427,-9999,    9
  2644, 10341,20160428,-9999,    9
  2644, 10341,20160429,-9999,    9
  2644, 10341,20160430,-9999,    9
  2644, 10341,20160501,-9999,    9
  2644, 10341,20160502,-9999,    9
  2644, 10341,20160503,-9999,    9
  2644, 10341,20160504,-9999,    9
  2644, 10341,20160505,-9999,    9
  2644, 10341,20160506,-9999,    9
  2644, 10341,20160507,-9999,    9
  2644, 10341,20160508,-9999,    9
  2644, 10341,20160509,-9999,    9
  2644, 10341,20160510,-9999,    9
  2644, 10341,20160511,-9999,    9
  2644, 10341,20160512,-9999,    9
  2644, 10341,20160513,-9999,    9
  2644, 10341,20160514,-9999,    9
  2644, 10341,20160515,-9999,    9
  2644, 10341,20160516,-9999,    9
  2644, 10341,20160517,-9999,    9
  2644, 10341,20160518,-9999,    9
  2644, 10341,20160519,-9999,    9
  2644, 10341,20160520,-9999,    9
  2644, 10341,20160521,-9999,    9
  2644, 10341,20160522,-9999,    9
  2644, 10341,20160523,-9999,    9
  2644, 10341,20160524,-9999,    9
  2644, 10341,20160525,-9999,    9
  2644, 10341,20160526,-9999,    9
  2644, 10341,20160527,-9999,    9
  2644, 10341,20160528,-9999,    9
  2644, 10341,20160529,-9999,    9
  2644, 10341,20160530,-9999,    9
  2644, 10341,20160531,-9999,    9
  2644, 10341,20160601,  136,    0
  2644, 10341,20160602,  119,    0
  2644, 10341,20160603,  138,    0
  2644, 10341,20160604,  133,    0
  2644, 10341,20160605,  136,    0
  2644, 10341,20160606,  128,    0
  2644, 10341,20160607,  129,    0
  2644, 10341,20160608,  110,    0
  2644, 10341,20160609,   75,    0
  2644, 10341,20160610,   64,    0
  2644, 10341,20160611,   68,    0
  2644, 10341,20160612,   74,    0
  2644, 10341,20160613,   92,    0
  2644, 10341,20160614,   93,    0
  2644, 10341,20160615,   76,    0
  2644, 10341,20160616,  104,    0
  2644, 10341,20160617,   97,    0
  2644, 10341,20160618,  116,    0
  2644, 10341,20160619,   90,    0
  2644, 10341,20160620,   54,    0
  2644, 10341,20160621,   94,    0
  2644, 10341,20160622,   90,    0
  2644, 10341,20160623,  119,    0
  2644, 10341,20160624,   99,    0
  2644, 10341,20160625,  127,    0
  2644, 10341,20160626,  115,    0
  2644, 10341,20160627,   92,    0
  2644, 10341,20160628,   83,    0
  2644, 10341,20160629,   68,    0
  2644, 10341,20160630,   84,    0
  2644, 10341,20160701,   66,    0
  2644, 10341,20160702,   65,    0
  2644, 10341,20160703,   68,    0
  2644, 10341,20160704,   80,    0
  2644, 10341,20160705,   84,    0
  2644, 10341,20160706,   87,    0
  2644, 10341,20160707,   85,    0
  2644, 10341,20160708,   97,    0
  2644, 10341,20160709,  108,    0
  2644, 10341,20160710,   78,    0
  2644, 10341,20160711,  114,    0
  2644, 10341,20160712,  118,    0
  2644, 10341,20160713,  108,    0
  2644, 10341,20160714,  120,    0
  2644, 10341,20160715,  124,    0
  2644, 10341,20160716,   86,    0
  2644, 10341,20160717,   78,    0
  2644, 10341,20160718,  103,    0
  2644, 10341,20160719,   92,    0
  2644, 10341,20160720,  145,    0
  2644, 10341,20160721,  143,    0
  2644, 10341,20160722,  150,    0
  2644, 10341,20160723,  138,    0
  2644, 10341,20160724,  139,    0
  2644, 10341,20160725,  130,    0
  2644, 10341,20160726,  113,    0
  2644, 10341,20160727,   90,    0
  2644, 10341,20160728,  104,    0
  2644, 10341,20160729,   88,    0
  2644, 10341,20160730,   97,    0
  2644, 10341,20160731,   83,    0
  2644, 10341,20160801,   85,    0
  2644, 10341,20160802,   97,    0
  2644, 10341,20160803,   82,    0
  2644, 10341,20160804,  104,    0
  2644, 10341,20160805,  115,    0
  2644, 10341,20160806,   91,    0
  2644, 10341,20160807,   85,    0
  2644, 10341,20160808,   86,    0
  2644, 10341,20160809,   63,    0
  2644, 10341,20160810,   57,    0
  2644, 10341,20160811,   56,    0
  2644, 10341,20160812,   52,    0
  2644, 10341,20160813,   99,    0
  2644, 10341,20160814,   89,    0
  2644, 10341,20160815,  109,    0
  2644, 10341,20160816,  134,    0
  2644, 10341,20160817,  136,    0
  2644, 10341,20160818,  110,    0
  2644, 10341,20160819,   92,    0
  2644, 10341,20160820,   79,    0
  2644, 10341,20160821,   95,    0
  2644, 10341,20160822,  101,    0
  2644, 10341,20160823,  128,    0
  2644, 10341,20160824,  125,    0
  2644, 10341,20160825,  125,    0
  2644, 10341,20160826,  112,    0
  2644, 10341,20160827,   92,    0
  2644, 10341,20160828,   64,    0
  2644, 10341,20160829,   80,    0
  2644, 10341,20160830,   91,    0
  2644, 10341,20160831,  103,    0
  2644, 10341,20160901,   91,    0
  2644, 10341,20160902,   86,    0
  2644, 10341,20160903,   74,    0
  2644, 10341,20160904,   77,    0
  2644, 10341,20160905,   66,    0
  2644, 10341,20160906,  114,    0
  2644, 10341,20160907,  119,    0
  2644, 10341,20160908,  108,    0
  2644, 10341,20160909,  131,    0
  2644, 10341,20160910,  115,    0
  2644, 10341,20160911,   95,    0
  2644, 10341,20160912,   62,    0
  2644, 10341,20160913,  121,    0
  2644, 10341,20160914,  118,    0
  2644, 10341,20160915,  128,    0
  2644, 10341,20160916,  114,    0
  2644, 10341,20160917,  112,    0
  2644, 10341,20160918,  103,    0
  2644, 10341,20160919,  105,    0
  2644, 10341,20160920,   90,    0
  2644, 10341,20160921,   93,    0
  2644, 10341,20160922,   94,    0
  2644, 10341,20160923,   74,    0
  2644, 10341,20160924,   60,    0
  2644, 10341,20160925,  112,    0
  2644, 10341,20160926,   87,    0
  2644, 10341,20160927,   52,    0
  2644, 10341,20160928,   70,    0
  2644, 10341,20160929,   58,    0
  2644, 10341,20160930,   29,    0
  2644, 10341,20161001,   34,    0
  2644, 10341,20161002,   18,    0
  2644, 10341,20161003,   19,    0
  2644, 10341,20161004,   15,    0
  2644, 10341,20161005,    8,    0
  2644, 10341,20161006,   24,    0
  2644, 10341,20161007,   33,    0
  2644, 10341,20161008,   25,    0
  2644, 10341,20161009,  -13,    0
  2644, 10341,20161010,    9,    0
  2644, 10341,20161011,   -5,    0
  2644, 10341,20161012,    1,    0
  2644, 10341,20161013,  -16,    0
  2644, 10341,20161014,   -3,    0
  2644, 10341,20161015,  -20,    0
  2644, 10341,20161016,   -4,    0
  2644, 10341,20161017,   17,    0
  2644, 10341,20161018,   26,    0
  2644, 10341,20161019,   25,    0
  2644, 10341,20161020,   19,    0
  2644, 10341,20161021,   -5,    0
  2644, 10341,20161022,  -25,    0
  2644, 10341,20161023,  -24,    0
  2644, 10341,20161024,   -3,    0
  2644, 10341,20161025,    6,    0
  2644, 10341,20161026,    8,    0
  2644, 10341,20161027,   43,    0
  2644, 10341,20161028,   10,    0
  2644, 10341,20161029,   -6,    0
  2644, 10341,20161030,    8,    0
  2644, 10341,20161031,   32,    0
  2644, 10341,20161101,    9,    0
  2644, 10341,20161102,  -36,    0
  2644, 10341,20161103,  -75,    0
  2644, 10341,20161104,  -52,    0
  2644, 10341,20161105,  -53,    0
  2644, 10341,20161106,  -93,    0
  2644, 10341,20161107, -155,    0
  2644, 10341,20161108, -145,    0
  2644, 10341,20161109, -122,    0
  2644, 10341,20161110, -111,    0
  2644, 10341,20161111, -120,    0
  2644, 10341,20161112,  -77,    0
  2644, 10341,20161113,   -9,    0
  2644, 10341,20161114,   14,    0
  2644, 10341,20161115,   31,    0
  2644, 10341,20161116,    3,    0
  2644, 10341,20161117,  -25,    0
  2644, 10341,20161118,  -25,    0
  2644, 10341,20161119,  -34,    0
  2644, 10341,20161120,  -39,    0
  2644, 10341,20161121,  -52,    0
  2644, 10341,20161122,    1,    0
  2644, 10341,20161123,    1,    0
  2644, 10341,20161124,  -15,    0
  2644, 10341,20161125,   31,    0
  2644, 10341,20161126,    7,    0
  2644, 10341,20161127,  -59,    0
  2644, 10341,20161128, -101,    0
  2644, 10341,20161129,  -38,    0
  2644, 10341,20161130,  -31,    0
  2644, 10341,20161201,  -17,    0
  2644, 10341,20161202,  -62,    0
  2644, 10341,20161203,  -17,    0
  2644, 10341,20161204,   15,    0
  2644, 10341,20161205,    4,    0
  2644, 10341,20161206,  -93,    0
  2644, 10341,20161207,  -21,    0
  2644, 10341,20161208,   49,    0
  2644, 10341,20161209,   20,    0
  2644, 10341,20161210,    5,    0
  2644, 10341,20161211,   -9,    0
  2644, 10341,20161212,  -48,    0
  2644, 10341,20161213,  -23,    0
  2644, 10341,20161214, -127,    0
  2644, 10341,20161215,  -74,    0
  2644, 10341,20161216,  -29,    0
  2644, 10341,20161217,   -7,    0
  2644, 10341,20161218,  -21,    0
  2644, 10341,20161219,   28,    0
  2644, 10341,20161220,    2,    0
  2644, 10341,20161221,  -18,    0
  2644, 10341,20161222,  -19,    0
  2644, 10341,20161223,  -25,    0
  2644, 10341,20161224,  -29,    0
  2644, 10341,20161225,    6,    0
  2644, 10341,20161226,  -30,    0
  2644, 10341,20161227,  -35,    0
  2644, 10341,20161228,  -12,    0
  2644, 10341,20161229,   13,    0
  2644, 10341,20161230,   35,    0
  2644, 10341,20161231,   30,    0
  2644, 10341,20170101,  -46,    0
  2644, 10341,20170102,  -83,    0
  2644, 10341,20170103,  -39,    0
  2644, 10341,20170104,  -84,    0
  2644, 10341,20170105, -187,    0
  2644, 10341,20170106,  -81,    0
  2644, 10341,20170107,  -43,    0
  2644, 10341,20170108,  -21,    0
  2644, 10341,20170109,   16,    0
  2644, 10341,20170110,  -16,    0
  2644, 10341,20170111,  -17,    0
  2644, 10341,20170112,  -39,    0
  2644, 10341,20170113,  -90,    0
  2644, 10341,20170114,  -87,    0
  2644, 10341,20170115, -185,    0
  2644, 10341,20170116, -208,    0
  2644, 10341,20170117,   -7,    0
  2644, 10341,20170118,   41,    0
  2644, 10341,20170119,   34,    0
  2644, 10341,20170120,   21,    0
  2644, 10341,20170121,  -14,    0
  2644, 10341,20170122,  -43,    0
  2644, 10341,20170123,  -25,    0
  2644, 10341,20170124,  -38,    0
  2644, 10341,20170125,   32,    0
  2644, 10341,20170126,  -15,    0
  2644, 10341,20170127,  -56,    0
  2644, 10341,20170128,  -67,    0
  2644, 10341,20170129,  -38,    0
  2644, 10341,20170130,  -58,    0
  2644, 10341,20170131, -167,    0
  2644, 10341,20170201, -101,    0
  2644, 10341,20170202,  -45,    0
  2644, 10341,20170203,  -32,    0
  2644, 10341,20170204,  -26,    0
  2644, 10341,20170205,  -48,    0
  2644, 10341,20170206,  -59,    0
  2644, 10341,20170207, -123,    0
  2644, 10341,20170208, -156,    0
  2644, 10341,20170209, -124,    0
  2644, 10341,20170210, -102,    0
  2644, 10341,20170211, -105,    0
  2644, 10341,20170212, -141,    0
  2644, 10341,20170213,  -92,    0
  2644, 10341,20170214,  -69,    0
  2644, 10341,20170215,  -62,    0
  2644, 10341,20170216,    9,    0
  2644, 10341,20170217,    2,    0
  2644, 10341,20170218,  -30,    0
  2644, 10341,20170219,   24,    0
  2644, 10341,20170220,   24,    0
  2644, 10341,20170221,  -26,    0
  2644, 10341,20170222,  -21,    0
  2644, 10341,20170223,  -88,    0
  2644, 10341,20170224, -139,    0
  2644, 10341,20170225, -116,    0
  2644, 10341,20170226,  -17,    0
  2644, 10341,20170227,   -4,    0
  2644, 10341,20170228,  -18,    0
  2644, 10341,20170301,  -41,    0
  2644, 10341,20170302,  -79,    0
  2644, 10341,20170303,  -45,    0
  2644, 10341,20170304,  -46,    0
  2644, 10341,20170305,  -70,    0
  2644, 10341,20170306, -100,    0
  2644, 10341,20170307, -135,    0
  2644, 10341,20170308, -167,    0
  2644, 10341,20170309,  -17,    0
  2644, 10341,20170310,  -20,    0
  2644, 10341,20170311,  -55,    0
  2644, 10341,20170312,   -6,    0
  2644, 10341,20170313,   -7,    0
  2644, 10341,20170314,    4,    0
  2644, 10341,20170315,  -25,    0
  2644, 10341,20170316,    5,    0
  2644, 10341,20170317,  -46,    0
  2644, 10341,20170318,  -86,    0
  2644, 10341,20170319,  -89,    0
  2644, 10341,20170320,  -25,    0
  2644, 10341,20170321,  -16,    1
  2644, 10341,20170322,  -56,    0
  2644, 10341,20170323,  -73,    0
  2644, 10341,20170324,  -31,    0
  2644, 10341,20170325,    0,    0
  2644, 10341,20170326,   39,    0
  2644, 10341,20170327,   49,    0
  2644, 10341,20170328,   32,    0
  2644, 10341,20170329,   21,    0
  2644, 10341,20170330,   -1,    0
  2644, 10341,20170331,   30,    0
  2644, 10341,20170401,   39,    0
  2644, 10341,20170402,   38,    0
  2644, 10341,20170403,   15,    0
  2644, 10341,20170404,   14,    0
  2644, 10341,20170405,   -6,    0
  2644, 10341,20170406,   16,    0
  2644, 10341,20170407,   36,    0
  2644, 10341,20170408,   29,    1
  2644, 10341,20170409,   42,    0
  2644, 10341,20170410,   14,    0
  2644, 10341,20170411,  -24,    0
  2644, 10341,20170412,    3,    0
  2644, 10341,20170413,  -24,    0
  2644, 10341,20170414,  -30,    0
  2644, 10341,20170415,  -36,    0
  2644, 10341,20170416,  -33,    0
  2644, 10341,20170417,  -53,    0
  2644, 10341,20170418,  -52,    0
  2644, 10341,20170419,  -26,    0
  2644, 10341,20170420,   27,    0
  2644, 10341,20170421,  -13,    0
  2644, 10341,20170422,  -20,    0
  2644, 10341,20170423,  -31,    0
  2644, 10341,20170424,  -32,    0
  2644, 10341,20170425,  -28,    0
  2644, 10341,20170426,  -41,    0
  2644, 10341,20170427,  -30,    0
  2644, 10341,20170428,  -30,    0
  2644, 10341,20170429,  -17,    0
  2644, 10341,20170430,  -25,    0
  2644, 10341,20170501,-9999,   -9
  2644, 10341,20170502,-9999,   -9
  2644, 10341,20170503,-9999,   -9
  2644, 10341,20170504,-9999,   -9
  2644, 10341,20170505,-9999,   -9
  2644, 10341,20170506,-9999,   -9
  2644, 10341,20170507,-9999,   -9
  2644, 10341,20170508,-9999,   -9
  2644, 10341,20170509,-9999,   -9
  2644, 10341,20170510,-9999,   -9
  2644, 10341,20170511,-9999,   -9
  2644, 10341,20170512,-9999,   -9
  2644, 10341,20170513,-9999,   -9
  2644, 10341,20170514,-9999,   -9
  2644, 10341,20170515,-9999,   -9
  2644, 10341,20170516,-9999,   -9
  2644, 10341,20170517,-9999,   -9
  2644, 10341,20170518,-9999,   -9
  2644, 10341,20170519,-9999,   -9
  2644, 10341,20170520,-9999,   -9
  2644, 10341,20170521,-9999,   -9
  2644, 10341,20170522,-9999,   -9
  2644, 10341,20170523,-9999,   -9
  2644, 10341,20170524,-9999,   -9
  2644, 10341,20170525,-9999,   -9
  2644, 10341,20170526,-9999,   -9
  2644, 10341,20170527,-9999,   -9
  2644, 10341,20170528,-9999,   -9
  2644, 10341,20170529,-9999,   -9
  2644, 10341,20170530,-9999,   -9
  2644, 10341,20170531,-9999,   -9
  2644, 10341,20170601,-9999,   -9
  2644, 10341,20170602,-9999,   -9
  2644, 10341,20170603,-9999,   -9
  2644, 10341,20170604,-9999,   -9
  2644, 10341,20170605,-9999,   -9
  2644, 10341,20170606,-9999,   -9
  2644, 10341,20170607,-9999,   -9
  2644, 10341,20170608,-9999,   -9
  2644, 10341,20170609,-9999,   -9
  2644, 10341,20170610,-9999,   -9
  2644, 10341,20170611,-9999,   -9
  2644, 10341,20170612,-9999,   -9
  2644, 10341,20170613,-9999,   -9
  2644, 10341,20170614,-9999,   -9
  2644, 10341,20170615,-9999,   -9
  2644, 10341,20170616,-9999,   -9
  2644, 10341,20170617,-9999,   -9
  2644, 10341,20170618,-9999,   -9
  2644, 10341,20170619,-9999,   -9
  2644, 10341,20170620,-9999,   -9
  2644, 10341,20170621,-9999,   -9
  2644, 10341,20170622,-9999,   -9
  2644, 10341,20170623,-9999,   -9
  2644, 10341,20170624,-9999,   -9
  2644, 10341,20170625,-9999,   -9
  2644, 10341,20170626,-9999,   -9
  2644, 10341,20170627,-9999,   -9
  2644, 10341,20170628,-9999,   -9
  2644, 10341,20170629,-9999,   -9
  2644, 10341,20170630,-9999,   -9
  2644, 10341,20170701,-9999,   -9
  2644, 10341,20170702,-9999,   -9
  2644, 10341,20170703,-9999,   -9
  2644, 10341,20170704,-9999,   -9
  2644, 10341,20170705,-9999,   -9
  2644, 10341,20170706,-9999,   -9
  2644, 10341,20170707,-9999,   -9
  2644, 10341,20170708,-9999,   -9
  2644, 10341,20170709,-9999,   -9
  2644, 10341,20170710,-9999,   -9
  2644, 10341,20170711,-9999,   -9
  2644, 10341,20170712,-9999,   -9
  2644, 10341,20170713,-9999,   -9
  2644, 10341,20170714,-9999,   -9
  2644, 10341,20170715,-9999,   -9
  2644, 10341,20170716,-9999,   -9
  2644, 10341,20170717,-9999,   -9
  2644, 10341,20170718,-9999,   -9
  2644, 10341,20170719,-9999,   -9
  2644, 10341,20170720,-9999,   -9
  2644, 10341,20170721,-9999,   -9
  2644, 10341,20170722,-9999,   -9
  2644, 10341,20170723,-9999,   -9
  2644, 10341,20170724,-9999,   -9
  2644, 10341,20170725,-9999,   -9
  2644, 10341,20170726,-9999,   -9
  2644, 10341,20170727,-9999,   -9
  2644, 10341,20170728,-9999,   -9
  2644, 10341,20170729,-9999,   -9
  2644, 10341,20170730,-9999,   -9
  2644, 10341,20170731,-9999,   -9
  2644, 10341,20170801,-9999,    9
  2644, 10341,20170802,-9999,    9
  2644, 10341,20170803,-9999,    9
  2644, 10341,20170804,-9999,    9
  2644, 10341,20170805,-9999,    9
  2644, 10341,20170806,-9999,    9
  2644, 10341,20170807,-9999,    9
  2644, 10341,20170808,-9999,    9
  2644, 10341,20170809,-9999,    9
  2644, 10341,20170810,-9999,    9
  2644, 10341,20170811,-9999,    9
  2644, 10341,20170812,-9999,    9
  2644, 10341,20170813,-9999,    9
  2644, 10341,20170814,-9999,    9
  2644, 10341,20170815,-9999,    9
  2644, 10341,20170816,-9999,    9
  2644, 10341,20170817,-9999,    9
  2644, 10341,20170818,-9999,    9
  2644, 10341,20170819,-9999,    9
  2644, 10341,20170820,-9999,    9
  2644, 10341,20170821,-9999,    9
  2644, 10341,20170822,-9999,    9
  2644, 10341,20170823,-9999,    9
  2644, 10341,20170824,-9999,    9
  2644, 10341,20170825,-9999,    9
  2644, 10341,20170826,-9999,    9
  2644, 10341,20170827,-9999,    9
  2644, 10341,20170828,-9999,    9
  2644, 10341,20170829,-9999,    9
  2644, 10341,20170830,-9999,    9
  2644, 10341,20170831,-9999,    9
  2644, 10341,20170901,-9999,    9
  2644, 10341,20170902,-9999,    9
  2644, 10341,20170903,-9999,    9
  2644, 10341,20170904,-9999,    9
  2644, 10341,20170905,-9999,    9
  2644, 10341,20170906,-9999,    9
  2644, 10341,20170907,-9999,    9
  2644, 10341,20170908,-9999,    9
  2644, 10341,20170909,-9999,    9
  2644, 10341,20170910,-9999,    9
  2644, 10341,20170911,-9999,    9
  2644, 10341,20170912,-9999,    9
  2644, 10341,20170913,-9999,    9
  2644, 10341,20170914,-9999,    9
  2644, 10341,20170915,-9999,    9
  2644, 10341,20170916,-9999,    9
  2644, 10341,20170917,-9999,    9
  2644, 10341,20170918,-9999,    9
  2644, 10341,20170919,-9999,    9
  2644, 10341,20170920,-9999,    9
  2644, 10341,20170921,-9999,    9
  2644, 10341,20170922,-9999,    9
  2644, 10341,20170923,-9999,    9
  2644, 10341,20170924,-9999,    9
  2644, 10341,20170925,-9999,    9
  2644, 10341,20170926,-9999,    9
  2644, 10341,20170927,-9999,    9
  2644, 10341,20170928,-9999,    9
  2644, 10341,20170929,-9999,    9
  2644, 10341,20170930,-9999,    9
  2644, 10341,20171001,-9999,    9
  2644, 10341,20171002,-9999,    9
  2644, 10341,20171003,-9999,    9
  2644, 10341,20171004,-9999,    9
  2644, 10341,20171005,-9999,    9
  2644, 10341,20171006,-9999,    9
  2644, 10341,20171007,-9999,    9
  2644, 10341,20171008,-9999,    9
  2644, 10341,20171009,-9999,    9
  2644, 10341,20171010,-9999,    9
  2644, 10341,20171011,-9999,    9
  2644, 10341,20171012,-9999,    9
  2644, 10341,20171013,-9999,    9
  2644, 10341,20171014,-9999,    9
  2644, 10341,20171015,-9999,    9
  2644, 10341,20171016,-9999,    9
  2644, 10341,20171017,-9999,    9
  2644, 10341,20171018,-9999,    9
  2644, 10341,20171019,-9999,    9
  2644, 10341,20171020,-9999,    9
  2644, 10341,20171021,-9999,    9
  2644, 10341,20171022,-9999,    9
  2644, 10341,20171023,-9999,    9
  2644, 10341,20171024,-9999,    9
  2644, 10341,20171025,-9999,    9
  2644, 10341,20171026,-9999,    9
  2644, 10341,20171027,-9999,    9
  2644, 10341,20171028,-9999,    9
  2644, 10341,20171029,-9999,    9
  2644, 10341,20171030,-9999,    9
  2644, 10341,20171031,-9999,    9
  2644, 10341,20171101,-9999,    9
  2644, 10341,20171102,-9999,    9
  2644, 10341,20171103,-9999,    9
  2644, 10341,20171104,-9999,    9
  2644, 10341,20171105,-9999,    9
  2644, 10341,20171106,-9999,    9
  2644, 10341,20171107,-9999,    9
  2644, 10341,20171108,-9999,    9
  2644, 10341,20171109,-9999,    9
  2644, 10341,20171110,-9999,    9
  2644, 10341,20171111,-9999,    9
  2644, 10341,20171112,-9999,    9
  2644, 10341,20171113,-9999,    9
  2644, 10341,20171114,-9999,    9
  2644, 10341,20171115,-9999,    9
  2644, 10341,20171116,-9999,    9
  2644, 10341,20171117,-9999,    9
  2644, 10341,20171118,-9999,    9
  2644, 10341,20171119,-9999,    9
  2644, 10341,20171120,-9999,    9
  2644, 10341,20171121,-9999,    9
  2644, 10341,20171122,-9999,    9
  2644, 10341,20171123,-9999,    9
  2644, 10341,20171124,-9999,    9
  2644, 10341,20171125,-9999,    9
  2644, 10341,20171126,-9999,    9
  2644, 10341,20171127,-9999,    9
  2644, 10341,20171128,-9999,    9
  2644, 10341,20171129,-9999,    9
  2644, 10341,20171130,-9999,    9
  2644, 10341,20171201,-9999,    9
  2644, 10341,20171202,-9999,    9
  2644, 10341,20171203,-9999,    9
  2644, 10341,20171204,-9999,    9
  2644, 10341,20171205,-9999,    9
  2644, 10341,20171206,-9999,    9
  2644, 10341,20171207,-9999,    9
  2644, 10341,20171208,-9999,    9
  2644, 10341,20171209,-9999,    9
  2644, 10341,20171210,-9999,    9
  2644, 10341,20171211,-9999,    9
  2644, 10341,20171212,-9999,    9
  2644, 10341,20171213,-9999,    9
  2644, 10341,20171214,-9999,    9
  2644, 10341,20171215,-9999,    9
  2644, 10341,20171216,-9999,    9
  2644, 10341,20171217,-9999,    9
  2644, 10341,20171218,-9999,    9
  2644, 10341,20171219,-9999,    9
  2644, 10341,20171220,-9999,    9
  2644, 10341,20171221,-9999,    9
  2644, 10341,20171222,-9999,    9
  2644, 10341,20171223,-9999,    9
  2644, 10341,20171224,-9999,    9
  2644, 10341,20171225,-9999,    9
  2644, 10341,20171226,-9999,    9
  2644, 10341,20171227,-9999,    9
  2644, 10341,20171228,-9999,    9
  2644, 10341,20171229,-9999,    9
  2644, 10341,20171230,-9999,    9
  2644, 10341,20171231,-9999,    9
  2644, 10341,20180101,-9999,    9
  2644, 10341,20180102,-9999,    9
  2644, 10341,20180103,-9999,    9
  2644, 10341,20180104,-9999,    9
  2644, 10341,20180105,-9999,    9
  2644, 10341,20180106,-9999,    9
  2644, 10341,20180107,-9999,    9
  2644, 10341,20180108,-9999,    9
  2644, 10341,20180109,-9999,    9
  2644, 10341,20180110,-9999,    9
  2644, 10341,20180111,-9999,    9
  2644, 10341,20180112,-9999,    9
  2644, 10341,20180113,-9999,    9
  2644, 10341,20180114,-9999,    9
  2644, 10341,20180115,-9999,    9
  2644, 10341,20180116,-9999,    9
  2644, 10341,20180117,-9999,    9
  2644, 10341,20180118,-9999,    9
  2644, 10341,20180119,-9999,    9
  2644, 10341,20180120,-9999,    9
  2644, 10341,20180121,-9999,    9
  2644, 10341,20180122,-9999,    9
  2644, 10341,20180123,-9999,    9
  2644, 10341,20180124,-9999,    9
  2644, 10341,20180125,-9999,    9
  2644, 10341,20180126,-9999,    9
  2644, 10341,20180127,-9999,    9
  2644, 10341,20180128,-9999,    9
  2644, 10341,20180129,-9999,    9
  2644, 10341,20180130,-9999,    9
  2644, 10341,20180131,-9999,    9
  2644, 10341,20180201,-9999,    9
  2644, 10341,20180202,-9999,    9
  2644, 10341,20180203,-9999,    9
  2644, 10341,20180204,-9999,    9
  2644, 10341,20180205,-9999,    9
  2644, 10341,20180206,-9999,    9
  2644, 10341,20180207,-9999,    9
  2644, 10341,20180208,-9999,    9
  2644, 10341,20180209,-9999,    9
  2644, 10341,20180210,-9999,    9
  2644, 10341,20180211,-9999,    9
  2644, 10341,20180212,-9999,    9
  2644, 10341,20180213,-9999,    9
  2644, 10341,20180214,-9999,    9
  2644, 10341,20180215,-9999,    9
  2644, 10341,20180216,-9999,    9
  2644, 10341,20180217,-9999,    9
  2644, 10341,20180218,-9999,    9
  2644, 10341,20180219,-9999,    9
  2644, 10341,20180220,-9999,    9
  2644, 10341,20180221,-9999,    9
  2644, 10341,20180222,-9999,    9
  2644, 10341,20180223,-9999,    9
  2644, 10341,20180224,-9999,    9
  2644, 10341,20180225,-9999,    9
  2644, 10341,20180226,-9999,    9
  2644, 10341,20180227,-9999,    9
  2644, 10341,20180228,-9999,    9
  2644, 10341,20180301,-9999,    9
  2644, 10341,20180302,-9999,    9
  2644, 10341,20180303,-9999,    9
  2644, 10341,20180304,-9999,    9
  2644, 10341,20180305,-9999,    9
  2644, 10341,20180306,-9999,    9
  2644, 10341,20180307,-9999,    9
  2644, 10341,20180308,-9999,    9
  2644, 10341,20180309,-9999,    9
  2644, 10341,20180310,-9999,    9
  2644, 10341,20180311,-9999,    9
  2644, 10341,20180312,-9999,    9
  2644, 10341,20180313,-9999,    9
  2644, 10341,20180314,-9999,    9
  2644, 10341,20180315,-9999,    9
  2644, 10341,20180316,-9999,    9
  2644, 10341,20180317,-9999,    9
  2644, 10341,20180318,-9999,    9
  2644, 10341,20180319,-9999,    9
  2644, 10341,20180320,-9999,    9
  2644, 10341,20180321,-9999,    9
  2644, 10341,20180322,-9999,    9
  2644, 10341,20180323,-9999,    9
  2644, 10341,20180324,-9999,    9
  2644, 10341,20180325,-9999,    9
  2644, 10341,20180326,-9999,    9
  2644, 10341,20180327,-9999,    9
  2644, 10341,20180328,-9999,    9
  2644, 10341,20180329,-9999,    9
  2644, 10341,20180330,-9999,    9
  2644, 10341,20180331,-9999,    9
  2644, 10341,20180401,-9999,    9
  2644, 10341,20180402,-9999,    9
  2644, 10341,20180403,-9999,    9
  2644, 10341,20180404,-9999,    9
  2644, 10341,20180405,-9999,    9
  2644, 10341,20180406,-9999,    9
  2644, 10341,20180407,-9999,    9
  2644, 10341,20180408,-9999,    9
  2644, 10341,20180409,-9999,    9
  2644, 10341,20180410,-9999,    9
  2644, 10341,20180411,-9999,    9
  2644, 10341,20180412,-9999,    9
  2644, 10341,20180413,-9999,    9
  2644, 10341,20180414,-9999,    9
  2644, 10341,20180415,-9999,    9
  2644, 10341,20180416,-9999,    9
  2644, 10341,20180417,-9999,    9
  2644, 10341,20180418,-9999,    9
  2644, 10341,20180419,-9999,    9
  2644, 10341,20180420,-9999,    9
  2644, 10341,20180421,-9999,    9
  2644, 10341,20180422,-9999,    9
  2644, 10341,20180423,-9999,    9
  2644, 10341,20180424,-9999,    9
  2644, 10341,20180425,-9999,    9
  2644, 10341,20180426,-9999,    9
  2644, 10341,20180427,-9999,    9
  2644, 10341,20180428,-9999,    9
  2644, 10341,20180429,-9999,    9
  2644, 10341,20180430,-9999,    9
  2644, 10341,20180501,-9999,    9
  2644, 10341,20180502,-9999,    9
  2644, 10341,20180503,-9999,    9
  2644, 10341,20180504,-9999,    9
  2644, 10341,20180505,-9999,    9
  2644, 10341,20180506,-9999,    9
  2644, 10341,20180507,-9999,    9
  2644, 10341,20180508,-9999,    9
  2644, 10341,20180509,-9999,    9
  2644, 10341,20180510,-9999,    9
  2644, 10341,20180511,-9999,    9
  2644, 10341,20180512,-9999,    9
  2644, 10341,20180513,-9999,    9
  2644, 10341,20180514,-9999,    9
  2644, 10341,20180515,-9999,    9
  2644, 10341,20180516,-9999,    9
  2644, 10341,20180517,-9999,    9
  2644, 10341,20180518,-9999,    9
  2644, 10341,20180519,-9999,    9
  2644, 10341,20180520,-9999,    9
  2644, 10341,20180521,-9999,    9
  2644, 10341,20180522,-9999,    9
  2644, 10341,20180523,-9999,    9
  2644, 10341,20180524,-9999,    9
  2644, 10341,20180525,-9999,    9
  2644, 10341,20180526,-9999,    9
  2644, 10341,20180527,-9999,    9
  2644, 10341,20180528,-9999,    9
  2644, 10341,20180529,-9999,    9
  2644, 10341,20180530,-9999,    9
  2644, 10341,20180531,-9999,    9
  2644, 10341,20180601,-9999,    9
  2644, 10341,20180602,-9999,    9
  2644, 10341,20180603,-9999,    9
  2644, 10341,20180604,-9999,    9
  2644, 10341,20180605,-9999,    9
  2644, 10341,20180606,-9999,    9
  2644, 10341,20180607,-9999,    9
  2644, 10341,20180608,-9999,    9
  2644, 10341,20180609,-9999,    9
  2644, 10341,20180610,-9999,    9
  2644, 10341,20180611,-9999,    9
  2644, 10341,20180612,-9999,    9
  2644, 10341,20180613,-9999,    9
  2644, 10341,20180614,-9999,    9
  2644, 10341,20180615,-9999,    9
  2644, 10341,20180616,-9999,    9
  2644, 10341,20180617,-9999,    9
  2644, 10341,20180618,-9999,    9
  2644, 10341,20180619,-9999,    9
  2644, 10341,20180620,-9999,    9
  2644, 10341,20180621,-9999,    9
  2644, 10341,20180622,-9999,    9
  2644, 10341,20180623,-9999,    9
  2644, 10341,20180624,-9999,    9
  2644, 10341,20180625,-9999,    9
  2644, 10341,20180626,-9999,    9
  2644, 10341,20180627,-9999,    9
  2644, 10341,20180628,-9999,    9
  2644, 10341,20180629,-9999,    9
  2644, 10341,20180630,-9999,    9
  2644, 10341,20180701,-9999,    9
  2644, 10341,20180702,-9999,    9
  2644, 10341,20180703,-9999,    9
  2644, 10341,20180704,-9999,    9
  2644, 10341,20180705,-9999,    9
  2644, 10341,20180706,-9999,    9
  2644, 10341,20180707,-9999,    9
  2644, 10341,20180708,-9999,    9
  2644, 10341,20180709,-9999,    9
  2644, 10341,20180710,-9999,    9
  2644, 10341,20180711,-9999,    9
  2644, 10341,20180712,-9999,    9
  2644, 10341,20180713,-9999,    9
  2644, 10341,20180714,-9999,    9
  2644, 10341,20180715,-9999,    9
  2644, 10341,20180716,-9999,    9
  2644, 10341,20180717,-9999,    9
  2644, 10341,20180718,-9999,    9
  2644, 10341,20180719,-9999,    9
  2644, 10341,20180720,-9999,    9
  2644, 10341,20180721,-9999,    9
  2644, 10341,20180722,-9999,    9
  2644, 10341,20180723,-9999,    9
  2644, 10341,20180724,-9999,    9
  2644, 10341,20180725,-9999,    9
  2644, 10341,20180726,-9999,    9
  2644, 10341,20180727,-9999,    9
  2644, 10341,20180728,-9999,    9
  2644, 10341,20180729,-9999,    9
  2644, 10341,20180730,-9999,    9
  2644, 10341,20180731,-9999,    9
  2644, 10341,20180801,-9999,    9
  2644, 10341,20180802,-9999,    9
  2644, 10341,20180803,-9999,    9
  2644, 10341,20180804,-9999,    9
  2644, 10341,20180805,-9999,    9
  2644, 10341,20180806,-9999,    9
  2644, 10341,20180807,-9999,    9
  2644, 10341,20180808,-9999,    9
  2644, 10341,20180809,-9999,    9
  2644, 10341,20180810,-9999,    9
  2644, 10341,20180811,-9999,    9
  2644, 10341,20180812,-9999,    9
  2644, 10341,20180813,-9999,    9
  2644, 10341,20180814,-9999,    9
  2644, 10341,20180815,-9999,    9
  2644, 10341,20180816,-9999,    9
  2644, 10341,20180817,-9999,    9
  2644, 10341,20180818,-9999,    9
  2644, 10341,20180819,-9999,    9
  2644, 10341,20180820,-9999,    9
  2644, 10341,20180821,-9999,    9
  2644, 10341,20180822,-9999,    9
  2644, 10341,20180823,-9999,    9
  2644, 10341,20180824,-9999,    9
  2644, 10341,20180825,-9999,    9
  2644, 10341,20180826,-9999,    9
  2644, 10341,20180827,-9999,    9
  2644, 10341,20180828,-9999,    9
  2644, 10341,20180829,-9999,    9
  2644, 10341,20180830,-9999,    9
  2644, 10341,20180831,-9999,    9
  2644, 10341,20180901,-9999,    9
  2644, 10341,20180902,-9999,    9
  2644, 10341,20180903,-9999,    9
  2644, 10341,20180904,-9999,    9
  2644, 10341,20180905,-9999,    9
  2644, 10341,20180906,-9999,    9
  2644, 10341,20180907,-9999,    9
  2644, 10341,20180908,-9999,    9
  2644, 10341,20180909,-9999,    9
  2644, 10341,20180910,-9999,    9
  2644, 10341,20180911,-9999,    9
  2644, 10341,20180912,-9999,    9
  2644, 10341,20180913,-9999,    9
  2644, 10341,20180914,-9999,    9
  2644, 10341,20180915,-9999,    9
  2644, 10341,20180916,-9999,    9
  2644, 10341,20180917,-9999,    9
  2644, 10341,20180918,-9999,    9
  2644, 10341,20180919,-9999,    9
  2644, 10341,20180920,-9999,    9
  2644, 10341,20180921,-9999,    9
  2644, 10341,20180922,-9999,    9
  2644, 10341,20180923,-9999,    9
  2644, 10341,20180924,-9999,    9
  2644, 10341,20180925,-9999,    9
  2644, 10341,20180926,-9999,    9
  2644, 10341,20180927,-9999,    9
  2644, 10341,20180928,-9999,    9
  2644, 10341,20180929,-9999,    9
  2644, 10341,20180930,-9999,    9
  2644, 10341,20181001,-9999,    9
  2644, 10341,20181002,-9999,    9
  2644, 10341,20181003,-9999,    9
  2644, 10341,20181004,-9999,    9
  2644, 10341,20181005,-9999,    9
  2644, 10341,20181006,-9999,    9
  2644, 10341,20181007,-9999,    9
  2644, 10341,20181008,-9999,    9
  2644, 10341,20181009,-9999,    9
  2644, 10341,20181010,-9999,    9
  2644, 10341,20181011,-9999,    9
  2644, 10341,20181012,-9999,    9
  2644, 10341,20181013,-9999,    9
  2644, 10341,20181014,-9999,    9
  2644, 10341,20181015,-9999,    9
  2644, 10341,20181016,-9999,    9
  2644, 10341,20181017,-9999,    9
  2644, 10341,20181018,-9999,    9
  2644, 10341,20181019,-9999,    9
  2644, 10341,20181020,-9999,    9
  2644, 10341,20181021,-9999,    9
  2644, 10341,20181022,-9999,    9
  2644, 10341,20181023,-9999,    9
  2644, 10341,20181024,-9999,    9
  2644, 10341,20181025,-9999,    9
  2644, 10341,20181026,-9999,    9
  2644, 10341,20181027,-9999,    9
  2644, 10341,20181028,-9999,    9
  2644, 10341,20181029,-9999,    9
  2644, 10341,20181030,-9999,    9
  2644, 10341,20181031,-9999,    9
  2644, 10341,20181101,-9999,    9
  2644, 10341,20181102,-9999,    9
  2644, 10341,20181103,-9999,    9
  2644, 10341,20181104,-9999,    9
  2644, 10341,20181105,-9999,    9
  2644, 10341,20181106,-9999,    9
  2644, 10341,20181107,-9999,    9
  2644, 10341,20181108,-9999,    9
  2644, 10341,20181109,-9999,    9
  2644, 10341,20181110,-9999,    9
  2644, 10341,20181111,-9999,    9
  2644, 10341,20181112,-9999,    9
  2644, 10341,20181113,-9999,    9
  2644, 10341,20181114,-9999,    9
  2644, 10341,20181115,-9999,    9
  2644, 10341,20181116,-9999,    9
  2644, 10341,20181117,-9999,    9
  2644, 10341,20181118,-9999,    9
  2644, 10341,20181119,-9999,    9
  2644, 10341,20181120,-9999,    9
  2644, 10341,20181121,-9999,    9
  2644, 10341,20181122,-9999,    9
  2644, 10341,20181123,-9999,    9
  2644, 10341,20181124,-9999,    9
  2644, 10341,20181125,-9999,    9
  2644, 10341,20181126,-9999,    9
  2644, 10341,20181127,-9999,    9
  2644, 10341,20181128,-9999,    9
  2644, 10341,20181129,-9999,    9
  2644, 10341,20181130,-9999,    9
  2644, 10341,20181201,-9999,    9
  2644, 10341,20181202,-9999,    9
  2644, 10341,20181203,-9999,    9
  2644, 10341,20181204,-9999,    9
  2644, 10341,20181205,-9999,    9
  2644, 10341,20181206,-9999,    9
  2644, 10341,20181207,-9999,    9
  2644, 10341,20181208,-9999,    9
  2644, 10341,20181209,-9999,    9
  2644, 10341,20181210,-9999,    9
  2644, 10341,20181211,-9999,    9
  2644, 10341,20181212,-9999,    9
  2644, 10341,20181213,-9999,    9
  2644, 10341,20181214,-9999,    9
  2644, 10341,20181215,-9999,    9
  2644, 10341,20181216,-9999,    9
  2644, 10341,20181217,-9999,    9
  2644, 10341,20181218,-9999,    9
  2644, 10341,20181219,-9999,    9
  2644, 10341,20181220,-9999,    9
  2644, 10341,20181221,-9999,    9
  2644, 10341,20181222,-9999,    9
  2644, 10341,20181223,-9999,    9
  2644, 10341,20181224,-9999,    9
  2644, 10341,20181225,-9999,    9
  2644, 10341,20181226,-9999,    9
  2644, 10341,20181227,-9999,    9
  2644, 10341,20181228,-9999,    9
  2644, 10341,20181229,-9999,    9
  2644, 10341,20181230,-9999,    9
  2644, 10341,20181231,-9999,    9
  2644, 10341,20190101,-9999,    9
  2644, 10341,20190102,-9999,    9
  2644, 10341,20190103,-9999,    9
  2644, 10341,20190104,-9999,    9
  2644, 10341,20190105,-9999,    9
  2644, 10341,20190106,-9999,    9
  2644, 10341,20190107,-9999,    9
  2644, 10341,20190108,-9999,    9
  2644, 10341,20190109,-9999,    9
  2644, 10341,20190110,-9999,    9
  2644, 10341,20190111,-9999,    9
  2644, 10341,20190112,-9999,    9
  2644, 10341,20190113,-9999,    9
  2644, 10341,20190114,-9999,    9
  2644, 10341,20190115,-9999,    9
  2644, 10341,20190116,-9999,    9
  2644, 10341,20190117,-9999,    9
  2644, 10341,20190118,-9999,    9
  2644, 10341,20190119,-9999,    9
  2644, 10341,20190120,-9999,    9
  2644, 10341,20190121,-9999,    9
  2644, 10341,20190122,-9999,    9
  2644, 10341,20190123,-9999,    9
  2644, 10341,20190124,-9999,    9
  2644, 10341,20190125,-9999,    9
  2644, 10341,20190126,-9999,    9
  2644, 10341,20190127,-9999,    9
  2644, 10341,20190128,-9999,    9
  2644, 10341,20190129,-9999,    9
  2644, 10341,20190130,-9999,    9
  2644, 10341,20190131,-9999,    9
  2644, 10341,20190201,-9999,    9
  2644, 10341,20190202,-9999,    9
  2644, 10341,20190203,-9999,    9
  2644, 10341,20190204,-9999,    9
  2644, 10341,20190205,-9999,    9
  2644, 10341,20190206,-9999,    9
  2644, 10341,20190207,-9999,    9
  2644, 10341,20190208,-9999,    9
  2644, 10341,20190209,-9999,    9
  2644, 10341,20190210,-9999,    9
  2644, 10341,20190211,-9999,    9
  2644, 10341,20190212,-9999,    9
  2644, 10341,20190213,-9999,    9
  2644, 10341,20190214,-9999,    9
  2644, 10341,20190215,-9999,    9
  2644, 10341,20190216,-9999,    9
  2644, 10341,20190217,-9999,    9
  2644, 10341,20190218,-9999,    9
  2644, 10341,20190219,-9999,    9
  2644, 10341,20190220,-9999,    9
  2644, 10341,20190221,-9999,    9
  2644, 10341,20190222,-9999,    9
  2644, 10341,20190223,-9999,    9
  2644, 10341,20190224,-9999,    9
  2644, 10341,20190225,-9999,    9
  2644, 10341,20190226,-9999,    9
  2644, 10341,20190227,-9999,    9
  2644, 10341,20190228,-9999,    9
  2644, 10341,20190301,-9999,    9
  2644, 10341,20190302,-9999,    9
  2644, 10341,20190303,-9999,    9
  2644, 10341,20190304,-9999,    9
  2644, 10341,20190305,-9999,    9
  2644, 10341,20190306,-9999,    9
  2644, 10341,20190307,-9999,    9
  2644, 10341,20190308,-9999,    9
  2644, 10341,20190309,-9999,    9
  2644, 10341,20190310,-9999,    9
  2644, 10341,20190311,-9999,    9
  2644, 10341,20190312,-9999,    9
  2644, 10341,20190313,-9999,    9
  2644, 10341,20190314,-9999,    9
  2644, 10341,20190315,-9999,    9
  2644, 10341,20190316,-9999,    9
  2644, 10341,20190317,-9999,    9
  2644, 10341,20190318,-9999,    9
  2644, 10341,20190319,-9999,    9
  2644, 10341,20190320,-9999,    9
  2644, 10341,20190321,-9999,    9
  2644, 10341,20190322,-9999,    9
  2644, 10341,20190323,-9999,    9
  2644, 10341,20190324,-9999,    9
  2644, 10341,20190325,-9999,    9
  2644, 10341,20190326,-9999,    9
  2644, 10341,20190327,-9999,    9
  2644, 10341,20190328,-9999,    9
  2644, 10341,20190329,-9999,    9
  2644, 10341,20190330,-9999,    9
  2644, 10341,20190331,-9999,    9
  2644, 10341,20190401,-9999,    9
  2644, 10341,20190402,-9999,    9
  2644, 10341,20190403,-9999,    9
  2644, 10341,20190404,-9999,    9
  2644, 10341,20190405,-9999,    9
  2644, 10341,20190406,-9999,    9
  2644, 10341,20190407,-9999,    9
  2644, 10341,20190408,-9999,    9
  2644, 10341,20190409,-9999,    9
  2644, 10341,20190410,-9999,    9
  2644, 10341,20190411,-9999,    9
  2644, 10341,20190412,-9999,    9
  2644, 10341,20190413,-9999,    9
  2644, 10341,20190414,-9999,    9
  2644, 10341,20190415,-9999,    9
  2644, 10341,20190416,-9999,    9
  2644, 10341,20190417,-9999,    9
  2644, 10341,20190418,-9999,    9
  2644, 10341,20190419,-9999,    9
  2644, 10341,20190420,-9999,    9
  2644, 10341,20190421,-9999,    9
  2644, 10341,20190422,-9999,    9
  2644, 10341,20190423,-9999,    9
  2644, 10341,20190424,-9999,    9
  2644, 10341,20190425,-9999,    9
  2644, 10341,20190426,-9999,    9
  2644, 10341,20190427,-9999,    9
  2644, 10341,20190428,-9999,    9
  2644, 10341,20190429,-9999,    9
  2644, 10341,20190430,-9999,    9
