EUROPEAN CLIMATE ASSESSMENT & DATASET (ECA&D), file created on: 13-05-2019
THESE DATA CAN BE USED FOR NON-COMMERCIAL RESEARCH AND EDUCATION PROVIDED THAT THE FOLLOWING SOURCE IS ACKNOWLEDGED: 

Klein Tank, A.M.G. and Coauthors, 2002. Daily dataset of 20th-century surface
air temperature and precipitation series for the European Climate Assessment.
Int. J. of Climatol., 22, 1441-1453.
Data and metadata available at http://www.ecad.eu

FILE FORMAT (MISSING VALUE CODE = -9999):

01-06 STAID: Station identifier
08-13 SOUID: Source identifier
15-22 DATE : Date YYYYMMDD
24-28 TG   : Mean temperature in 0.1 &#176;C
30-34 Q_TG : quality code for TG (0='valid'; 1='suspect'; 9='missing')

This is the blended series of station LOSSIEMOUTH, UNITED KINGDOM (STAID: 11106)
Blended and updated with sources:56859 903068 
See files sources.txt and stations.txt for more info.

STAID, SOUID,    DATE,   TG, Q_TG
 11106, 56859,20130101,   32,    0
 11106, 56859,20130102,   74,    0
 11106, 56859,20130103,   85,    0
 11106, 56859,20130104,   84,    0
 11106, 56859,20130105,   67,    0
 11106, 56859,20130106,   68,    0
 11106, 56859,20130107,   61,    0
 11106, 56859,20130108,   74,    0
 11106, 56859,20130109,   55,    0
 11106, 56859,20130110,   54,    1
 11106, 56859,20130111,   16,    0
 11106, 56859,20130112,   16,    0
 11106, 56859,20130113,   27,    0
 11106, 56859,20130114,    6,    0
 11106, 56859,20130115,  -12,    0
 11106, 56859,20130116,  -22,    0
 11106, 56859,20130117,    2,    0
 11106, 56859,20130118,   18,    0
 11106, 56859,20130119,   17,    0
 11106, 56859,20130120,    9,    0
 11106, 56859,20130121,   10,    0
 11106, 56859,20130122,   18,    0
 11106, 56859,20130123,    3,    0
 11106, 56859,20130124,   -6,    0
 11106, 56859,20130125,   16,    0
 11106, 56859,20130126,   38,    0
 11106, 56859,20130127,   43,    0
 11106, 56859,20130128,   55,    0
 11106, 56859,20130129,   67,    0
 11106, 56859,20130130,   65,    1
 11106, 56859,20130131,   27,    0
 11106, 56859,20130201,   35,    0
 11106, 56859,20130202,   41,    0
 11106, 56859,20130203,   48,    1
 11106, 56859,20130204,   21,    0
 11106, 56859,20130205,   31,    0
 11106, 56859,20130206,   33,    0
 11106, 56859,20130207,   27,    0
 11106, 56859,20130208,   34,    0
 11106, 56859,20130209,   36,    1
 11106, 56859,20130210,   19,    0
 11106, 56859,20130211,   30,    0
 11106, 56859,20130212,   25,    0
 11106, 56859,20130213,   28,    0
 11106, 56859,20130214,   50,    0
 11106, 56859,20130215,   70,    0
 11106, 56859,20130216,   58,    0
 11106, 56859,20130217,   70,    0
 11106, 56859,20130218,   19,    0
 11106, 56859,20130219,    4,    0
 11106, 56859,20130220,   28,    0
 11106, 56859,20130221,   21,    0
 11106, 56859,20130222,  -11,    0
 11106, 56859,20130223,   11,    0
 11106, 56859,20130224,    6,    0
 11106, 56859,20130225,   22,    0
 11106, 56859,20130226,    4,    0
 11106, 56859,20130227,   17,    0
 11106, 56859,20130228,   42,    0
 11106, 56859,20130301,   48,    0
 11106, 56859,20130302,   71,    0
 11106, 56859,20130303,   67,    0
 11106, 56859,20130304,   54,    0
 11106, 56859,20130305,   21,    0
 11106, 56859,20130306,   41,    0
 11106, 56859,20130307,   56,    1
 11106, 56859,20130308,   44,    0
 11106, 56859,20130309,   41,    1
 11106, 56859,20130310,   24,    0
 11106, 56859,20130311,  -18,    0
 11106, 56859,20130312,    6,    0
 11106, 56859,20130313,   27,    0
 11106, 56859,20130314,   19,    0
 11106, 56859,20130315,   48,    0
 11106, 56859,20130316,    9,    0
 11106, 56859,20130317,   24,    0
 11106, 56859,20130318,   29,    0
 11106, 56859,20130319,   19,    0
 11106, 56859,20130320,    8,    0
 11106, 56859,20130321,   -1,    0
 11106, 56859,20130322,   11,    0
 11106, 56859,20130323,   11,    0
 11106, 56859,20130324,   21,    0
 11106, 56859,20130325,   30,    0
 11106, 56859,20130326,   26,    0
 11106, 56859,20130327,   10,    0
 11106, 56859,20130328,   11,    0
 11106, 56859,20130329,    1,    0
 11106, 56859,20130330,    0,    0
 11106, 56859,20130331,    5,    0
 11106, 56859,20130401,    7,    0
 11106, 56859,20130402,   -1,    0
 11106, 56859,20130403,   39,    0
 11106, 56859,20130404,   56,    0
 11106, 56859,20130405,   47,    0
 11106, 56859,20130406,   19,    0
 11106, 56859,20130407,   20,    0
 11106, 56859,20130408,   32,    0
 11106, 56859,20130409,   16,    0
 11106, 56859,20130410,   44,    0
 11106, 56859,20130411,   61,    0
 11106, 56859,20130412,   37,    0
 11106, 56859,20130413,   63,    0
 11106, 56859,20130414,  119,    0
 11106, 56859,20130415,  119,    0
 11106, 56859,20130416,  120,    0
 11106, 56859,20130417,   96,    0
 11106, 56859,20130418,   87,    0
 11106, 56859,20130419,   79,    0
 11106, 56859,20130420,   83,    0
 11106, 56859,20130421,  109,    0
 11106, 56859,20130422,   92,    0
 11106, 56859,20130423,   93,    0
 11106, 56859,20130424,   92,    0
 11106, 56859,20130425,   81,    0
 11106, 56859,20130426,   43,    0
 11106, 56859,20130427,   58,    0
 11106, 56859,20130428,   74,    0
 11106, 56859,20130429,   70,    0
 11106, 56859,20130430,   73,    0
 11106, 56859,20130501,   84,    0
 11106, 56859,20130502,   47,    0
 11106, 56859,20130503,   57,    0
 11106, 56859,20130504,   79,    0
 11106, 56859,20130505,  122,    0
 11106, 56859,20130506,  126,    0
 11106, 56859,20130507,  113,    0
 11106, 56859,20130508,  120,    0
 11106, 56859,20130509,  100,    0
 11106, 56859,20130510,   91,    0
 11106, 56859,20130511,   96,    0
 11106, 56859,20130512,   91,    0
 11106, 56859,20130513,   67,    0
 11106, 56859,20130514,   95,    0
 11106, 56859,20130515,   82,    0
 11106, 56859,20130516,   72,    0
 11106, 56859,20130517,   68,    0
 11106, 56859,20130518,   85,    0
 11106, 56859,20130519,  111,    0
 11106, 56859,20130520,  120,    0
 11106, 56859,20130521,  106,    0
 11106, 56859,20130522,   86,    0
 11106, 56859,20130523,   61,    0
 11106, 56859,20130524,   89,    0
 11106, 56859,20130525,   90,    0
 11106, 56859,20130526,   92,    0
 11106, 56859,20130527,  134,    0
 11106, 56859,20130528,  131,    0
 11106, 56859,20130529,  114,    0
 11106, 56859,20130530,  134,    0
 11106, 56859,20130531,  112,    0
 11106, 56859,20130601,   94,    0
 11106, 56859,20130602,   97,    0
 11106, 56859,20130603,  116,    0
 11106, 56859,20130604,  138,    1
 11106, 56859,20130605,  112,    0
 11106, 56859,20130606,  101,    0
 11106, 56859,20130607,  127,    0
 11106, 56859,20130608,  125,    0
 11106, 56859,20130609,  113,    0
 11106, 56859,20130610,  107,    0
 11106, 56859,20130611,  127,    0
 11106, 56859,20130612,  149,    0
 11106, 56859,20130613,  139,    0
 11106, 56859,20130614,  134,    0
 11106, 56859,20130615,  132,    0
 11106, 56859,20130616,  127,    0
 11106, 56859,20130617,  133,    0
 11106, 56859,20130618,  149,    0
 11106, 56859,20130619,  147,    0
 11106, 56859,20130620,  141,    0
 11106, 56859,20130621,  148,    0
 11106, 56859,20130622,  149,    1
 11106, 56859,20130623,  125,    0
 11106, 56859,20130624,  113,    0
 11106, 56859,20130625,  123,    0
 11106, 56859,20130626,  135,    0
 11106, 56859,20130627,  120,    0
 11106, 56859,20130628,  148,    0
 11106, 56859,20130629,  131,    0
 11106, 56859,20130630,  168,    1
 11106, 56859,20130701,  124,    0
 11106, 56859,20130702,  111,    0
 11106, 56859,20130703,  148,    0
 11106, 56859,20130704,  166,    0
 11106, 56859,20130705,  163,    0
 11106, 56859,20130706,  190,    1
 11106, 56859,20130707,  151,    0
 11106, 56859,20130708,  178,    0
 11106, 56859,20130709,  173,    1
 11106, 56859,20130710,  145,    0
 11106, 56859,20130711,  137,    0
 11106, 56859,20130712,  174,    1
 11106, 56859,20130713,  149,    0
 11106, 56859,20130714,  146,    0
 11106, 56859,20130715,  181,    0
 11106, 56859,20130716,  192,    0
 11106, 56859,20130717,  187,    0
 11106, 56859,20130718,  208,    1
 11106, 56859,20130719,  155,    0
 11106, 56859,20130720,  143,    0
 11106, 56859,20130721,  174,    0
 11106, 56859,20130722,  156,    0
 11106, 56859,20130723,  179,    0
 11106, 56859,20130724,  203,    1
 11106, 56859,20130725,  166,    0
 11106, 56859,20130726,  164,    0
 11106, 56859,20130727,  148,    0
 11106, 56859,20130728,  156,    0
 11106, 56859,20130729,  154,    0
 11106, 56859,20130730,  168,    0
 11106, 56859,20130731,  152,    0
 11106, 56859,20130801,  167,    0
 11106, 56859,20130802,  200,    0
 11106, 56859,20130803,  170,    0
 11106, 56859,20130804,  167,    0
 11106, 56859,20130805,  122,    0
 11106, 56859,20130806,  136,    0
 11106, 56859,20130807,  139,    0
 11106, 56859,20130808,  154,    0
 11106, 56859,20130809,  146,    0
 11106, 56859,20130810,  141,    0
 11106, 56859,20130811,  136,    0
 11106, 56859,20130812,  136,    0
 11106, 56859,20130813,  129,    0
 11106, 56859,20130814,  166,    0
 11106, 56859,20130815,  164,    0
 11106, 56859,20130816,  157,    0
 11106, 56859,20130817,  161,    0
 11106, 56859,20130818,  136,    0
 11106, 56859,20130819,  131,    0
 11106, 56859,20130820,  154,    0
 11106, 56859,20130821,  161,    0
 11106, 56859,20130822,  168,    0
 11106, 56859,20130823,  183,    1
 11106, 56859,20130824,  142,    0
 11106, 56859,20130825,  157,    0
 11106, 56859,20130826,  158,    0
 11106, 56859,20130827,  156,    0
 11106, 56859,20130828,  143,    0
 11106, 56859,20130829,  153,    0
 11106, 56859,20130830,  173,    1
 11106, 56859,20130831,  121,    0
 11106, 56859,20130901,  152,    0
 11106, 56859,20130902,  176,    0
 11106, 56859,20130903,  190,    0
 11106, 56859,20130904,  168,    1
 11106, 56859,20130905,  132,    0
 11106, 56859,20130906,  109,    0
 11106, 56859,20130907,  143,    0
 11106, 56859,20130908,  116,    0
 11106, 56859,20130909,   94,    0
 11106, 56859,20130910,  128,    0
 11106, 56859,20130911,  139,    0
 11106, 56859,20130912,  134,    1
 11106, 56859,20130913,   95,    0
 11106, 56859,20130914,  104,    0
 11106, 56859,20130915,  122,    0
 11106, 56859,20130916,   89,    0
 11106, 56859,20130917,  107,    0
 11106, 56859,20130918,   98,    0
 11106, 56859,20130919,   88,    0
 11106, 56859,20130920,  124,    0
 11106, 56859,20130921,  146,    0
 11106, 56859,20130922,  175,    0
 11106, 56859,20130923,  154,    1
 11106, 56859,20130924,  120,    0
 11106, 56859,20130925,  116,    0
 11106, 56859,20130926,   91,    0
 11106, 56859,20130927,  123,    0
 11106, 56859,20130928,  149,    0
 11106, 56859,20130929,  139,    0
 11106, 56859,20130930,  128,    0
 11106, 56859,20131001,  120,    0
 11106, 56859,20131002,  132,    0
 11106, 56859,20131003,  150,    0
 11106, 56859,20131004,  150,    0
 11106, 56859,20131005,  122,    0
 11106, 56859,20131006,  156,    0
 11106, 56859,20131007,  171,    1
 11106, 56859,20131008,  141,    1
 11106, 56859,20131009,   73,    0
 11106, 56859,20131010,   82,    0
 11106, 56859,20131011,   65,    0
 11106, 56859,20131012,   70,    0
 11106, 56859,20131013,   80,    0
 11106, 56859,20131014,  110,    0
 11106, 56859,20131015,   75,    0
 11106, 56859,20131016,   60,    0
 11106, 56859,20131017,   87,    0
 11106, 56859,20131018,   99,    0
 11106, 56859,20131019,  117,    0
 11106, 56859,20131020,  101,    0
 11106, 56859,20131021,  118,    0
 11106, 56859,20131022,  112,    0
 11106, 56859,20131023,  127,    1
 11106, 56859,20131024,   90,    0
 11106, 56859,20131025,   81,    0
 11106, 56859,20131026,  104,    0
 11106, 56859,20131027,   93,    0
 11106, 56859,20131028,   73,    0
 11106, 56859,20131029,   76,    0
 11106, 56859,20131030,   69,    0
 11106, 56859,20131031,   67,    0
 11106, 56859,20131101,   69,    0
 11106, 56859,20131102,   50,    0
 11106, 56859,20131103,   61,    0
 11106, 56859,20131104,   66,    0
 11106, 56859,20131105,   28,    0
 11106, 56859,20131106,   48,    0
 11106, 56859,20131107,   47,    0
 11106, 56859,20131108,   64,    0
 11106, 56859,20131109,   25,    0
 11106, 56859,20131110,   54,    0
 11106, 56859,20131111,   69,    0
 11106, 56859,20131112,   57,    0
 11106, 56859,20131113,   68,    0
 11106, 56859,20131114,   82,    0
 11106, 56859,20131115,   89,    0
 11106, 56859,20131116,  121,    1
 11106, 56859,20131117,   44,    0
 11106, 56859,20131118,   38,    0
 11106, 56859,20131119,   28,    0
 11106, 56859,20131120,   43,    0
 11106, 56859,20131121,   46,    0
 11106, 56859,20131122,   22,    0
 11106, 56859,20131123,   52,    0
 11106, 56859,20131124,   59,    0
 11106, 56859,20131125,   23,    0
 11106, 56859,20131126,   54,    0
 11106, 56859,20131127,  100,    1
 11106, 56859,20131128,   72,    0
 11106, 56859,20131129,   68,    0
 11106, 56859,20131130,   72,    0
 11106, 56859,20131201,   77,    0
 11106, 56859,20131202,   55,    0
 11106, 56859,20131203,   58,    0
 11106, 56859,20131204,   48,    0
 11106, 56859,20131205,   36,    1
 11106, 56859,20131206,    9,    0
 11106, 56859,20131207,   43,    0
 11106, 56859,20131208,   66,    0
 11106, 56859,20131209,  111,    0
 11106, 56859,20131210,  107,    0
 11106, 56859,20131211,  117,    0
 11106, 56859,20131212,  116,    0
 11106, 56859,20131213,  113,    0
 11106, 56859,20131214,   79,    0
 11106, 56859,20131215,   64,    1
 11106, 56859,20131216,   36,    0
 11106, 56859,20131217,   55,    0
 11106, 56859,20131218,   75,    1
 11106, 56859,20131219,   25,    0
 11106, 56859,20131220,   60,    0
 11106, 56859,20131221,   52,    1
 11106, 56859,20131222,   40,    0
 11106, 56859,20131223,   42,    0
 11106, 56859,20131224,   35,    0
 11106, 56859,20131225,   46,    0
 11106, 56859,20131226,   46,    0
 11106, 56859,20131227,   39,    0
 11106, 56859,20131228,   57,    0
 11106, 56859,20131229,   38,    0
 11106, 56859,20131230,   33,    0
 11106, 56859,20131231,   36,    0
 11106, 56859,20140101,   51,    0
 11106, 56859,20140102,   58,    0
 11106, 56859,20140103,   53,    0
 11106, 56859,20140104,   55,    0
 11106, 56859,20140105,   16,    0
 11106, 56859,20140106,   37,    0
 11106, 56859,20140107,   69,    0
 11106, 56859,20140108,   63,    0
 11106, 56859,20140109,   44,    0
 11106, 56859,20140110,   49,    0
 11106, 56859,20140111,   21,    0
 11106, 56859,20140112,   14,    0
 11106, 56859,20140113,   25,    0
 11106, 56859,20140114,   22,    0
 11106, 56859,20140115,   42,    0
 11106, 56859,20140116,   44,    0
 11106, 56859,20140117,   45,    0
 11106, 56859,20140118,   40,    0
 11106, 56859,20140119,   60,    0
 11106, 56859,20140120,   43,    0
 11106, 56859,20140121,   29,    0
 11106, 56859,20140122,   64,    1
 11106, 56859,20140123,   35,    0
 11106, 56859,20140124,   30,    0
 11106, 56859,20140125,   46,    0
 11106, 56859,20140126,   32,    0
 11106, 56859,20140127,   38,    0
 11106, 56859,20140128,   50,    0
 11106, 56859,20140129,   39,    0
 11106, 56859,20140130,   29,    0
 11106, 56859,20140131,   33,    0
 11106, 56859,20140201,   42,    0
 11106, 56859,20140202,   53,    0
 11106, 56859,20140203,   50,    0
 11106, 56859,20140204,   63,    0
 11106, 56859,20140205,   45,    0
 11106, 56859,20140206,   50,    0
 11106, 56859,20140207,   33,    0
 11106, 56859,20140208,   36,    0
 11106, 56859,20140209,   48,    0
 11106, 56859,20140210,   57,    0
 11106, 56859,20140211,   21,    0
 11106, 56859,20140212,   17,    0
 11106, 56859,20140213,   31,    0
 11106, 56859,20140214,   39,    0
 11106, 56859,20140215,   39,    0
 11106, 56859,20140216,   45,    0
 11106, 56859,20140217,   13,    0
 11106, 56859,20140218,   38,    0
 11106, 56859,20140219,   63,    0
 11106, 56859,20140220,   79,    0
 11106, 56859,20140221,   54,    0
 11106, 56859,20140222,   73,    0
 11106, 56859,20140223,   97,    0
 11106, 56859,20140224,   69,    0
 11106, 56859,20140225,   77,    0
 11106, 56859,20140226,   75,    0
 11106, 56859,20140227,   71,    0
 11106, 56859,20140228,   36,    0
 11106, 56859,20140301,   44,    0
 11106, 56859,20140302,   55,    0
 11106, 56859,20140303,   58,    0
 11106, 56859,20140304,   29,    0
 11106, 56859,20140305,   66,    0
 11106, 56859,20140306,   83,    1
 11106, 56859,20140307,   47,    0
 11106, 56859,20140308,   69,    0
 11106, 56859,20140309,   88,    0
 11106, 56859,20140310,   50,    0
 11106, 56859,20140311,   70,    0
 11106, 56859,20140312,   56,    0
 11106, 56859,20140313,   79,    0
 11106, 56859,20140314,   75,    0
 11106, 56859,20140315,   92,    0
 11106, 56859,20140316,  111,    0
 11106, 56859,20140317,  111,    0
 11106, 56859,20140318,   88,    0
 11106, 56859,20140319,  109,    1
 11106, 56859,20140320,   85,    0
 11106, 56859,20140321,   59,    0
 11106, 56859,20140322,   33,    0
 11106, 56859,20140323,   47,    0
 11106, 56859,20140324,   52,    0
 11106, 56859,20140325,   83,    0
 11106, 56859,20140326,   51,    0
 11106, 56859,20140327,   75,    0
 11106, 56859,20140328,   60,    0
 11106, 56859,20140329,   84,    0
 11106, 56859,20140330,   80,    0
 11106, 56859,20140331,   80,    0
 11106, 56859,20140401,   70,    0
 11106, 56859,20140402,   72,    0
 11106, 56859,20140403,   72,    0
 11106, 56859,20140404,   82,    0
 11106, 56859,20140405,   85,    0
 11106, 56859,20140406,  136,    1
 11106, 56859,20140407,   82,    0
 11106, 56859,20140408,   80,    0
 11106, 56859,20140409,  103,    0
 11106, 56859,20140410,   94,    0
 11106, 56859,20140411,   73,    0
 11106, 56859,20140412,  103,    0
 11106, 56859,20140413,   95,    0
 11106, 56859,20140414,   78,    0
 11106, 56859,20140415,   66,    0
 11106, 56859,20140416,  116,    1
 11106, 56859,20140417,   77,    0
 11106, 56859,20140418,   56,    0
 11106, 56859,20140419,   96,    0
 11106, 56859,20140420,   76,    0
 11106, 56859,20140421,   85,    0
 11106, 56859,20140422,   99,    0
 11106, 56859,20140423,  128,    0
 11106, 56859,20140424,  126,    1
 11106, 56859,20140425,   71,    0
 11106, 56859,20140426,  109,    1
 11106, 56859,20140427,   88,    0
 11106, 56859,20140428,   87,    0
 11106, 56859,20140429,   64,    0
 11106, 56859,20140430,   68,    0
 11106, 56859,20140501,   61,    0
 11106, 56859,20140502,   46,    0
 11106, 56859,20140503,   63,    0
 11106, 56859,20140504,  123,    0
 11106, 56859,20140505,  138,    0
 11106, 56859,20140506,  129,    0
 11106, 56859,20140507,  107,    0
 11106, 56859,20140508,  107,    0
 11106, 56859,20140509,  103,    0
 11106, 56859,20140510,  102,    0
 11106, 56859,20140511,  105,    0
 11106, 56859,20140512,   90,    0
 11106, 56859,20140513,   71,    0
 11106, 56859,20140514,   84,    0
 11106, 56859,20140515,  128,    0
 11106, 56859,20140516,  140,    0
 11106, 56859,20140517,  112,    0
 11106, 56859,20140518,  133,    0
 11106, 56859,20140519,  150,    0
 11106, 56859,20140520,  160,    1
 11106, 56859,20140521,  112,    1
 11106, 56859,20140522,   88,    0
 11106, 56859,20140523,   97,    0
 11106, 56859,20140524,  110,    0
 11106, 56859,20140525,  109,    0
 11106, 56859,20140526,  138,    0
 11106, 56859,20140527,  131,    0
 11106, 56859,20140528,  118,    0
 11106, 56859,20140529,  126,    0
 11106, 56859,20140530,   91,    0
 11106, 56859,20140531,  119,    0
 11106, 56859,20140601,  138,    0
 11106, 56859,20140602,  168,    1
 11106, 56859,20140603,  133,    1
 11106, 56859,20140604,   96,    0
 11106, 56859,20140605,  122,    0
 11106, 56859,20140606,  142,    0
 11106, 56859,20140607,  143,    0
 11106, 56859,20140608,  154,    0
 11106, 56859,20140609,  147,    0
 11106, 56859,20140610,  154,    0
 11106, 56859,20140611,  142,    0
 11106, 56859,20140612,  150,    0
 11106, 56859,20140613,  153,    0
 11106, 56859,20140614,  158,    0
 11106, 56859,20140615,  140,    0
 11106, 56859,20140616,  153,    0
 11106, 56859,20140617,  178,    0
 11106, 56859,20140618,  175,    1
 11106, 56859,20140619,  146,    0
 11106, 56859,20140620,  141,    0
 11106, 56859,20140621,  146,    0
 11106, 56859,20140622,  144,    0
 11106, 56859,20140623,  148,    0
 11106, 56859,20140624,  134,    0
 11106, 56859,20140625,  102,    0
 11106, 56859,20140626,  122,    0
 11106, 56859,20140627,  118,    0
 11106, 56859,20140628,  122,    0
 11106, 56859,20140629,  126,    0
 11106, 56859,20140630,  127,    0
 11106, 56859,20140701,  138,    0
 11106, 56859,20140702,  152,    0
 11106, 56859,20140703,  149,    0
 11106, 56859,20140704,  173,    0
 11106, 56859,20140705,  137,    0
 11106, 56859,20140706,  135,    0
 11106, 56859,20140707,  125,    0
 11106, 56859,20140708,  135,    0
 11106, 56859,20140709,  135,    0
 11106, 56859,20140710,  125,    0
 11106, 56859,20140711,  148,    0
 11106, 56859,20140712,  174,    0
 11106, 56859,20140713,  168,    0
 11106, 56859,20140714,  161,    0
 11106, 56859,20140715,  159,    0
 11106, 56859,20140716,  175,    0
 11106, 56859,20140717,  170,    0
 11106, 56859,20140718,  180,    1
 11106, 56859,20140719,  161,    0
 11106, 56859,20140720,  164,    0
 11106, 56859,20140721,  180,    0
 11106, 56859,20140722,  167,    0
 11106, 56859,20140723,  172,    0
 11106, 56859,20140724,  182,    0
 11106, 56859,20140725,  164,    0
 11106, 56859,20140726,  186,    0
 11106, 56859,20140727,  157,    0
 11106, 56859,20140728,  151,    0
 11106, 56859,20140729,  168,    0
 11106, 56859,20140730,  167,    0
 11106, 56859,20140731,  146,    0
 11106, 56859,20140801,  139,    0
 11106, 56859,20140802,  135,    0
 11106, 56859,20140803,  183,    0
 11106, 56859,20140804,  162,    0
 11106, 56859,20140805,  147,    0
 11106, 56859,20140806,  156,    0
 11106, 56859,20140807,  154,    0
 11106, 56859,20140808,  161,    0
 11106, 56859,20140809,  142,    0
 11106, 56859,20140810,  124,    0
 11106, 56859,20140811,  125,    0
 11106, 56859,20140812,  136,    0
 11106, 56859,20140813,  139,    0
 11106, 56859,20140814,  142,    0
 11106, 56859,20140815,  139,    0
 11106, 56859,20140816,  145,    0
 11106, 56859,20140817,  126,    0
 11106, 56859,20140818,  123,    0
 11106, 56859,20140819,  121,    0
 11106, 56859,20140820,  118,    0
 11106, 56859,20140821,  107,    0
 11106, 56859,20140822,  113,    0
 11106, 56859,20140823,  116,    0
 11106, 56859,20140824,  104,    0
 11106, 56859,20140825,  106,    0
 11106, 56859,20140826,   88,    0
 11106, 56859,20140827,  113,    0
 11106, 56859,20140828,  155,    0
 11106, 56859,20140829,  139,    0
 11106, 56859,20140830,  131,    0
 11106, 56859,20140831,  168,    0
 11106, 56859,20140901,  149,    0
 11106, 56859,20140902,  146,    0
 11106, 56859,20140903,  143,    0
 11106, 56859,20140904,  189,    1
 11106, 56859,20140905,  143,    0
 11106, 56859,20140906,  104,    0
 11106, 56859,20140907,  112,    0
 11106, 56859,20140908,  128,    0
 11106, 56859,20140909,  126,    0
 11106, 56859,20140910,  147,    0
 11106, 56859,20140911,  151,    1
 11106, 56859,20140912,  117,    0
 11106, 56859,20140913,  127,    0
 11106, 56859,20140914,  145,    0
 11106, 56859,20140915,  139,    0
 11106, 56859,20140916,  163,    1
 11106, 56859,20140917,  103,    0
 11106, 56859,20140918,  157,    0
 11106, 56859,20140919,  129,    0
 11106, 56859,20140920,  135,    0
 11106, 56859,20140921,  128,    0
 11106, 56859,20140922,  118,    0
 11106, 56859,20140923,  122,    0
 11106, 56859,20140924,  125,    0
 11106, 56859,20140925,  145,    0
 11106, 56859,20140926,  133,    0
 11106, 56859,20140927,  129,    0
 11106, 56859,20140928,  142,    0
 11106, 56859,20140929,  133,    0
 11106, 56859,20140930,  154,    1
 11106, 56859,20141001,  123,    0
 11106, 56859,20141002,  113,    0
 11106, 56859,20141003,  135,    1
 11106, 56859,20141004,  100,    0
 11106, 56859,20141005,   93,    0
 11106, 56859,20141006,  118,    0
 11106, 56859,20141007,   91,    0
 11106, 56859,20141008,  108,    0
 11106, 56859,20141009,   90,    0
 11106, 56859,20141010,  101,    0
 11106, 56859,20141011,   98,    0
 11106, 56859,20141012,   84,    0
 11106, 56859,20141013,   78,    0
 11106, 56859,20141014,   89,    0
 11106, 56859,20141015,   69,    0
 11106, 56859,20141016,   79,    0
 11106, 56859,20141017,  136,    0
 11106, 56859,20141018,  156,    0
 11106, 56859,20141019,  130,    0
 11106, 56859,20141020,  111,    1
 11106, 56859,20141021,   85,    0
 11106, 56859,20141022,   99,    0
 11106, 56859,20141023,  121,    1
 11106, 56859,20141024,   91,    0
 11106, 56859,20141025,  100,    0
 11106, 56859,20141026,  126,    0
 11106, 56859,20141027,  126,    1
 11106, 56859,20141028,   92,    0
 11106, 56859,20141029,   65,    0
 11106, 56859,20141030,   89,    0
 11106, 56859,20141031,  133,    1
 11106, 56859,20141101,  103,    0
 11106, 56859,20141102,   98,    1
 11106, 56859,20141103,   49,    0
 11106, 56859,20141104,   72,    0
 11106, 56859,20141105,   73,    0
 11106, 56859,20141106,   69,    0
 11106, 56859,20141107,   84,    0
 11106, 56859,20141108,   72,    0
 11106, 56859,20141109,   74,    0
 11106, 56859,20141110,   39,    0
 11106, 56859,20141111,   56,    0
 11106, 56859,20141112,  117,    0
 11106, 56859,20141113,  116,    0
 11106, 56859,20141114,  106,    1
 11106, 56859,20141115,   62,    0
 11106, 56859,20141116,   66,    0
 11106, 56859,20141117,   85,    0
 11106, 56859,20141118,   92,    0
 11106, 56859,20141119,   83,    0
 11106, 56859,20141120,   70,    0
 11106, 56859,20141121,   85,    0
 11106, 56859,20141122,  100,    1
 11106, 56859,20141123,   51,    0
 11106, 56859,20141124,   61,    0
 11106, 56859,20141125,   25,    0
 11106, 56859,20141126,   25,    0
 11106, 56859,20141127,   51,    0
 11106, 56859,20141128,   79,    0
 11106, 56859,20141129,   94,    0
 11106, 56859,20141130,   83,    0
 11106, 56859,20141201,   69,    1
 11106, 56859,20141202,   31,    0
 11106, 56859,20141203,   60,    0
 11106, 56859,20141204,   43,    0
 11106, 56859,20141205,   45,    0
 11106, 56859,20141206,   55,    1
 11106, 56859,20141207,   32,    0
 11106, 56859,20141208,   39,    0
 11106, 56859,20141209,   46,    1
 11106, 56859,20141210,   25,    0
 11106, 56859,20141211,   19,    0
 11106, 56859,20141212,   31,    0
 11106, 56859,20141213,   40,    0
 11106, 56859,20141214,   43,    1
 11106, 56859,20141215,   27,    0
 11106, 56859,20141216,   50,    0
 11106, 56859,20141217,   42,    0
 11106, 56859,20141218,   56,    0
 11106, 56859,20141219,   42,    0
 11106, 56859,20141220,   55,    0
 11106, 56859,20141221,   66,    0
 11106, 56859,20141222,   56,    1
 11106, 56859,20141223,   36,    0
 11106, 56859,20141224,   35,    1
 11106, 56859,20141225,    2,    0
 11106, 56859,20141226,  -17,    0
 11106, 56859,20141227,   -7,    0
 11106, 56859,20141228,   26,    0
 11106, 56859,20141229,   37,    0
 11106, 56859,20141230,   40,    0
 11106, 56859,20141231,   72,    0
 11106, 56859,20150101,  100,    1
 11106, 56859,20150102,   26,    0
 11106, 56859,20150103,   25,    0
 11106, 56859,20150104,   51,    0
 11106, 56859,20150105,   59,    0
 11106, 56859,20150106,   61,    0
 11106, 56859,20150107,   57,    0
 11106, 56859,20150108,   49,    0
 11106, 56859,20150109,   64,    1
 11106, 56859,20150110,   42,    0
 11106, 56859,20150111,   47,    0
 11106, 56859,20150112,   33,    1
 11106, 56859,20150113,    8,    0
 11106, 56859,20150114,   29,    0
 11106, 56859,20150115,   38,    1
 11106, 56859,20150116,   13,    0
 11106, 56859,20150117,   20,    0
 11106, 56859,20150118,   20,    0
 11106, 56859,20150119,   -6,    0
 11106, 56859,20150120,   -7,    0
 11106, 56859,20150121,   18,    0
 11106, 56859,20150122,    3,    0
 11106, 56859,20150123,   29,    0
 11106, 56859,20150124,   43,    0
 11106, 56859,20150125,   59,    0
 11106, 56859,20150126,   43,    0
 11106, 56859,20150127,   55,    1
 11106, 56859,20150128,   26,    0
 11106, 56859,20150129,   17,    0
 11106, 56859,20150130,   25,    0
 11106, 56859,20150131,   36,    1
 11106, 56859,20150201,   24,    0
 11106, 56859,20150202,   23,    0
 11106, 56859,20150203,   16,    0
 11106, 56859,20150204,   27,    0
 11106, 56859,20150205,   42,    0
 11106, 56859,20150206,   50,    0
 11106, 56859,20150207,   46,    0
 11106, 56859,20150208,   65,    0
 11106, 56859,20150209,   71,    0
 11106, 56859,20150210,   57,    0
 11106, 56859,20150211,   19,    0
 11106, 56859,20150212,   44,    0
 11106, 56859,20150213,   36,    0
 11106, 56859,20150214,   28,    0
 11106, 56859,20150215,   51,    0
 11106, 56859,20150216,   62,    0
 11106, 56859,20150217,   57,    0
 11106, 56859,20150218,   97,    1
 11106, 56859,20150219,   71,    1
 11106, 56859,20150220,   39,    0
 11106, 56859,20150221,   25,    0
 11106, 56859,20150222,   27,    0
 11106, 56859,20150223,   33,    0
 11106, 56859,20150224,   41,    0
 11106, 56859,20150225,   51,    0
 11106, 56859,20150226,   52,    0
 11106, 56859,20150227,   41,    0
 11106, 56859,20150228,   69,    0
 11106, 56859,20150301,   46,    0
 11106, 56859,20150302,   24,    0
 11106, 56859,20150303,   17,    0
 11106, 56859,20150304,   54,    0
 11106, 56859,20150305,   83,    0
 11106, 56859,20150306,   75,    0
 11106, 56859,20150307,  119,    1
 11106, 56859,20150308,   76,    0
 11106, 56859,20150309,   64,    0
 11106, 56859,20150310,   66,    0
 11106, 56859,20150311,   34,    0
 11106, 56859,20150312,   54,    0
 11106, 56859,20150313,   58,    0
 11106, 56859,20150314,   53,    0
 11106, 56859,20150315,   38,    0
 11106, 56859,20150316,   50,    0
 11106, 56859,20150317,   62,    0
 11106, 56859,20150318,   47,    0
 11106, 56859,20150319,   69,    0
 11106, 56859,20150320,   87,    1
 11106, 56859,20150321,   66,    0
 11106, 56859,20150322,   69,    0
 11106, 56859,20150323,   84,    1
 11106, 56859,20150324,   35,    0
 11106, 56859,20150325,   59,    0
 11106, 56859,20150326,   54,    0
 11106, 56859,20150327,   65,    0
 11106, 56859,20150328,   94,    0
 11106, 56859,20150329,   55,    0
 11106, 56859,20150330,   49,    0
 11106, 56859,20150331,   45,    0
 11106, 56859,20150401,   36,    0
 11106, 56859,20150402,   49,    0
 11106, 56859,20150403,   67,    0
 11106, 56859,20150404,   90,    0
 11106, 56859,20150405,  101,    0
 11106, 56859,20150406,   89,    0
 11106, 56859,20150407,   86,    0
 11106, 56859,20150408,  125,    0
 11106, 56859,20150409,  116,    0
 11106, 56859,20150410,  111,    1
 11106, 56859,20150411,   71,    0
 11106, 56859,20150412,   60,    0
 11106, 56859,20150413,   64,    0
 11106, 56859,20150414,  114,    1
 11106, 56859,20150415,   79,    0
 11106, 56859,20150416,   68,    0
 11106, 56859,20150417,   76,    0
 11106, 56859,20150418,   58,    0
 11106, 56859,20150419,   50,    0
 11106, 56859,20150420,   73,    0
 11106, 56859,20150421,   94,    0
 11106, 56859,20150422,  119,    0
 11106, 56859,20150423,   99,    0
 11106, 56859,20150424,  103,    1
 11106, 56859,20150425,   67,    1
 11106, 56859,20150426,   49,    0
 11106, 56859,20150427,   40,    0
 11106, 56859,20150428,   34,    0
 11106, 56859,20150429,   51,    0
 11106, 56859,20150430,   75,    0
 11106, 56859,20150501,   61,    0
 11106, 56859,20150502,   40,    0
 11106, 56859,20150503,   82,    0
 11106, 56859,20150504,   84,    0
 11106, 56859,20150505,   90,    0
 11106, 56859,20150506,   68,    0
 11106, 56859,20150507,   66,    0
 11106, 56859,20150508,   48,    0
 11106, 56859,20150509,   71,    0
 11106, 56859,20150510,  105,    0
 11106, 56859,20150511,  128,    0
 11106, 56859,20150512,  113,    1
 11106, 56859,20150513,   89,    0
 11106, 56859,20150514,   71,    0
 11106, 56859,20150515,   61,    0
 11106, 56859,20150516,   82,    0
 11106, 56859,20150517,   89,    0
 11106, 56859,20150518,   77,    0
 11106, 56859,20150519,   79,    0
 11106, 56859,20150520,  110,    0
 11106, 56859,20150521,  118,    0
 11106, 56859,20150522,  119,    0
 11106, 56859,20150523,  102,    0
 11106, 56859,20150524,  113,    0
 11106, 56859,20150525,   99,    0
 11106, 56859,20150526,  104,    0
 11106, 56859,20150527,  103,    0
 11106, 56859,20150528,   91,    0
 11106, 56859,20150529,   72,    0
 11106, 56859,20150530,   94,    0
 11106, 56859,20150531,   94,    0
 11106, 56859,20150601,   80,    0
 11106, 56859,20150602,   73,    0
 11106, 56859,20150603,   92,    0
 11106, 56859,20150604,   83,    0
 11106, 56859,20150605,  138,    0
 11106, 56859,20150606,  122,    1
 11106, 56859,20150607,  103,    0
 11106, 56859,20150608,   84,    0
 11106, 56859,20150609,  126,    0
 11106, 56859,20150610,  131,    0
 11106, 56859,20150611,  107,    0
 11106, 56859,20150612,  107,    1
 11106, 56859,20150613,   86,    0
 11106, 56859,20150614,   97,    0
 11106, 56859,20150615,   96,    0
 11106, 56859,20150616,  115,    0
 11106, 56859,20150617,  140,    1
 11106, 56859,20150618,  101,    0
 11106, 56859,20150619,  107,    0
 11106, 56859,20150620,  132,    0
 11106, 56859,20150621,  118,    0
 11106, 56859,20150622,  108,    0
 11106, 56859,20150623,  104,    0
 11106, 56859,20150624,  109,    0
 11106, 56859,20150625,  130,    0
 11106, 56859,20150626,  158,    0
 11106, 56859,20150627,  140,    0
 11106, 56859,20150628,  170,    0
 11106, 56859,20150629,  148,    0
 11106, 56859,20150630,  205,    0
 11106, 56859,20150701,  225,    0
 11106, 56859,20150702,  200,    0
 11106, 56859,20150703,  160,    0
 11106, 56859,20150704,  156,    0
 11106, 56859,20150705,  130,    0
 11106, 56859,20150706,  150,    0
 11106, 56859,20150707,  151,    1
 11106, 56859,20150708,  117,    0
 11106, 56859,20150709,  118,    0
 11106, 56859,20150710,  149,    0
 11106, 56859,20150711,  160,    0
 11106, 56859,20150712,  147,    0
 11106, 56859,20150713,  134,    0
 11106, 56859,20150714,  139,    0
 11106, 56859,20150715,  135,    0
 11106, 56859,20150716,  132,    0
 11106, 56859,20150717,  158,    0
 11106, 56859,20150718,  139,    0
 11106, 56859,20150719,  110,    0
 11106, 56859,20150720,  139,    0
 11106, 56859,20150721,  138,    0
 11106, 56859,20150722,  127,    0
 11106, 56859,20150723,  133,    0
 11106, 56859,20150724,  122,    0
 11106, 56859,20150725,  123,    0
 11106, 56859,20150726,  123,    0
 11106, 56859,20150727,  122,    0
 11106, 56859,20150728,  124,    0
 11106, 56859,20150729,  125,    0
 11106, 56859,20150730,  123,    0
 11106, 56859,20150731,  129,    0
 11106, 56859,20150801,  127,    0
 11106, 56859,20150802,  126,    0
 11106, 56859,20150803,  179,    0
 11106, 56859,20150804,  161,    0
 11106, 56859,20150805,  155,    0
 11106, 56859,20150806,  157,    0
 11106, 56859,20150807,  118,    0
 11106, 56859,20150808,  148,    0
 11106, 56859,20150809,  165,    0
 11106, 56859,20150810,  154,    0
 11106, 56859,20150811,  135,    0
 11106, 56859,20150812,  148,    0
 11106, 56859,20150813,  137,    0
 11106, 56859,20150814,  145,    0
 11106, 56859,20150815,  129,    0
 11106, 56859,20150816,  116,    0
 11106, 56859,20150817,  102,    0
 11106, 56859,20150818,  132,    0
 11106, 56859,20150819,  181,    0
 11106, 56859,20150820,  182,    0
 11106, 56859,20150821,  194,    0
 11106, 56859,20150822,  164,    0
 11106, 56859,20150823,  187,    1
 11106, 56859,20150824,  165,    1
 11106, 56859,20150825,  130,    0
 11106, 56859,20150826,  119,    0
 11106, 56859,20150827,  132,    0
 11106, 56859,20150828,  141,    0
 11106, 56859,20150829,  148,    0
 11106, 56859,20150830,  147,    0
 11106, 56859,20150831,  139,    0
 11106, 56859,20150901,  123,    0
 11106, 56859,20150902,  112,    0
 11106, 56859,20150903,  111,    0
 11106, 56859,20150904,  119,    0
 11106, 56859,20150905,  115,    0
 11106, 56859,20150906,  131,    0
 11106, 56859,20150907,  115,    0
 11106, 56859,20150908,  128,    0
 11106, 56859,20150909,  140,    0
 11106, 56859,20150910,  138,    0
 11106, 56859,20150911,  141,    0
 11106, 56859,20150912,  139,    0
 11106, 56859,20150913,  127,    0
 11106, 56859,20150914,   95,    0
 11106, 56859,20150915,  118,    0
 11106, 56859,20150916,  117,    0
 11106, 56859,20150917,  124,    0
 11106, 56859,20150918,  128,    0
 11106, 56859,20150919,  101,    0
 11106, 56859,20150920,  143,    1
 11106, 56859,20150921,  125,    0
 11106, 56859,20150922,  128,    0
 11106, 56859,20150923,  113,    0
 11106, 56859,20150924,  100,    0
 11106, 56859,20150925,  115,    0
 11106, 56859,20150926,  113,    0
 11106, 56859,20150927,  120,    0
 11106, 56859,20150928,  134,    0
 11106, 56859,20150929,  138,    0
 11106, 56859,20150930,  110,    0
 11106, 56859,20151001,  102,    0
 11106, 56859,20151002,  115,    0
 11106, 56859,20151003,  118,    0
 11106, 56859,20151004,  113,    0
 11106, 56859,20151005,  101,    0
 11106, 56859,20151006,  120,    1
 11106, 56859,20151007,  105,    0
 11106, 56859,20151008,   88,    0
 11106, 56859,20151009,  108,    0
 11106, 56859,20151010,  125,    0
 11106, 56859,20151011,  112,    0
 11106, 56859,20151012,   84,    0
 11106, 56859,20151013,   83,    0
 11106, 56859,20151014,   94,    0
 11106, 56859,20151015,   91,    0
 11106, 56859,20151016,   70,    0
 11106, 56859,20151017,   49,    0
 11106, 56859,20151018,   67,    0
 11106, 56859,20151019,  109,    0
 11106, 56859,20151020,  101,    0
 11106, 56859,20151021,  136,    1
 11106, 56859,20151022,  117,    0
 11106, 56859,20151023,  114,    1
 11106, 56859,20151024,   83,    0
 11106, 56859,20151025,   67,    0
 11106, 56859,20151026,   89,    0
 11106, 56859,20151027,  104,    0
 11106, 56859,20151028,  128,    0
 11106, 56859,20151029,  121,    0
 11106, 56859,20151030,  105,    0
 11106, 56859,20151031,  118,    0
 11106, 56859,20151101,  109,    0
 11106, 56859,20151102,  109,    0
 11106, 56859,20151103,   99,    0
 11106, 56859,20151104,   60,    0
 11106, 56859,20151105,   88,    0
 11106, 56859,20151106,  101,    0
 11106, 56859,20151107,   78,    0
 11106, 56859,20151108,   81,    0
 11106, 56859,20151109,   89,    0
 11106, 56859,20151110,   98,    0
 11106, 56859,20151111,   90,    0
 11106, 56859,20151112,   88,    1
 11106, 56859,20151113,   55,    0
 11106, 56859,20151114,   52,    0
 11106, 56859,20151115,   77,    0
 11106, 56859,20151116,   59,    0
 11106, 56859,20151117,   64,    0
 11106, 56859,20151118,   67,    0
 11106, 56859,20151119,   67,    1
 11106, 56859,20151120,   43,    0
 11106, 56859,20151121,   38,    0
 11106, 56859,20151122,   38,    0
 11106, 56859,20151123,   54,    0
 11106, 56859,20151124,   59,    0
 11106, 56859,20151125,   71,    0
 11106, 56859,20151126,   96,    0
 11106, 56859,20151127,  104,    1
 11106, 56859,20151128,   30,    0
 11106, 56859,20151129,   21,    0
 11106, 56859,20151130,   19,    0
 11106, 56859,20151201,   54,    0
 11106, 56859,20151202,   70,    1
 11106, 56859,20151203,   30,    0
 11106, 56859,20151204,   69,    0
 11106, 56859,20151205,   62,    1
 11106, 56859,20151206,   47,    0
 11106, 56859,20151207,   86,    0
 11106, 56859,20151208,   83,    0
 11106, 56859,20151209,   71,    1
 11106, 56859,20151210,   32,    0
 11106, 56859,20151211,   25,    0
 11106, 56859,20151212,   27,    1
 11106, 56859,20151213,   -1,    0
 11106, 56859,20151214,   15,    0
 11106, 56859,20151215,   43,    0
 11106, 56859,20151216,   96,    0
 11106, 56859,20151217,  110,    0
 11106, 56859,20151218,  121,    0
 11106, 56859,20151219,  121,    1
 11106, 56859,20151220,   81,    0
 11106, 56859,20151221,   80,    0
 11106, 56859,20151222,   61,    0
 11106, 56859,20151223,   75,    0
 11106, 56859,20151224,   56,    0
 11106, 56859,20151225,   43,    0
 11106, 56859,20151226,   32,    0
 11106, 56859,20151227,   62,    0
 11106, 56859,20151228,   63,    0
 11106, 56859,20151229,  101,    0
 11106, 56859,20151230,   91,    1
 11106, 56859,20151231,   21,    0
 11106, 56859,20160101,   35,    0
 11106, 56859,20160102,   44,    0
 11106, 56859,20160103,   66,    1
 11106, 56859,20160104,   52,    0
 11106, 56859,20160105,   45,    0
 11106, 56859,20160106,   54,    0
 11106, 56859,20160107,   54,    0
 11106, 56859,20160108,   35,    0
 11106, 56859,20160109,   35,    0
 11106, 56859,20160110,   39,    0
 11106, 56859,20160111,   33,    0
 11106, 56859,20160112,   34,    1
 11106, 56859,20160113,   14,    0
 11106, 56859,20160114,   -4,    0
 11106, 56859,20160115,   16,    1
 11106, 56859,20160116,   -6,    0
 11106, 56859,20160117,  -12,    0
 11106, 56859,20160118,   -8,    0
 11106, 56859,20160119,    2,    0
 11106, 56859,20160120,    8,    0
 11106, 56859,20160121,   42,    0
 11106, 56859,20160122,   70,    0
 11106, 56859,20160123,   86,    0
 11106, 56859,20160124,  104,    0
 11106, 56859,20160125,  124,    0
 11106, 56859,20160126,   85,    1
 11106, 56859,20160127,   34,    0
 11106, 56859,20160128,   54,    0
 11106, 56859,20160129,   49,    1
 11106, 56859,20160130,   18,    0
 11106, 56859,20160131,   52,    0
 11106, 56859,20160201,   51,    0
 11106, 56859,20160202,   50,    0
 11106, 56859,20160203,   38,    0
 11106, 56859,20160204,   52,    0
 11106, 56859,20160205,   59,    0
 11106, 56859,20160206,   32,    0
 11106, 56859,20160207,   44,    0
 11106, 56859,20160208,   29,    0
 11106, 56859,20160209,   33,    0
 11106, 56859,20160210,   41,    0
 11106, 56859,20160211,   36,    0
 11106, 56859,20160212,    6,    0
 11106, 56859,20160213,   12,    0
 11106, 56859,20160214,    6,    0
 11106, 56859,20160215,   34,    0
 11106, 56859,20160216,   36,    0
 11106, 56859,20160217,   40,    0
 11106, 56859,20160218,   22,    0
 11106, 56859,20160219,   26,    0
 11106, 56859,20160220,   31,    0
 11106, 56859,20160221,   32,    0
 11106, 56859,20160222,   42,    0
 11106, 56859,20160223,   30,    0
 11106, 56859,20160224,   22,    0
 11106, 56859,20160225,   26,    0
 11106, 56859,20160226,   23,    0
 11106, 56859,20160227,    7,    0
 11106, 56859,20160228,    9,    0
 11106, 56859,20160229,   34,    0
 11106, 56859,20160301,   67,    1
 11106, 56859,20160302,   28,    0
 11106, 56859,20160303,   27,    0
 11106, 56859,20160304,   27,    0
 11106, 56859,20160305,   44,    1
 11106, 56859,20160306,   24,    0
 11106, 56859,20160307,   32,    0
 11106, 56859,20160308,   42,    0
 11106, 56859,20160309,   54,    0
 11106, 56859,20160310,   35,    0
 11106, 56859,20160311,   64,    0
 11106, 56859,20160312,   89,    0
 11106, 56859,20160313,  103,    0
 11106, 56859,20160314,   74,    0
 11106, 56859,20160315,   34,    0
 11106, 56859,20160316,   50,    0
 11106, 56859,20160317,   51,    0
 11106, 56859,20160318,   58,    0
 11106, 56859,20160319,   68,    0
 11106, 56859,20160320,   77,    0
 11106, 56859,20160321,   81,    0
 11106, 56859,20160322,   85,    0
 11106, 56859,20160323,   79,    0
 11106, 56859,20160324,   79,    0
 11106, 56859,20160325,   75,    0
 11106, 56859,20160326,   89,    0
 11106, 56859,20160327,   84,    0
 11106, 56859,20160328,   36,    0
 11106, 56859,20160329,   58,    0
 11106, 56859,20160330,   40,    0
 11106, 56859,20160331,   38,    0
 11106, 56859,20160401,   66,    0
 11106, 56859,20160402,   67,    0
 11106, 56859,20160403,   81,    1
 11106, 56859,20160404,   52,    0
 11106, 56859,20160405,   73,    0
 11106, 56859,20160406,   58,    0
 11106, 56859,20160407,   74,    0
 11106, 56859,20160408,   54,    0
 11106, 56859,20160409,   84,    0
 11106, 56859,20160410,   72,    0
 11106, 56859,20160411,   69,    0
 11106, 56859,20160412,   74,    0
 11106, 56859,20160413,   73,    0
 11106, 56859,20160414,   64,    0
 11106, 56859,20160415,   50,    0
 11106, 56859,20160416,   53,    0
 11106, 56859,20160417,   62,    0
 11106, 56859,20160418,   88,    0
 11106, 56859,20160419,   70,    0
 11106, 56859,20160420,   80,    0
 11106, 56859,20160421,   86,    1
 11106, 56859,20160422,   40,    0
 11106, 56859,20160423,   36,    0
 11106, 56859,20160424,   58,    0
 11106, 56859,20160425,   45,    0
 11106, 56859,20160426,   50,    0
 11106, 56859,20160427,   46,    0
 11106, 56859,20160428,   31,    0
 11106, 56859,20160429,   62,    0
 11106, 56859,20160430,   68,    0
 11106, 56859,20160501,   93,    0
 11106, 56859,20160502,  106,    0
 11106, 56859,20160503,   81,    0
 11106, 56859,20160504,  116,    0
 11106, 56859,20160505,  128,    0
 11106, 56859,20160506,   90,    0
 11106, 56859,20160507,   90,    0
 11106, 56859,20160508,  134,    0
 11106, 56859,20160509,  110,    0
 11106, 56859,20160510,  122,    0
 11106, 56859,20160511,  103,    0
 11106, 56859,20160512,  102,    1
 11106, 56859,20160513,   86,    0
 11106, 56859,20160514,   86,    0
 11106, 56859,20160515,   89,    0
 11106, 56859,20160516,  105,    0
 11106, 56859,20160517,  108,    1
 11106, 56859,20160518,  102,    0
 11106, 56859,20160519,  100,    0
 11106, 56859,20160520,  126,    0
 11106, 56859,20160521,  132,    1
 11106, 56859,20160522,   98,    0
 11106, 56859,20160523,  102,    0
 11106, 56859,20160524,  109,    1
 11106, 56859,20160525,   92,    0
 11106, 56859,20160526,   95,    0
 11106, 56859,20160527,  122,    0
 11106, 56859,20160528,  130,    0
 11106, 56859,20160529,  113,    0
 11106, 56859,20160530,  121,    0
 11106, 56859,20160531,  115,    0
 11106, 56859,20160601,  112,    0
 11106, 56859,20160602,   98,    0
 11106, 56859,20160603,  100,    0
 11106, 56859,20160604,  108,    0
 11106, 56859,20160605,  104,    0
 11106, 56859,20160606,  110,    0
 11106, 56859,20160607,  114,    0
 11106, 56859,20160608,  118,    0
 11106, 56859,20160609,  131,    0
 11106, 56859,20160610,  123,    0
 11106, 56859,20160611,  114,    0
 11106, 56859,20160612,  140,    0
 11106, 56859,20160613,  150,    0
 11106, 56859,20160614,  111,    0
 11106, 56859,20160615,  114,    1
 11106, 56859,20160616,  100,    0
 11106, 56859,20160617,  102,    0
 11106, 56859,20160618,  118,    0
 11106, 56859,20160619,  130,    0
 11106, 56859,20160620,  154,    0
 11106, 56859,20160621,  144,    0
 11106, 56859,20160622,  162,    0
 11106, 56859,20160623,  152,    0
 11106, 56859,20160624,  149,    0
 11106, 56859,20160625,  136,    0
 11106, 56859,20160626,  138,    0
 11106, 56859,20160627,  144,    0
 11106, 56859,20160628,  140,    0
 11106, 56859,20160629,  126,    0
 11106, 56859,20160630,  124,    0
 11106, 56859,20160701,  140,    0
 11106, 56859,20160702,  106,    0
 11106, 56859,20160703,  128,    0
 11106, 56859,20160704,  128,    0
 11106, 56859,20160705,  134,    0
 11106, 56859,20160706,  117,    0
 11106, 56859,20160707,  157,    0
 11106, 56859,20160708,  156,    0
 11106, 56859,20160709,  145,    0
 11106, 56859,20160710,  161,    0
 11106, 56859,20160711,  150,    0
 11106, 56859,20160712,  142,    0
 11106, 56859,20160713,  127,    0
 11106, 56859,20160714,  139,    0
 11106, 56859,20160715,  152,    0
 11106, 56859,20160716,  141,    0
 11106, 56859,20160717,  148,    0
 11106, 56859,20160718,  170,    0
 11106, 56859,20160719,  175,    0
 11106, 56859,20160720,  198,    0
 11106, 56859,20160721,  170,    0
 11106, 56859,20160722,  176,    0
 11106, 56859,20160723,  156,    0
 11106, 56859,20160724,  156,    0
 11106, 56859,20160725,  152,    0
 11106, 56859,20160726,  147,    0
 11106, 56859,20160727,  135,    0
 11106, 56859,20160728,  138,    0
 11106, 56859,20160729,  144,    0
 11106, 56859,20160730,  146,    0
 11106, 56859,20160731,  136,    0
 11106, 56859,20160801,  126,    0
 11106, 56859,20160802,  122,    0
 11106, 56859,20160803,  138,    0
 11106, 56859,20160804,  138,    0
 11106, 56859,20160805,  136,    0
 11106, 56859,20160806,  134,    0
 11106, 56859,20160807,  171,    1
 11106, 56859,20160808,  133,    0
 11106, 56859,20160809,  124,    0
 11106, 56859,20160810,   90,    0
 11106, 56859,20160811,  148,    0
 11106, 56859,20160812,  174,    0
 11106, 56859,20160813,  152,    0
 11106, 56859,20160814,  152,    0
 11106, 56859,20160815,  144,    0
 11106, 56859,20160816,  178,    0
 11106, 56859,20160817,  180,    0
 11106, 56859,20160818,  150,    0
 11106, 56859,20160819,  146,    0
 11106, 56859,20160820,  172,    0
 11106, 56859,20160821,  156,    0
 11106, 56859,20160822,  166,    0
 11106, 56859,20160823,  134,    0
 11106, 56859,20160824,  157,    0
 11106, 56859,20160825,  148,    0
 11106, 56859,20160826,  142,    0
 11106, 56859,20160827,  122,    0
 11106, 56859,20160828,  132,    0
 11106, 56859,20160829,  151,    0
 11106, 56859,20160830,  176,    0
 11106, 56859,20160831,  173,    1
 11106, 56859,20160901,  135,    0
 11106, 56859,20160902,  142,    0
 11106, 56859,20160903,  145,    0
 11106, 56859,20160904,  136,    0
 11106, 56859,20160905,  176,    0
 11106, 56859,20160906,  181,    0
 11106, 56859,20160907,  164,    0
 11106, 56859,20160908,  168,    0
 11106, 56859,20160909,  140,    0
 11106, 56859,20160910,  140,    0
 11106, 56859,20160911,  128,    0
 11106, 56859,20160912,  185,    1
 11106, 56859,20160913,  136,    1
 11106, 56859,20160914,  123,    0
 11106, 56859,20160915,  138,    0
 11106, 56859,20160916,  146,    0
 11106, 56859,20160917,  124,    0
 11106, 56859,20160918,  144,    0
 11106, 56859,20160919,  134,    0
 11106, 56859,20160920,  134,    0
 11106, 56859,20160921,  124,    0
 11106, 56859,20160922,  135,    0
 11106, 56859,20160923,  121,    0
 11106, 56859,20160924,  159,    0
 11106, 56859,20160925,  143,    0
 11106, 56859,20160926,  111,    0
 11106, 56859,20160927,  124,    0
 11106, 56859,20160928,  146,    1
 11106, 56859,20160929,  106,    0
 11106, 56859,20160930,   96,    0
 11106, 56859,20161001,   77,    0
 11106, 56859,20161002,   76,    0
 11106, 56859,20161003,   94,    0
 11106, 56859,20161004,  130,    0
 11106, 56859,20161005,  136,    0
 11106, 56859,20161006,  114,    0
 11106, 56859,20161007,   76,    0
 11106, 56859,20161008,  100,    0
 11106, 56859,20161009,   78,    0
 11106, 56859,20161010,   68,    0
 11106, 56859,20161011,   74,    0
 11106, 56859,20161012,   72,    0
 11106, 56859,20161013,  100,    0
 11106, 56859,20161014,  104,    0
 11106, 56859,20161015,  106,    0
 11106, 56859,20161016,  114,    0
 11106, 56859,20161017,  118,    0
 11106, 56859,20161018,   88,    0
 11106, 56859,20161019,   91,    0
 11106, 56859,20161020,   96,    0
 11106, 56859,20161021,   96,    0
 11106, 56859,20161022,   69,    0
 11106, 56859,20161023,   43,    0
 11106, 56859,20161024,   50,    0
 11106, 56859,20161025,   52,    0
 11106, 56859,20161026,   78,    0
 11106, 56859,20161027,  116,    0
 11106, 56859,20161028,   88,    0
 11106, 56859,20161029,  100,    0
 11106, 56859,20161030,  104,    0
 11106, 56859,20161031,  110,    1
 11106, 56859,20161101,   72,    0
 11106, 56859,20161102,   79,    0
 11106, 56859,20161103,   58,    0
 11106, 56859,20161104,   64,    0
 11106, 56859,20161105,   59,    0
 11106, 56859,20161106,   64,    0
 11106, 56859,20161107,   61,    1
 11106, 56859,20161108,   29,    0
 11106, 56859,20161109,   38,    0
 11106, 56859,20161110,   44,    0
 11106, 56859,20161111,   58,    0
 11106, 56859,20161112,   74,    0
 11106, 56859,20161113,   80,    0
 11106, 56859,20161114,  111,    0
 11106, 56859,20161115,  100,    1
 11106, 56859,20161116,   56,    1
 11106, 56859,20161117,   34,    0
 11106, 56859,20161118,    4,    0
 11106, 56859,20161119,   19,    0
 11106, 56859,20161120,  -18,    0
 11106, 56859,20161121,    9,    0
 11106, 56859,20161122,   12,    0
 11106, 56859,20161123,   21,    0
 11106, 56859,20161124,    3,    0
 11106, 56859,20161125,   36,    0
 11106, 56859,20161126,   61,    0
 11106, 56859,20161127,   48,    0
 11106, 56859,20161128,   10,    0
 11106, 56859,20161129,   26,    0
 11106, 56859,20161130,   71,    0
 11106, 56859,20161201,   88,    1
 11106, 56859,20161202,   70,    1
 11106, 56859,20161203,   48,    0
 11106, 56859,20161204,   27,    1
 11106, 56859,20161205,  -38,    0
 11106, 56859,20161206,   32,    0
 11106, 56859,20161207,   67,    0
 11106, 56859,20161208,  109,    0
 11106, 56859,20161209,   80,    0
 11106, 56859,20161210,   78,    0
 11106, 56859,20161211,   75,    0
 11106, 56859,20161212,   59,    0
 11106, 56859,20161213,   46,    0
 11106, 56859,20161214,   82,    0
 11106, 56859,20161215,   77,    0
 11106, 56859,20161216,   58,    0
 11106, 56859,20161217,   54,    0
 11106, 56859,20161218,   94,    0
 11106, 56859,20161219,   83,    0
 11106, 56859,20161220,   34,    0
 11106, 56859,20161221,   37,    0
 11106, 56859,20161222,   44,    0
 11106, 56859,20161223,   60,    0
 11106, 56859,20161224,   72,    0
 11106, 56859,20161225,   82,    1
 11106, 56859,20161226,   42,    0
 11106, 56859,20161227,   48,    0
 11106, 56859,20161228,   44,    0
 11106, 56859,20161229,  100,    0
 11106, 56859,20161230,  110,    1
 11106, 56859,20161231,   83,    1
 11106, 56859,20170101,   48,    0
 11106, 56859,20170102,   54,    0
 11106, 56859,20170103,   68,    1
 11106, 56859,20170104,   40,    0
 11106, 56859,20170105,   34,    0
 11106, 56859,20170106,   40,    0
 11106, 56859,20170107,   65,    0
 11106, 56859,20170108,   87,    1
 11106, 56859,20170109,   60,    0
 11106, 56859,20170110,   63,    1
 11106, 56859,20170111,   47,    0
 11106, 56859,20170112,   26,    0
 11106, 56859,20170113,   16,    0
 11106, 56859,20170114,   36,    0
 11106, 56859,20170115,   40,    0
 11106, 56859,20170116,   86,    0
 11106, 56859,20170117,   91,    0
 11106, 56859,20170118,   84,    0
 11106, 56859,20170119,   72,    0
 11106, 56859,20170120,   58,    0
 11106, 56859,20170121,   21,    0
 11106, 56859,20170122,    3,    0
 11106, 56859,20170123,   32,    0
 11106, 56859,20170124,   61,    0
 11106, 56859,20170125,   95,    1
 11106, 56859,20170126,   30,    0
 11106, 56859,20170127,   19,    0
 11106, 56859,20170128,   25,    0
 11106, 56859,20170129,   32,    0
 11106, 56859,20170130,    5,    0
 11106, 56859,20170131,   23,    0
 11106, 56859,20170201,   59,    0
 11106, 56859,20170202,   67,    0
 11106, 56859,20170203,   95,    1
 11106, 56859,20170204,   60,    0
 11106, 56859,20170205,   39,    0
 11106, 56859,20170206,   20,    0
 11106, 56859,20170207,   34,    0
 11106, 56859,20170208,   39,    0
 11106, 56859,20170209,   29,    0
 11106, 56859,20170210,    5,    0
 11106, 56859,20170211,    2,    0
 11106, 56859,20170212,   26,    0
 11106, 56859,20170213,   33,    0
 11106, 56859,20170214,   60,    0
 11106, 56859,20170215,   68,    0
 11106, 56859,20170216,   73,    0
 11106, 56859,20170217,   58,    0
 11106, 56859,20170218,   86,    0
 11106, 56859,20170219,   93,    0
 11106, 56859,20170220,   96,    0
 11106, 56859,20170221,   89,    1
 11106, 56859,20170222,   55,    0
 11106, 56859,20170223,   28,    0
 11106, 56859,20170224,   35,    0
 11106, 56859,20170225,   53,    0
 11106, 56859,20170226,   59,    0
 11106, 56859,20170227,   31,    0
 11106, 56859,20170228,   14,    0
 11106, 56859,20170301,   31,    0
 11106, 56859,20170302,   45,    0
 11106, 56859,20170303,   32,    0
 11106, 56859,20170304,   50,    0
 11106, 56859,20170305,   43,    0
 11106, 56859,20170306,   44,    0
 11106, 56859,20170307,   40,    0
 11106, 56859,20170308,   52,    0
 11106, 56859,20170309,   63,    0
 11106, 56859,20170310,   63,    0
 11106, 56859,20170311,   94,    0
 11106, 56859,20170312,   82,    0
 11106, 56859,20170313,   87,    0
 11106, 56859,20170314,  101,    0
 11106, 56859,20170315,   83,    0
 11106, 56859,20170316,   99,    1
 11106, 56859,20170317,   38,    0
 11106, 56859,20170318,   56,    0
 11106, 56859,20170319,   73,    0
 11106, 56859,20170320,   57,    0
 11106, 56859,20170321,   42,    0
 11106, 56859,20170322,   36,    0
 11106, 56859,20170323,   35,    0
 11106, 56859,20170324,   56,    0
 11106, 56859,20170325,   99,    0
 11106, 56859,20170326,   48,    0
 11106, 56859,20170327,   54,    0
 11106, 56859,20170328,   53,    0
 11106, 56859,20170329,   89,    0
 11106, 56859,20170330,  108,    0
 11106, 56859,20170331,  131,    0
 11106, 56859,20170401,   97,    0
 11106, 56859,20170402,   83,    0
 11106, 56859,20170403,   98,    0
 11106, 56859,20170404,   84,    0
 11106, 56859,20170405,   89,    0
 11106, 56859,20170406,   98,    0
 11106, 56859,20170407,   98,    0
 11106, 56859,20170408,  102,    0
 11106, 56859,20170409,   93,    0
 11106, 56859,20170410,   80,    0
 11106, 56859,20170411,   88,    0
 11106, 56859,20170412,   86,    0
 11106, 56859,20170413,   77,    0
 11106, 56859,20170414,   75,    0
 11106, 56859,20170415,   59,    0
 11106, 56859,20170416,   68,    0
 11106, 56859,20170417,   43,    0
 11106, 56859,20170418,   48,    0
 11106, 56859,20170419,   91,    0
 11106, 56859,20170420,  123,    1
 11106, 56859,20170421,   93,    0
 11106, 56859,20170422,   72,    0
 11106, 56859,20170423,   78,    1
 11106, 56859,20170424,   50,    0
 11106, 56859,20170425,   42,    0
 11106, 56859,20170426,   62,    0
 11106, 56859,20170427,   75,    0
 11106, 56859,20170428,   68,    0
 11106, 56859,20170429,   84,    0
 11106, 56859,20170430,  101,    0
 11106, 56859,20170501,  107,    0
 11106, 56859,20170502,   98,    0
 11106, 56859,20170503,   81,    0
 11106, 56859,20170504,   87,    0
 11106, 56859,20170505,   88,    0
 11106, 56859,20170506,   86,    0
 11106, 56859,20170507,   87,    0
 11106, 56859,20170508,   87,    0
 11106, 56859,20170509,   89,    0
 11106, 56859,20170510,   93,    0
 11106, 56859,20170511,  114,    0
 11106, 56859,20170512,  120,    0
 11106, 56859,20170513,  136,    0
 11106, 56859,20170514,  139,    0
 11106, 56859,20170515,  138,    0
 11106, 56859,20170516,  167,    0
 11106, 56859,20170517,  116,    0
 11106, 56859,20170518,  102,    0
 11106, 56859,20170519,  102,    0
 11106, 56859,20170520,  113,    0
 11106, 56859,20170521,  105,    0
 11106, 56859,20170522,  133,    0
 11106, 56859,20170523,  122,    0
 11106, 56859,20170524,  159,    0
 11106, 56859,20170525,  162,    0
 11106, 56859,20170526,  198,    0
 11106, 56859,20170527,  204,    1
 11106, 56859,20170528,  138,    0
 11106, 56859,20170529,  112,    0
 11106, 56859,20170530,  137,    0
 11106, 56859,20170531,  122,    0
 11106, 56859,20170601,  137,    0
 11106, 56859,20170602,  146,    0
 11106, 56859,20170603,  104,    0
 11106, 56859,20170604,  109,    0
 11106, 56859,20170605,  106,    0
 11106, 56859,20170606,  114,    0
 11106, 56859,20170607,  108,    0
 11106, 56859,20170608,   82,    0
 11106, 56859,20170609,  118,    0
 11106, 56859,20170610,  146,    0
 11106, 56859,20170611,  153,    0
 11106, 56859,20170612,  140,    0
 11106, 56859,20170613,  142,    0
 11106, 56859,20170614,  166,    0
 11106, 56859,20170615,  159,    0
 11106, 56859,20170616,  156,    0
 11106, 56859,20170617,  191,    0
 11106, 56859,20170618,  171,    1
 11106, 56859,20170619,  142,    0
 11106, 56859,20170620,  126,    0
 11106, 56859,20170621,  179,    1
 11106, 56859,20170622,  149,    0
 11106, 56859,20170623,  151,    0
 11106, 56859,20170624,  131,    0
 11106, 56859,20170625,  126,    0
 11106, 56859,20170626,  122,    0
 11106, 56859,20170627,  116,    0
 11106, 56859,20170628,  126,    1
 11106, 56859,20170629,  113,    0
 11106, 56859,20170630,  129,    0
 11106, 56859,20170701,  144,    0
 11106, 56859,20170702,  144,    0
 11106, 56859,20170703,  129,    0
 11106, 56859,20170704,  114,    0
 11106, 56859,20170705,  127,    0
 11106, 56859,20170706,  151,    1
 11106, 56859,20170707,  137,    0
 11106, 56859,20170708,  142,    0
 11106, 56859,20170709,  139,    0
 11106, 56859,20170710,  122,    0
 11106, 56859,20170711,  128,    0
 11106, 56859,20170712,  144,    0
 11106, 56859,20170713,  122,    0
 11106, 56859,20170714,  142,    0
 11106, 56859,20170715,  166,    0
 11106, 56859,20170716,  149,    0
 11106, 56859,20170717,  175,    0
 11106, 56859,20170718,  170,    0
 11106, 56859,20170719,  174,    1
 11106, 56859,20170720,  141,    0
 11106, 56859,20170721,  148,    0
 11106, 56859,20170722,  168,    0
 11106, 56859,20170723,  157,    0
 11106, 56859,20170724,  136,    0
 11106, 56859,20170725,  139,    0
 11106, 56859,20170726,  156,    0
 11106, 56859,20170727,  137,    0
 11106, 56859,20170728,  148,    0
 11106, 56859,20170729,  141,    0
 11106, 56859,20170730,  154,    0
 11106, 56859,20170731,  142,    0
 11106, 56859,20170801,  129,    0
 11106, 56859,20170802,  151,    0
 11106, 56859,20170803,  156,    0
 11106, 56859,20170804,  155,    0
 11106, 56859,20170805,  141,    0
 11106, 56859,20170806,  126,    0
 11106, 56859,20170807,  132,    0
 11106, 56859,20170808,  128,    0
 11106, 56859,20170809,  146,    0
 11106, 56859,20170810,  143,    0
 11106, 56859,20170811,  169,    1
 11106, 56859,20170812,  136,    0
 11106, 56859,20170813,  126,    0
 11106, 56859,20170814,  133,    0
 11106, 56859,20170815,  158,    0
 11106, 56859,20170816,  142,    0
 11106, 56859,20170817,  162,    1
 11106, 56859,20170818,  126,    0
 11106, 56859,20170819,  144,    0
 11106, 56859,20170820,  146,    0
 11106, 56859,20170821,  150,    0
 11106, 56859,20170822,  166,    0
 11106, 56859,20170823,  181,    0
 11106, 56859,20170824,  137,    0
 11106, 56859,20170825,  145,    0
 11106, 56859,20170826,  144,    0
 11106, 56859,20170827,  158,    0
 11106, 56859,20170828,  184,    1
 11106, 56859,20170829,  129,    0
 11106, 56859,20170830,  132,    0
 11106, 56859,20170831,  121,    0
 11106, 56859,20170901,  125,    0
 11106, 56859,20170902,  125,    0
 11106, 56859,20170903,  144,    0
 11106, 56859,20170904,  166,    0
 11106, 56859,20170905,  149,    0
 11106, 56859,20170906,  129,    0
 11106, 56859,20170907,  126,    0
 11106, 56859,20170908,  118,    0
 11106, 56859,20170909,  128,    0
 11106, 56859,20170910,  127,    0
 11106, 56859,20170911,  113,    0
 11106, 56859,20170912,  126,    0
 11106, 56859,20170913,  117,    0
 11106, 56859,20170914,  118,    0
 11106, 56859,20170915,  118,    0
 11106, 56859,20170916,  116,    0
 11106, 56859,20170917,  115,    0
 11106, 56859,20170918,  113,    0
 11106, 56859,20170919,   93,    0
 11106, 56859,20170920,  132,    1
 11106, 56859,20170921,  108,    0
 11106, 56859,20170922,   92,    0
 11106, 56859,20170923,  134,    0
 11106, 56859,20170924,  157,    0
 11106, 56859,20170925,  150,    0
 11106, 56859,20170926,  143,    0
 11106, 56859,20170927,  152,    0
 11106, 56859,20170928,  164,    0
 11106, 56859,20170929,  161,    1
 11106, 56859,20170930,  108,    0
 11106, 56859,20171001,  102,    0
 11106, 56859,20171002,  114,    0
 11106, 56859,20171003,  119,    0
 11106, 56859,20171004,  106,    0
 11106, 56859,20171005,  106,    0
 11106, 56859,20171006,  102,    0
 11106, 56859,20171007,  112,    0
 11106, 56859,20171008,  131,    0
 11106, 56859,20171009,  134,    0
 11106, 56859,20171010,  101,    0
 11106, 56859,20171011,  118,    0
 11106, 56859,20171012,  121,    0
 11106, 56859,20171013,  146,    0
 11106, 56859,20171014,  129,    0
 11106, 56859,20171015,  144,    1
 11106, 56859,20171016,  109,    0
 11106, 56859,20171017,  109,    0
 11106, 56859,20171018,  102,    0
 11106, 56859,20171019,  108,    0
 11106, 56859,20171020,  129,    0
 11106, 56859,20171021,  129,    0
 11106, 56859,20171022,  112,    0
 11106, 56859,20171023,   91,    0
 11106, 56859,20171024,  106,    0
 11106, 56859,20171025,  100,    0
 11106, 56859,20171026,  110,    0
 11106, 56859,20171027,  102,    0
 11106, 56859,20171028,  116,    1
 11106, 56859,20171029,   78,    0
 11106, 56859,20171030,   57,    0
 11106, 56859,20171031,   86,    0
 11106, 56859,20171101,  129,    1
 11106, 56859,20171102,   83,    0
 11106, 56859,20171103,   67,    0
 11106, 56859,20171104,   66,    0
 11106, 56859,20171105,   43,    0
 11106, 56859,20171106,   55,    0
 11106, 56859,20171107,   68,    0
 11106, 56859,20171108,   60,    0
 11106, 56859,20171109,   67,    1
 11106, 56859,20171110,   53,    0
 11106, 56859,20171111,   50,    0
 11106, 56859,20171112,   45,    0
 11106, 56859,20171113,   50,    0
 11106, 56859,20171114,   53,    0
 11106, 56859,20171115,   64,    0
 11106, 56859,20171116,   46,    0
 11106, 56859,20171117,   58,    0
 11106, 56859,20171118,   51,    0
 11106, 56859,20171119,   30,    0
 11106, 56859,20171120,   46,    0
 11106, 56859,20171121,   61,    1
 11106, 56859,20171122,   48,    1
 11106, 56859,20171123,   28,    0
 11106, 56859,20171124,   14,    0
 11106, 56859,20171125,   25,    0
 11106, 56859,20171126,   39,    0
 11106, 56859,20171127,   42,    0
 11106, 56859,20171128,   52,    1
 11106, 56859,20171129,   40,    0
 11106, 56859,20171130,   30,    0
 11106, 56859,20171201,   40,    0
 11106, 56859,20171202,   55,    0
 11106, 56859,20171203,   70,    0
 11106, 56859,20171204,   73,    0
 11106, 56859,20171205,   89,    0
 11106, 56859,20171206,  111,    1
 11106, 56859,20171207,   61,    1
 11106, 56859,20171208,   22,    0
 11106, 56859,20171209,    9,    0
 11106, 56859,20171210,    6,    0
 11106, 56859,20171211,   15,    0
 11106, 56859,20171212,   23,    0
 11106, 56859,20171213,   19,    0
 11106, 56859,20171214,   25,    0
 11106, 56859,20171215,   11,    0
 11106, 56859,20171216,   45,    0
 11106, 56859,20171217,   26,    0
 11106, 56859,20171218,   62,    0
 11106, 56859,20171219,   77,    0
 11106, 56859,20171220,   60,    0
 11106, 56859,20171221,   58,    0
 11106, 56859,20171222,   60,    0
 11106, 56859,20171223,   77,    0
 11106, 56859,20171224,   75,    1
 11106, 56859,20171225,   45,    1
 11106, 56859,20171226,   29,    0
 11106, 56859,20171227,   21,    0
 11106, 56859,20171228,   25,    0
 11106, 56859,20171229,   -5,    0
 11106, 56859,20171230,   16,    0
 11106, 56859,20171231,   19,    0
 11106,903068,20180101,   17,    0
 11106,903068,20180102,   15,    0
 11106,903068,20180103,   16,    0
 11106,903068,20180104,   16,    0
 11106,903068,20180105,   30,    0
 11106,903068,20180106,   36,    0
 11106,903068,20180107,  -12,    0
 11106,903068,20180108,   -8,    0
 11106,903068,20180109,   21,    0
 11106,903068,20180110,   50,    0
 11106,903068,20180111,   44,    0
 11106,903068,20180112,   30,    0
 11106,903068,20180113,   53,    0
 11106,903068,20180114,   67,    0
 11106,903068,20180115,   52,    0
 11106,903068,20180116,    3,    0
 11106,903068,20180117,    0,    0
 11106,903068,20180118,    8,    0
 11106,903068,20180119,    5,    0
 11106,903068,20180120,   -1,    0
 11106,903068,20180121,   -7,    0
 11106,903068,20180122,   50,    0
 11106,903068,20180123,   78,    0
 11106,903068,20180124,   61,    0
 11106,903068,20180125,   28,    0
 11106,903068,20180126,   46,    0
 11106,903068,20180127,   60,    0
 11106,903068,20180128,   68,    0
 11106,903068,20180129,   47,    0
 11106,903068,20180130,   51,    0
 11106,903068,20180131,   28,    0
 11106,903068,20180201,   44,    0
 11106,903068,20180202,   51,    0
 11106,903068,20180203,   19,    0
 11106,903068,20180204,   32,    0
 11106,903068,20180205,   16,    0
 11106,903068,20180206,   23,    0
 11106,903068,20180207,    3,    0
 11106,903068,20180208,   55,    0
 11106,903068,20180209,   26,    0
 11106,903068,20180210,   34,    0
 11106,903068,20180211,   19,    0
 11106,903068,20180212,   11,    0
 11106,903068,20180213,   24,    0
 11106,903068,20180214,   26,    0
 11106,903068,20180215,   44,    0
 11106,903068,20180216,   43,    0
 11106,903068,20180217,   45,    0
 11106,903068,20180218,   37,    0
 11106,903068,20180219,   67,    0
 11106,903068,20180220,   58,    0
 11106,903068,20180221,   32,    0
 11106,903068,20180222,   36,    0
 11106,903068,20180223,   39,    0
 11106,903068,20180224,   43,    0
 11106,903068,20180225,   28,    0
 11106,903068,20180226,   24,    0
 11106,903068,20180227,   -1,    0
 11106,903068,20180228,  -28,    0
 11106,903068,20180301,  -28,    0
 11106,903068,20180302,   -1,    0
 11106,903068,20180303,   15,    0
 11106,903068,20180304,   15,    0
 11106,903068,20180305,   27,    0
 11106,903068,20180306,   30,    0
 11106,903068,20180307,   51,    0
 11106,903068,20180308,   46,    0
 11106,903068,20180309,   28,    0
 11106,903068,20180310,    7,    0
 11106,903068,20180311,   52,    0
 11106,903068,20180312,   56,    0
 11106,903068,20180313,   55,    0
 11106,903068,20180314,   61,    0
 11106,903068,20180315,   63,    0
 11106,903068,20180316,   36,    0
 11106,903068,20180317,   22,    0
 11106,903068,20180318,   25,    0
 11106,903068,20180319,    8,    0
 11106,903068,20180320,   33,    0
 11106,903068,20180321,-9999,    9
 11106,903068,20180322,   76,    0
 11106,903068,20180323,   65,    0
 11106,903068,20180324,   65,    0
 11106,903068,20180325,   58,    0
 11106,903068,20180326,   58,    0
 11106,903068,20180327,   47,    0
 11106,903068,20180328,   43,    0
 11106,903068,20180329,   26,    0
 11106,903068,20180330,   46,    0
 11106,903068,20180331,   44,    0
 11106,903068,20180401,   22,    0
 11106,903068,20180402,   28,    0
 11106,903068,20180403,   32,    0
 11106,903068,20180404,   40,    0
 11106,903068,20180405,   35,    0
 11106,903068,20180406,   52,    0
 11106,903068,20180407,   90,    0
 11106,903068,20180408,   82,    0
 11106,903068,20180409,   74,    0
 11106,903068,20180410,   51,    0
 11106,903068,20180411,   76,    0
 11106,903068,20180412,   90,    0
 11106,903068,20180413,   70,    0
 11106,903068,20180414,   87,    0
 11106,903068,20180415,   89,    0
 11106,903068,20180416,  124,    0
 11106,903068,20180417,  141,    0
 11106,903068,20180418,  134,    0
 11106,903068,20180419,  164,    0
 11106,903068,20180420,  112,    0
 11106,903068,20180421,   91,    0
 11106,903068,20180422,  106,    0
 11106,903068,20180423,   98,    0
 11106,903068,20180424,   96,    0
 11106,903068,20180425,   90,    0
 11106,903068,20180426,   77,    0
 11106,903068,20180427,   78,    0
 11106,903068,20180428,   54,    0
 11106,903068,20180429,   46,    0
 11106,903068,20180430,   38,    0
 11106,903068,20180501,   68,    0
 11106,903068,20180502,-9999,    9
 11106,903068,20180503,   80,    0
 11106,903068,20180504,  131,    0
 11106,903068,20180505,  147,    0
 11106,903068,20180506,  122,    0
 11106,903068,20180507,  143,    0
 11106,903068,20180508,  142,    0
 11106,903068,20180509,   88,    0
 11106,903068,20180510,   96,    0
 11106,903068,20180511,   94,    0
 11106,903068,20180512,  114,    0
 11106,903068,20180513,  109,    0
 11106,903068,20180514,  110,    0
 11106,903068,20180515,  125,    0
 11106,903068,20180516,  103,    0
 11106,903068,20180517,   77,    0
 11106,903068,20180518,  112,    0
 11106,903068,20180519,  145,    0
 11106,903068,20180520,  166,    0
 11106,903068,20180521,  146,    0
 11106,903068,20180522,   91,    0
 11106,903068,20180523,  115,    0
 11106,903068,20180524,  129,    0
 11106,903068,20180525,  112,    0
 11106,903068,20180526,  101,    0
 11106,903068,20180527,  107,    0
 11106,903068,20180528,  127,    0
 11106,903068,20180529,  122,    0
 11106,903068,20180530,  121,    0
 11106,903068,20180531,  145,    0
 11106,903068,20180601,  158,    0
 11106,903068,20180602,  155,    0
 11106,903068,20180603,  151,    0
 11106,903068,20180604,  119,    0
 11106,903068,20180605,  118,    0
 11106,903068,20180606,  111,    0
 11106,903068,20180607,  103,    0
 11106,903068,20180608,  111,    0
 11106,903068,20180609,  123,    0
 11106,903068,20180610,  121,    0
 11106,903068,20180611,  126,    0
 11106,903068,20180612,  111,    0
 11106,903068,20180613,  137,    0
 11106,903068,20180614,  159,    0
 11106,903068,20180615,  124,    0
 11106,903068,20180616,  124,    0
 11106,903068,20180617,  134,    0
 11106,903068,20180618,  146,    0
 11106,903068,20180619,  132,    0
 11106,903068,20180620,  119,    0
 11106,903068,20180621,  111,    0
 11106,903068,20180622,  129,    0
 11106,903068,20180623,  143,    0
 11106,903068,20180624,  152,    0
 11106,903068,20180625,  133,    0
 11106,903068,20180626,  136,    0
 11106,903068,20180627,  165,    0
 11106,903068,20180628,  183,    0
 11106,903068,20180629,  133,    0
 11106,903068,20180630,  178,    0
 11106,903068,20180701,  193,    0
 11106,903068,20180702,  146,    0
 11106,903068,20180703,  151,    0
 11106,903068,20180704,  168,    0
 11106,903068,20180705,  161,    0
 11106,903068,20180706,  149,    0
 11106,903068,20180707,  151,    0
 11106,903068,20180708,  193,    0
 11106,903068,20180709,  155,    0
 11106,903068,20180710,  151,    0
 11106,903068,20180711,  146,    0
 11106,903068,20180712,  148,    0
 11106,903068,20180713,  164,    0
 11106,903068,20180714,  175,    0
 11106,903068,20180715,  201,    0
 11106,903068,20180716,  165,    0
 11106,903068,20180717,  148,    0
 11106,903068,20180718,  143,    0
 11106,903068,20180719,  146,    0
 11106,903068,20180720,  162,    0
 11106,903068,20180721,-9999,    9
 11106,903068,20180722,  199,    0
 11106,903068,20180723,  188,    0
 11106,903068,20180724,  153,    0
 11106,903068,20180725,  170,    0
 11106,903068,20180726,  196,    0
 11106,903068,20180727,  235,    0
 11106,903068,20180728,  195,    0
 11106,903068,20180729,  161,    0
 11106,903068,20180730,  161,    0
 11106,903068,20180731,  156,    0
 11106,903068,20180801,  182,    0
 11106,903068,20180802,  200,    0
 11106,903068,20180803,  184,    0
 11106,903068,20180804,  161,    0
 11106,903068,20180805,  169,    0
 11106,903068,20180806,  183,    0
 11106,903068,20180807,  166,    0
 11106,903068,20180808,  137,    0
 11106,903068,20180809,  141,    0
 11106,903068,20180810,  111,    0
 11106,903068,20180811,  135,    0
 11106,903068,20180812,  142,    0
 11106,903068,20180813,  148,    0
 11106,903068,20180814,  172,    0
 11106,903068,20180815,  164,    0
 11106,903068,20180816,  143,    0
 11106,903068,20180817,  149,    0
 11106,903068,20180818,  168,    0
 11106,903068,20180819,  123,    0
 11106,903068,20180820,  136,    0
 11106,903068,20180821,  183,    0
 11106,903068,20180822,  163,    0
 11106,903068,20180823,  140,    0
 11106,903068,20180824,  127,    0
 11106,903068,20180825,  128,    0
 11106,903068,20180826,  105,    0
 11106,903068,20180827,  133,    0
 11106,903068,20180828,  141,    0
 11106,903068,20180829,  127,    0
 11106,903068,20180830,  124,    0
 11106,903068,20180831,  125,    0
 11106,903068,20180901,  168,    0
 11106,903068,20180902,  182,    0
 11106,903068,20180903,  133,    0
 11106,903068,20180904,  119,    0
 11106,903068,20180905,  138,    0
 11106,903068,20180906,  100,    0
 11106,903068,20180907,  128,    0
 11106,903068,20180908,  141,    0
 11106,903068,20180909,  135,    0
 11106,903068,20180910,  130,    0
 11106,903068,20180911,  141,    0
 11106,903068,20180912,  126,    0
 11106,903068,20180913,  123,    0
 11106,903068,20180914,  113,    0
 11106,903068,20180915,  106,    0
 11106,903068,20180916,  139,    0
 11106,903068,20180917,  120,    0
 11106,903068,20180918,  152,    0
 11106,903068,20180919,  120,    0
 11106,903068,20180920,  121,    0
 11106,903068,20180921,  102,    0
 11106,903068,20180922,  100,    0
 11106,903068,20180923,   81,    0
 11106,903068,20180924,   95,    0
 11106,903068,20180925,  111,    0
 11106,903068,20180926,  144,    0
 11106,903068,20180927,  130,    0
 11106,903068,20180928,   93,    0
 11106,903068,20180929,  112,    0
 11106,903068,20180930,   94,    0
 11106,903068,20181001,   83,    0
 11106,903068,20181002,   95,    0
 11106,903068,20181003,  108,    0
 11106,903068,20181004,  147,    0
 11106,903068,20181005,   80,    0
 11106,903068,20181006,   76,    0
 11106,903068,20181007,   80,    0
 11106,903068,20181008,   96,    0
 11106,903068,20181009,  145,    0
 11106,903068,20181010,  154,    0
 11106,903068,20181011,  147,    0
 11106,903068,20181012,  119,    0
 11106,903068,20181013,  110,    0
 11106,903068,20181014,   94,    0
 11106,903068,20181015,   88,    0
 11106,903068,20181016,  110,    0
 11106,903068,20181017,  102,    0
 11106,903068,20181018,   75,    0
 11106,903068,20181019,   97,    0
 11106,903068,20181020,  118,    0
 11106,903068,20181021,  111,    0
 11106,903068,20181022,   92,    0
 11106,903068,20181023,  128,    0
 11106,903068,20181024,  126,    0
 11106,903068,20181025,  104,    0
 11106,903068,20181026,   67,    0
 11106,903068,20181027,   59,    0
 11106,903068,20181028,   53,    0
 11106,903068,20181029,   23,    0
 11106,903068,20181030,   32,    0
 11106,903068,20181031,   31,    0
 11106,903068,20181101,   52,    0
 11106,903068,20181102,   48,    0
 11106,903068,20181103,  119,    0
 11106,903068,20181104,  103,    0
 11106,903068,20181105,   88,    0
 11106,903068,20181106,  104,    0
 11106,903068,20181107,  123,    0
 11106,903068,20181108,   70,    0
 11106,903068,20181109,   99,    0
 11106,903068,20181110,   98,    0
 11106,903068,20181111,   62,    0
 11106,903068,20181112,   78,    0
 11106,903068,20181113,   67,    0
 11106,903068,20181114,  108,    0
 11106,903068,20181115,  136,    0
 11106,903068,20181116,   85,    0
 11106,903068,20181117,   86,    0
 11106,903068,20181118,   71,    0
 11106,903068,20181119,   51,    0
 11106,903068,20181120,-9999,    9
 11106,903068,20181121,   71,    0
 11106,903068,20181122,   56,    0
 11106,903068,20181123,   73,    0
 11106,903068,20181124,   46,    0
 11106,903068,20181125,   27,    0
 11106,903068,20181126,   22,    0
 11106,903068,20181127,   27,    0
 11106,903068,20181128,   98,    0
 11106,903068,20181129,   88,    0
 11106,903068,20181130,   71,    0
 11106,903068,20181201,   47,    0
 11106,903068,20181202,    5,    0
 11106,903068,20181203,   46,    0
 11106,903068,20181204,   19,    0
 11106,903068,20181205,  -14,    0
 11106,903068,20181206,   56,    0
 11106,903068,20181207,   58,    0
 11106,903068,20181208,   74,    0
 11106,903068,20181209,   60,    0
 11106,903068,20181210,   38,    0
 11106,903068,20181211,   27,    0
 11106,903068,20181212,   67,    0
 11106,903068,20181213,   50,    0
 11106,903068,20181214,   46,    0
 11106,903068,20181215,   36,    0
 11106,903068,20181216,   51,    0
 11106,903068,20181217,   21,    0
 11106,903068,20181218,   86,    0
 11106,903068,20181219,   42,    0
 11106,903068,20181220,   50,    0
 11106,903068,20181221,   27,    0
 11106,903068,20181222,   21,    0
 11106,903068,20181223,   43,    0
 11106,903068,20181224,   36,    0
 11106,903068,20181225,    5,    0
 11106,903068,20181226,   72,    0
 11106,903068,20181227,   89,    0
 11106,903068,20181228,   68,    0
 11106,903068,20181229,   59,    0
 11106,903068,20181230,   80,    0
 11106,903068,20181231,  110,    0
 11106,903068,20190101,   63,    0
 11106,903068,20190102,   36,    0
 11106,903068,20190103,    2,    0
 11106,903068,20190104,   64,    0
 11106,903068,20190105,   60,    0
 11106,903068,20190106,   42,    0
 11106,903068,20190107,   86,    0
 11106,903068,20190108,   64,    0
 11106,903068,20190109,   41,    0
 11106,903068,20190110,   69,    0
 11106,903068,20190111,   80,    0
 11106,903068,20190112,   80,    0
 11106,903068,20190113,   94,    0
 11106,903068,20190114,   40,    0
 11106,903068,20190115,   69,    0
 11106,903068,20190116,   59,    0
 11106,903068,20190117,   23,    0
 11106,903068,20190118,    0,    0
 11106,903068,20190119,    0,    0
 11106,903068,20190120,   -9,    0
 11106,903068,20190121,   20,    0
 11106,903068,20190122,   21,    0
 11106,903068,20190123,   -4,    0
 11106,903068,20190124,   -1,    0
 11106,903068,20190125,   36,    0
 11106,903068,20190126,   40,    0
 11106,903068,20190127,   42,    0
 11106,903068,20190128,   26,    0
 11106,903068,20190129,   -1,    0
 11106,903068,20190130,   -4,    0
 11106,903068,20190131,  -21,    0
 11106,903068,20190201,   -6,    0
 11106,903068,20190202,   25,    0
 11106,903068,20190203,    9,    0
 11106,903068,20190204,   36,    0
 11106,903068,20190205,   23,    0
 11106,903068,20190206,   53,    0
 11106,903068,20190207,   31,    0
 11106,903068,20190208,   52,    0
 11106,903068,20190209,   68,    0
 11106,903068,20190210,   26,    0
 11106,903068,20190211,   43,    0
 11106,903068,20190212,   76,    0
 11106,903068,20190213,   93,    0
 11106,903068,20190214,  110,    0
 11106,903068,20190215,   90,    0
 11106,903068,20190216,   87,    0
 11106,903068,20190217,  106,    0
 11106,903068,20190218,   80,    0
 11106,903068,20190219,   60,    0
 11106,903068,20190220,  101,    0
 11106,903068,20190221,   98,    0
 11106,903068,20190222,  121,    0
 11106,903068,20190223,  134,    0
 11106,903068,20190224,   68,    0
 11106,903068,20190225,  113,    0
 11106,903068,20190226,  107,    0
 11106,903068,20190227,   65,    0
 11106,903068,20190228,   57,    0
 11106,903068,20190301,   88,    0
 11106,903068,20190302,   71,    0
 11106,903068,20190303,   83,    0
 11106,903068,20190304,   61,    0
 11106,903068,20190305,   32,    0
 11106,903068,20190306,   22,    0
 11106,903068,20190307,   65,    0
 11106,903068,20190308,   46,    0
 11106,903068,20190309,   47,    0
 11106,903068,20190310,   27,    0
 11106,903068,20190311,   52,    0
 11106,903068,20190312,   67,    0
 11106,903068,20190313,   59,    0
 11106,903068,20190314,   71,    0
 11106,903068,20190315,   58,    0
 11106,903068,20190316,   27,    0
 11106,903068,20190317,   49,    0
 11106,903068,20190318,   47,    0
 11106,903068,20190319,   73,    0
 11106,903068,20190320,  115,    0
 11106,903068,20190321,  106,    0
 11106,903068,20190322,  117,    0
 11106,903068,20190323,   68,    0
 11106,903068,20190324,   58,    0
 11106,903068,20190325,   75,    0
 11106,903068,20190326,   83,    0
 11106,903068,20190327,  117,    0
 11106,903068,20190328,  110,    0
 11106,903068,20190329,  113,    0
 11106,903068,20190330,   72,    0
 11106,903068,20190331,   34,    0
 11106,903068,20190401,   59,    0
 11106,903068,20190402,   52,    0
 11106,903068,20190403,   60,    0
 11106,903068,20190404,   70,    0
 11106,903068,20190405,   94,    0
 11106,903068,20190406,   46,    0
 11106,903068,20190407,   75,    0
 11106,903068,20190408,   73,    0
 11106,903068,20190409,   78,    0
 11106,903068,20190410,   27,    0
 11106,903068,20190411,   67,    0
 11106,903068,20190412,   74,    0
 11106,903068,20190413,   60,    0
 11106,903068,20190414,   55,    0
 11106,903068,20190415,-9999,    9
 11106,903068,20190416,  104,    0
 11106,903068,20190417,  106,    0
 11106,903068,20190418,  110,    0
 11106,903068,20190419,  154,    0
 11106,903068,20190420,  142,    0
 11106,903068,20190421,  150,    0
 11106,903068,20190422,  165,    0
 11106,903068,20190423,  133,    0
 11106,903068,20190424,  100,    0
 11106,903068,20190425,  135,    0
 11106,903068,20190426,  116,    0
 11106,903068,20190427,  100,    0
 11106,903068,20190428,  110,    0
 11106,903068,20190429,  116,    0
 11106,903068,20190430,   83,    0
