EUROPEAN CLIMATE ASSESSMENT & DATASET (ECA&D), file created on: 13-05-2019
THESE DATA CAN BE USED FOR NON-COMMERCIAL RESEARCH AND EDUCATION PROVIDED THAT THE FOLLOWING SOURCE IS ACKNOWLEDGED: 

Klein Tank, A.M.G. and Coauthors, 2002. Daily dataset of 20th-century surface
air temperature and precipitation series for the European Climate Assessment.
Int. J. of Climatol., 22, 1441-1453.
Data and metadata available at http://www.ecad.eu

FILE FORMAT (MISSING VALUE CODE = -9999):

01-06 STAID: Station identifier
08-13 SOUID: Source identifier
15-22 DATE : Date YYYYMMDD
24-28 TG   : Mean temperature in 0.1 &#176;C
30-34 Q_TG : quality code for TG (0='valid'; 1='suspect'; 9='missing')

This is the blended series of station LACOCK, UNITED KINGDOM (STAID: 11105)
Blended and updated with sources:56855 
See files sources.txt and stations.txt for more info.

STAID, SOUID,    DATE,   TG, Q_TG
 11105, 56855,20130101,   51,    0
 11105, 56855,20130102,   73,    0
 11105, 56855,20130103,   78,    0
 11105, 56855,20130104,   99,    0
 11105, 56855,20130105,   98,    1
 11105, 56855,20130106,   69,    0
 11105, 56855,20130107,   77,    0
 11105, 56855,20130108,   96,    1
 11105, 56855,20130109,   70,    1
 11105, 56855,20130110,   29,    0
 11105, 56855,20130111,   52,    1
 11105, 56855,20130112,   30,    0
 11105, 56855,20130113,    5,    0
 11105, 56855,20130114,   17,    0
 11105, 56855,20130115,   13,    0
 11105, 56855,20130116,    0,    0
 11105, 56855,20130117,   -5,    0
 11105, 56855,20130118,   -3,    0
 11105, 56855,20130119,   -7,    0
 11105, 56855,20130120,  -13,    0
 11105, 56855,20130121,    3,    0
 11105, 56855,20130122,    5,    0
 11105, 56855,20130123,    3,    0
 11105, 56855,20130124,   10,    0
 11105, 56855,20130125,    9,    0
 11105, 56855,20130126,   58,    0
 11105, 56855,20130127,   55,    0
 11105, 56855,20130128,   64,    0
 11105, 56855,20130129,   83,    0
 11105, 56855,20130130,   97,    0
 11105, 56855,20130131,   80,    1
 11105, 56855,20130201,   59,    0
 11105, 56855,20130202,   51,    0
 11105, 56855,20130203,   37,    0
 11105, 56855,20130204,   63,    0
 11105, 56855,20130205,   47,    0
 11105, 56855,20130206,   45,    0
 11105, 56855,20130207,   20,    0
 11105, 56855,20130208,   29,    0
 11105, 56855,20130209,   39,    0
 11105, 56855,20130210,   42,    1
 11105, 56855,20130211,   22,    0
 11105, 56855,20130212,   15,    0
 11105, 56855,20130213,   50,    0
 11105, 56855,20130214,   61,    0
 11105, 56855,20130215,   49,    0
 11105, 56855,20130216,   48,    0
 11105, 56855,20130217,   54,    0
 11105, 56855,20130218,   34,    0
 11105, 56855,20130219,   38,    0
 11105, 56855,20130220,   14,    0
 11105, 56855,20130221,    4,    0
 11105, 56855,20130222,    9,    0
 11105, 56855,20130223,    9,    0
 11105, 56855,20130224,    6,    0
 11105, 56855,20130225,   25,    0
 11105, 56855,20130226,   32,    0
 11105, 56855,20130227,   35,    0
 11105, 56855,20130228,   28,    0
 11105, 56855,20130301,   37,    0
 11105, 56855,20130302,   45,    0
 11105, 56855,20130303,   10,    0
 11105, 56855,20130304,   49,    0
 11105, 56855,20130305,   61,    0
 11105, 56855,20130306,   46,    0
 11105, 56855,20130307,   88,    0
 11105, 56855,20130308,   98,    0
 11105, 56855,20130309,   80,    1
 11105, 56855,20130310,   28,    1
 11105, 56855,20130311,    4,    0
 11105, 56855,20130312,    7,    0
 11105, 56855,20130313,   25,    0
 11105, 56855,20130314,   13,    0
 11105, 56855,20130315,   39,    0
 11105, 56855,20130316,   69,    0
 11105, 56855,20130317,   51,    0
 11105, 56855,20130318,   24,    0
 11105, 56855,20130319,   35,    0
 11105, 56855,20130320,   36,    0
 11105, 56855,20130321,   43,    0
 11105, 56855,20130322,   49,    1
 11105, 56855,20130323,   15,    1
 11105, 56855,20130324,    0,    0
 11105, 56855,20130325,    7,    0
 11105, 56855,20130326,    7,    0
 11105, 56855,20130327,   14,    0
 11105, 56855,20130328,   16,    0
 11105, 56855,20130329,    6,    0
 11105, 56855,20130330,    9,    0
 11105, 56855,20130331,    8,    0
 11105, 56855,20130401,   30,    0
 11105, 56855,20130402,   27,    0
 11105, 56855,20130403,   21,    0
 11105, 56855,20130404,   20,    0
 11105, 56855,20130405,   44,    0
 11105, 56855,20130406,   28,    0
 11105, 56855,20130407,   27,    0
 11105, 56855,20130408,   57,    0
 11105, 56855,20130409,   61,    0
 11105, 56855,20130410,   59,    0
 11105, 56855,20130411,   82,    0
 11105, 56855,20130412,   85,    0
 11105, 56855,20130413,   76,    0
 11105, 56855,20130414,  113,    0
 11105, 56855,20130415,  113,    0
 11105, 56855,20130416,  130,    0
 11105, 56855,20130417,  121,    0
 11105, 56855,20130418,  105,    0
 11105, 56855,20130419,  100,    0
 11105, 56855,20130420,   75,    0
 11105, 56855,20130421,   64,    0
 11105, 56855,20130422,   87,    0
 11105, 56855,20130423,  126,    0
 11105, 56855,20130424,  113,    0
 11105, 56855,20130425,  116,    0
 11105, 56855,20130426,   89,    0
 11105, 56855,20130427,   67,    0
 11105, 56855,20130428,   66,    0
 11105, 56855,20130429,   87,    0
 11105, 56855,20130430,   68,    0
 11105, 56855,20130501,   73,    0
 11105, 56855,20130502,   94,    0
 11105, 56855,20130503,   85,    0
 11105, 56855,20130504,  108,    0
 11105, 56855,20130505,  126,    0
 11105, 56855,20130506,  114,    0
 11105, 56855,20130507,  117,    0
 11105, 56855,20130508,  135,    1
 11105, 56855,20130509,   90,    0
 11105, 56855,20130510,  122,    0
 11105, 56855,20130511,   99,    0
 11105, 56855,20130512,   80,    0
 11105, 56855,20130513,  105,    1
 11105, 56855,20130514,   77,    0
 11105, 56855,20130515,  101,    0
 11105, 56855,20130516,   93,    0
 11105, 56855,20130517,   96,    0
 11105, 56855,20130518,  115,    0
 11105, 56855,20130519,  123,    0
 11105, 56855,20130520,  135,    0
 11105, 56855,20130521,  133,    0
 11105, 56855,20130522,  119,    1
 11105, 56855,20130523,   81,    0
 11105, 56855,20130524,   78,    0
 11105, 56855,20130525,  103,    0
 11105, 56855,20130526,   99,    0
 11105, 56855,20130527,   88,    0
 11105, 56855,20130528,  103,    0
 11105, 56855,20130529,  104,    0
 11105, 56855,20130530,  129,    0
 11105, 56855,20130531,  148,    0
 11105, 56855,20130601,  118,    0
 11105, 56855,20130602,  108,    0
 11105, 56855,20130603,  109,    0
 11105, 56855,20130604,  117,    0
 11105, 56855,20130605,  130,    0
 11105, 56855,20130606,  136,    0
 11105, 56855,20130607,  130,    0
 11105, 56855,20130608,  129,    0
 11105, 56855,20130609,  129,    0
 11105, 56855,20130610,   98,    0
 11105, 56855,20130611,  134,    0
 11105, 56855,20130612,  141,    0
 11105, 56855,20130613,  140,    0
 11105, 56855,20130614,  127,    0
 11105, 56855,20130615,  125,    0
 11105, 56855,20130616,  131,    0
 11105, 56855,20130617,  144,    0
 11105, 56855,20130618,  155,    0
 11105, 56855,20130619,  175,    0
 11105, 56855,20130620,  177,    0
 11105, 56855,20130621,  178,    1
 11105, 56855,20130622,  141,    0
 11105, 56855,20130623,  134,    0
 11105, 56855,20130624,  136,    0
 11105, 56855,20130625,  120,    0
 11105, 56855,20130626,  135,    0
 11105, 56855,20130627,  149,    0
 11105, 56855,20130628,  167,    0
 11105, 56855,20130629,  172,    0
 11105, 56855,20130630,  167,    0
 11105, 56855,20130701,  155,    0
 11105, 56855,20130702,  129,    0
 11105, 56855,20130703,  150,    0
 11105, 56855,20130704,  163,    0
 11105, 56855,20130705,  173,    0
 11105, 56855,20130706,  178,    0
 11105, 56855,20130707,  196,    0
 11105, 56855,20130708,  197,    0
 11105, 56855,20130709,  190,    0
 11105, 56855,20130710,  172,    0
 11105, 56855,20130711,  161,    0
 11105, 56855,20130712,  170,    0
 11105, 56855,20130713,  200,    0
 11105, 56855,20130714,  214,    0
 11105, 56855,20130715,  199,    0
 11105, 56855,20130716,  211,    0
 11105, 56855,20130717,  218,    0
 11105, 56855,20130718,  214,    0
 11105, 56855,20130719,  199,    0
 11105, 56855,20130720,  208,    0
 11105, 56855,20130721,  208,    0
 11105, 56855,20130722,  222,    0
 11105, 56855,20130723,  216,    0
 11105, 56855,20130724,  193,    0
 11105, 56855,20130725,  204,    0
 11105, 56855,20130726,  189,    0
 11105, 56855,20130727,  164,    0
 11105, 56855,20130728,  178,    0
 11105, 56855,20130729,  177,    0
 11105, 56855,20130730,  181,    0
 11105, 56855,20130731,  187,    0
 11105, 56855,20130801,  225,    0
 11105, 56855,20130802,  190,    0
 11105, 56855,20130803,  168,    0
 11105, 56855,20130804,  160,    0
 11105, 56855,20130805,  184,    0
 11105, 56855,20130806,  150,    0
 11105, 56855,20130807,  159,    0
 11105, 56855,20130808,  157,    0
 11105, 56855,20130809,  196,    0
 11105, 56855,20130810,  151,    0
 11105, 56855,20130811,  170,    0
 11105, 56855,20130812,  156,    0
 11105, 56855,20130813,  136,    0
 11105, 56855,20130814,  145,    0
 11105, 56855,20130815,  182,    0
 11105, 56855,20130816,  200,    1
 11105, 56855,20130817,  142,    0
 11105, 56855,20130818,  170,    0
 11105, 56855,20130819,  158,    0
 11105, 56855,20130820,  160,    0
 11105, 56855,20130821,  159,    0
 11105, 56855,20130822,  190,    0
 11105, 56855,20130823,  183,    0
 11105, 56855,20130824,  162,    0
 11105, 56855,20130825,  157,    0
 11105, 56855,20130826,  188,    0
 11105, 56855,20130827,  161,    0
 11105, 56855,20130828,  161,    0
 11105, 56855,20130829,  158,    0
 11105, 56855,20130830,  175,    0
 11105, 56855,20130831,  145,    0
 11105, 56855,20130901,  135,    0
 11105, 56855,20130902,  162,    0
 11105, 56855,20130903,  178,    0
 11105, 56855,20130904,  154,    0
 11105, 56855,20130905,  182,    1
 11105, 56855,20130906,  146,    0
 11105, 56855,20130907,  119,    0
 11105, 56855,20130908,  109,    0
 11105, 56855,20130909,  133,    0
 11105, 56855,20130910,  128,    0
 11105, 56855,20130911,  122,    0
 11105, 56855,20130912,  165,    0
 11105, 56855,20130913,  163,    1
 11105, 56855,20130914,  114,    0
 11105, 56855,20130915,  102,    0
 11105, 56855,20130916,   96,    0
 11105, 56855,20130917,  128,    0
 11105, 56855,20130918,  129,    0
 11105, 56855,20130919,  131,    0
 11105, 56855,20130920,  125,    0
 11105, 56855,20130921,  129,    0
 11105, 56855,20130922,  163,    0
 11105, 56855,20130923,  158,    0
 11105, 56855,20130924,  153,    0
 11105, 56855,20130925,  168,    1
 11105, 56855,20130926,  141,    0
 11105, 56855,20130927,  148,    0
 11105, 56855,20130928,  140,    0
 11105, 56855,20130929,  148,    0
 11105, 56855,20130930,  150,    0
 11105, 56855,20131001,  150,    0
 11105, 56855,20131002,  157,    0
 11105, 56855,20131003,  169,    0
 11105, 56855,20131004,  183,    1
 11105, 56855,20131005,  150,    0
 11105, 56855,20131006,  133,    0
 11105, 56855,20131007,  121,    0
 11105, 56855,20131008,  146,    0
 11105, 56855,20131009,  141,    1
 11105, 56855,20131010,   82,    0
 11105, 56855,20131011,  101,    0
 11105, 56855,20131012,  115,    0
 11105, 56855,20131013,  100,    0
 11105, 56855,20131014,  103,    0
 11105, 56855,20131015,   96,    0
 11105, 56855,20131016,  101,    0
 11105, 56855,20131017,  144,    0
 11105, 56855,20131018,  139,    0
 11105, 56855,20131019,  155,    0
 11105, 56855,20131020,  140,    0
 11105, 56855,20131021,  142,    0
 11105, 56855,20131022,  162,    1
 11105, 56855,20131023,  143,    0
 11105, 56855,20131024,  100,    0
 11105, 56855,20131025,  133,    0
 11105, 56855,20131026,  145,    0
 11105, 56855,20131027,  122,    0
 11105, 56855,20131028,  112,    0
 11105, 56855,20131029,   90,    0
 11105, 56855,20131030,   88,    0
 11105, 56855,20131031,   90,    0
 11105, 56855,20131101,  123,    0
 11105, 56855,20131102,  100,    0
 11105, 56855,20131103,   80,    0
 11105, 56855,20131104,   63,    0
 11105, 56855,20131105,   73,    0
 11105, 56855,20131106,  117,    1
 11105, 56855,20131107,   84,    1
 11105, 56855,20131108,   53,    0
 11105, 56855,20131109,   52,    0
 11105, 56855,20131110,   67,    0
 11105, 56855,20131111,   79,    0
 11105, 56855,20131112,  108,    1
 11105, 56855,20131113,   43,    0
 11105, 56855,20131114,   72,    0
 11105, 56855,20131115,   47,    0
 11105, 56855,20131116,   40,    0
 11105, 56855,20131117,   64,    0
 11105, 56855,20131118,   64,    1
 11105, 56855,20131119,   39,    0
 11105, 56855,20131120,   30,    0
 11105, 56855,20131121,   58,    0
 11105, 56855,20131122,   38,    0
 11105, 56855,20131123,   29,    0
 11105, 56855,20131124,   27,    0
 11105, 56855,20131125,   44,    0
 11105, 56855,20131126,   22,    0
 11105, 56855,20131127,   51,    0
 11105, 56855,20131128,   81,    0
 11105, 56855,20131129,   84,    1
 11105, 56855,20131130,   50,    0
 11105, 56855,20131201,   30,    0
 11105, 56855,20131202,   60,    0
 11105, 56855,20131203,   49,    0
 11105, 56855,20131204,   62,    0
 11105, 56855,20131205,   45,    0
 11105, 56855,20131206,   49,    0
 11105, 56855,20131207,   65,    0
 11105, 56855,20131208,   72,    0
 11105, 56855,20131209,   81,    0
 11105, 56855,20131210,   63,    0
 11105, 56855,20131211,   47,    0
 11105, 56855,20131212,   76,    0
 11105, 56855,20131213,   95,    0
 11105, 56855,20131214,   75,    0
 11105, 56855,20131215,   93,    0
 11105, 56855,20131216,  105,    1
 11105, 56855,20131217,   59,    0
 11105, 56855,20131218,   62,    0
 11105, 56855,20131219,   53,    0
 11105, 56855,20131220,   66,    0
 11105, 56855,20131221,   81,    0
 11105, 56855,20131222,   83,    0
 11105, 56855,20131223,   74,    0
 11105, 56855,20131224,   73,    1
 11105, 56855,20131225,   40,    0
 11105, 56855,20131226,   53,    0
 11105, 56855,20131227,   51,    0
 11105, 56855,20131228,   51,    0
 11105, 56855,20131229,   45,    0
 11105, 56855,20131230,   73,    0
 11105, 56855,20131231,   73,    0
 11105, 56855,20140101,   76,    0
 11105, 56855,20140102,   75,    0
 11105, 56855,20140103,   73,    0
 11105, 56855,20140104,   71,    0
 11105, 56855,20140105,   71,    0
 11105, 56855,20140106,   63,    0
 11105, 56855,20140107,   93,    0
 11105, 56855,20140108,   93,    0
 11105, 56855,20140109,   80,    0
 11105, 56855,20140110,   54,    0
 11105, 56855,20140111,   44,    0
 11105, 56855,20140112,   33,    0
 11105, 56855,20140113,   51,    0
 11105, 56855,20140114,   42,    0
 11105, 56855,20140115,   57,    0
 11105, 56855,20140116,   71,    0
 11105, 56855,20140117,   68,    0
 11105, 56855,20140118,   73,    1
 11105, 56855,20140119,   39,    0
 11105, 56855,20140120,   48,    0
 11105, 56855,20140121,   27,    0
 11105, 56855,20140122,   40,    0
 11105, 56855,20140123,   50,    0
 11105, 56855,20140124,   59,    0
 11105, 56855,20140125,   72,    0
 11105, 56855,20140126,   70,    0
 11105, 56855,20140127,   40,    0
 11105, 56855,20140128,   65,    0
 11105, 56855,20140129,   55,    1
 11105, 56855,20140130,   35,    0
 11105, 56855,20140131,   63,    0
 11105, 56855,20140201,   63,    0
 11105, 56855,20140202,-9999,    9
 11105, 56855,20140203,-9999,    9
 11105, 56855,20140204,   48,    0
 11105, 56855,20140205,   65,    0
 11105, 56855,20140206,   63,    0
 11105, 56855,20140207,   64,    0
 11105, 56855,20140208,-9999,    9
 11105, 56855,20140209,   57,    0
 11105, 56855,20140210,   46,    0
 11105, 56855,20140211,   49,    0
 11105, 56855,20140212,   60,    0
 11105, 56855,20140213,   50,    0
 11105, 56855,20140214,   54,    0
 11105, 56855,20140215,   63,    0
 11105, 56855,20140216,   64,    0
 11105, 56855,20140217,-9999,    9
 11105, 56855,20140218,   88,    0
 11105, 56855,20140219,   72,    0
 11105, 56855,20140220,   93,    0
 11105, 56855,20140221,   63,    0
 11105, 56855,20140222,   78,    0
 11105, 56855,20140223,  100,    0
 11105, 56855,20140224,   92,    0
 11105, 56855,20140225,   78,    0
 11105, 56855,20140226,   68,    0
 11105, 56855,20140227,   73,    1
 11105, 56855,20140228,   47,    0
 11105, 56855,20140301,   29,    0
 11105, 56855,20140302,   28,    0
 11105, 56855,20140303,   51,    0
 11105, 56855,20140304,   53,    0
 11105, 56855,20140305,   46,    0
 11105, 56855,20140306,   54,    0
 11105, 56855,20140307,  114,    0
 11105, 56855,20140308,   91,    0
 11105, 56855,20140309,  101,    0
 11105, 56855,20140310,   58,    0
 11105, 56855,20140311,   71,    0
 11105, 56855,20140312,   53,    0
 11105, 56855,20140313,   50,    0
 11105, 56855,20140314,   76,    0
 11105, 56855,20140315,   85,    0
 11105, 56855,20140316,   95,    0
 11105, 56855,20140317,   71,    0
 11105, 56855,20140318,  103,    0
 11105, 56855,20140319,  102,    0
 11105, 56855,20140320,   91,    0
 11105, 56855,20140321,   73,    0
 11105, 56855,20140322,   66,    0
 11105, 56855,20140323,   59,    0
 11105, 56855,20140324,   30,    0
 11105, 56855,20140325,   53,    0
 11105, 56855,20140326,   37,    0
 11105, 56855,20140327,   53,    0
 11105, 56855,20140328,   76,    0
 11105, 56855,20140329,  114,    0
 11105, 56855,20140330,  103,    0
 11105, 56855,20140331,   98,    0
 11105, 56855,20140401,  116,    0
 11105, 56855,20140402,  130,    0
 11105, 56855,20140403,  122,    0
 11105, 56855,20140404,  108,    0
 11105, 56855,20140405,  105,    0
 11105, 56855,20140406,  117,    0
 11105, 56855,20140407,  121,    0
 11105, 56855,20140408,   80,    0
 11105, 56855,20140409,   96,    0
 11105, 56855,20140410,   84,    0
 11105, 56855,20140411,   91,    0
 11105, 56855,20140412,   87,    0
 11105, 56855,20140413,  102,    0
 11105, 56855,20140414,   95,    0
 11105, 56855,20140415,   76,    0
 11105, 56855,20140416,   85,    0
 11105, 56855,20140417,   89,    0
 11105, 56855,20140418,   81,    0
 11105, 56855,20140419,   66,    0
 11105, 56855,20140420,   86,    0
 11105, 56855,20140421,  102,    0
 11105, 56855,20140422,  112,    0
 11105, 56855,20140423,  103,    0
 11105, 56855,20140424,  111,    0
 11105, 56855,20140425,   84,    0
 11105, 56855,20140426,  110,    0
 11105, 56855,20140427,  106,    0
 11105, 56855,20140428,  108,    0
 11105, 56855,20140429,  103,    0
 11105, 56855,20140430,  109,    0
 11105, 56855,20140501,  109,    0
 11105, 56855,20140502,  103,    0
 11105, 56855,20140503,   72,    0
 11105, 56855,20140504,   94,    0
 11105, 56855,20140505,  103,    0
 11105, 56855,20140506,  132,    0
 11105, 56855,20140507,  124,    0
 11105, 56855,20140508,  126,    0
 11105, 56855,20140509,  131,    0
 11105, 56855,20140510,  132,    0
 11105, 56855,20140511,   93,    0
 11105, 56855,20140512,  103,    0
 11105, 56855,20140513,  109,    0
 11105, 56855,20140514,  101,    0
 11105, 56855,20140515,  120,    0
 11105, 56855,20140516,  156,    0
 11105, 56855,20140517,  151,    0
 11105, 56855,20140518,  142,    0
 11105, 56855,20140519,  157,    0
 11105, 56855,20140520,  153,    0
 11105, 56855,20140521,  115,    0
 11105, 56855,20140522,  121,    0
 11105, 56855,20140523,  122,    0
 11105, 56855,20140524,  113,    0
 11105, 56855,20140525,  128,    0
 11105, 56855,20140526,   98,    0
 11105, 56855,20140527,  132,    1
 11105, 56855,20140528,  113,    0
 11105, 56855,20140529,  145,    0
 11105, 56855,20140530,  137,    0
 11105, 56855,20140531,  154,    0
 11105, 56855,20140601,  137,    0
 11105, 56855,20140602,  139,    0
 11105, 56855,20140603,  153,    1
 11105, 56855,20140604,  116,    0
 11105, 56855,20140605,  131,    0
 11105, 56855,20140606,  142,    0
 11105, 56855,20140607,  181,    0
 11105, 56855,20140608,  169,    0
 11105, 56855,20140609,  168,    0
 11105, 56855,20140610,  162,    0
 11105, 56855,20140611,  148,    0
 11105, 56855,20140612,  150,    0
 11105, 56855,20140613,  165,    0
 11105, 56855,20140614,  186,    0
 11105, 56855,20140615,  159,    0
 11105, 56855,20140616,  154,    0
 11105, 56855,20140617,  150,    0
 11105, 56855,20140618,  173,    0
 11105, 56855,20140619,  164,    0
 11105, 56855,20140620,  168,    0
 11105, 56855,20140621,  156,    0
 11105, 56855,20140622,  166,    0
 11105, 56855,20140623,  203,    0
 11105, 56855,20140624,  177,    0
 11105, 56855,20140625,  159,    0
 11105, 56855,20140626,  164,    0
 11105, 56855,20140627,  163,    0
 11105, 56855,20140628,  128,    0
 11105, 56855,20140629,  153,    0
 11105, 56855,20140630,  144,    0
 11105, 56855,20140701,  148,    0
 11105, 56855,20140702,  153,    0
 11105, 56855,20140703,  177,    0
 11105, 56855,20140704,  173,    0
 11105, 56855,20140705,  188,    0
 11105, 56855,20140706,  150,    0
 11105, 56855,20140707,  152,    0
 11105, 56855,20140708,  137,    0
 11105, 56855,20140709,  159,    0
 11105, 56855,20140710,  165,    0
 11105, 56855,20140711,  175,    0
 11105, 56855,20140712,  188,    0
 11105, 56855,20140713,  201,    0
 11105, 56855,20140714,  152,    0
 11105, 56855,20140715,  192,    0
 11105, 56855,20140716,  165,    0
 11105, 56855,20140717,  211,    0
 11105, 56855,20140718,  212,    0
 11105, 56855,20140719,  205,    0
 11105, 56855,20140720,  198,    0
 11105, 56855,20140721,  193,    0
 11105, 56855,20140722,  188,    0
 11105, 56855,20140723,  206,    0
 11105, 56855,20140724,  211,    0
 11105, 56855,20140725,  203,    0
 11105, 56855,20140726,  199,    0
 11105, 56855,20140727,  198,    0
 11105, 56855,20140728,  181,    0
 11105, 56855,20140729,  179,    0
 11105, 56855,20140730,  170,    0
 11105, 56855,20140731,  179,    0
 11105, 56855,20140801,  168,    0
 11105, 56855,20140802,  193,    0
 11105, 56855,20140803,  165,    0
 11105, 56855,20140804,  163,    0
 11105, 56855,20140805,  156,    0
 11105, 56855,20140806,  200,    0
 11105, 56855,20140807,  175,    0
 11105, 56855,20140808,  168,    0
 11105, 56855,20140809,  165,    0
 11105, 56855,20140810,  177,    0
 11105, 56855,20140811,  138,    0
 11105, 56855,20140812,  150,    0
 11105, 56855,20140813,  154,    0
 11105, 56855,20140814,  148,    0
 11105, 56855,20140815,  142,    0
 11105, 56855,20140816,  142,    0
 11105, 56855,20140817,  162,    0
 11105, 56855,20140818,  140,    0
 11105, 56855,20140819,  135,    0
 11105, 56855,20140820,  107,    0
 11105, 56855,20140821,  110,    0
 11105, 56855,20140822,  137,    0
 11105, 56855,20140823,  113,    0
 11105, 56855,20140824,  106,    0
 11105, 56855,20140825,  130,    0
 11105, 56855,20140826,  150,    0
 11105, 56855,20140827,  140,    0
 11105, 56855,20140828,  166,    0
 11105, 56855,20140829,  155,    0
 11105, 56855,20140830,  155,    0
 11105, 56855,20140831,  151,    0
 11105, 56855,20140901,  151,    0
 11105, 56855,20140902,  145,    0
 11105, 56855,20140903,  165,    0
 11105, 56855,20140904,  153,    0
 11105, 56855,20140905,  167,    0
 11105, 56855,20140906,  173,    0
 11105, 56855,20140907,  167,    0
 11105, 56855,20140908,  137,    0
 11105, 56855,20140909,  143,    0
 11105, 56855,20140910,  139,    0
 11105, 56855,20140911,  121,    0
 11105, 56855,20140912,  154,    0
 11105, 56855,20140913,  154,    0
 11105, 56855,20140914,  145,    0
 11105, 56855,20140915,  162,    0
 11105, 56855,20140916,  164,    0
 11105, 56855,20140917,  169,    0
 11105, 56855,20140918,  193,    1
 11105, 56855,20140919,  172,    0
 11105, 56855,20140920,  150,    0
 11105, 56855,20140921,  149,    0
 11105, 56855,20140922,  111,    0
 11105, 56855,20140923,  119,    0
 11105, 56855,20140924,  123,    0
 11105, 56855,20140925,  127,    0
 11105, 56855,20140926,  175,    0
 11105, 56855,20140927,  165,    0
 11105, 56855,20140928,  167,    0
 11105, 56855,20140929,  154,    0
 11105, 56855,20140930,  172,    0
 11105, 56855,20141001,  149,    0
 11105, 56855,20141002,  148,    0
 11105, 56855,20141003,  159,    1
 11105, 56855,20141004,  133,    0
 11105, 56855,20141005,  105,    0
 11105, 56855,20141006,  120,    0
 11105, 56855,20141007,   95,    0
 11105, 56855,20141008,  108,    0
 11105, 56855,20141009,  131,    0
 11105, 56855,20141010,  124,    0
 11105, 56855,20141011,  113,    0
 11105, 56855,20141012,   79,    0
 11105, 56855,20141013,   75,    0
 11105, 56855,20141014,   96,    0
 11105, 56855,20141015,  123,    0
 11105, 56855,20141016,  136,    0
 11105, 56855,20141017,  146,    0
 11105, 56855,20141018,  142,    0
 11105, 56855,20141019,  146,    0
 11105, 56855,20141020,  124,    0
 11105, 56855,20141021,  132,    0
 11105, 56855,20141022,  103,    0
 11105, 56855,20141023,  116,    0
 11105, 56855,20141024,  144,    0
 11105, 56855,20141025,  123,    0
 11105, 56855,20141026,  118,    0
 11105, 56855,20141027,  123,    0
 11105, 56855,20141028,  158,    0
 11105, 56855,20141029,  147,    0
 11105, 56855,20141030,  145,    0
 11105, 56855,20141031,  163,    0
 11105, 56855,20141101,-9999,    9
 11105, 56855,20141102,-9999,    9
 11105, 56855,20141103,-9999,    9
 11105, 56855,20141104,-9999,    9
 11105, 56855,20141105,-9999,    9
 11105, 56855,20141106,-9999,    9
 11105, 56855,20141107,-9999,    9
 11105, 56855,20141108,-9999,    9
 11105, 56855,20141109,-9999,    9
 11105, 56855,20141110,-9999,    9
 11105, 56855,20141111,-9999,    9
 11105, 56855,20141112,-9999,    9
 11105, 56855,20141113,-9999,    9
 11105, 56855,20141114,-9999,    9
 11105, 56855,20141115,-9999,    9
 11105, 56855,20141116,-9999,    9
 11105, 56855,20141117,-9999,    9
 11105, 56855,20141118,-9999,    9
 11105, 56855,20141119,-9999,    9
 11105, 56855,20141120,-9999,    9
 11105, 56855,20141121,-9999,    9
 11105, 56855,20141122,-9999,    9
 11105, 56855,20141123,-9999,    9
 11105, 56855,20141124,-9999,    9
 11105, 56855,20141125,-9999,    9
 11105, 56855,20141126,-9999,    9
 11105, 56855,20141127,-9999,    9
 11105, 56855,20141128,-9999,    9
 11105, 56855,20141129,-9999,    9
 11105, 56855,20141130,-9999,    9
 11105, 56855,20141201,-9999,    9
 11105, 56855,20141202,   73,    0
 11105, 56855,20141203,   28,    0
 11105, 56855,20141204,   14,    0
 11105, 56855,20141205,   41,    0
 11105, 56855,20141206,   34,    0
 11105, 56855,20141207,   35,    0
 11105, 56855,20141208,   19,    0
 11105, 56855,20141209,   48,    0
 11105, 56855,20141210,   43,    0
 11105, 56855,20141211,   73,    0
 11105, 56855,20141212,   73,    0
 11105, 56855,20141213,   27,    0
 11105, 56855,20141214,   41,    0
 11105, 56855,20141215,   61,    0
 11105, 56855,20141216,   57,    0
 11105, 56855,20141217,-9999,    9
 11105, 56855,20141218,-9999,    9
 11105, 56855,20141219,   90,    0
 11105, 56855,20141220,   74,    0
 11105, 56855,20141221,   88,    0
 11105, 56855,20141222,   87,    0
 11105, 56855,20141223,  120,    0
 11105, 56855,20141224,-9999,    9
 11105, 56855,20141225,-9999,    9
 11105, 56855,20141226,-9999,    9
 11105, 56855,20141227,-9999,    9
 11105, 56855,20141228,-9999,    9
 11105, 56855,20141229,-9999,    9
 11105, 56855,20141230,-9999,    9
 11105, 56855,20141231,-9999,    9
 11105, 56855,20150101,   85,    0
 11105, 56855,20150102,   68,    0
 11105, 56855,20150103,   83,    1
 11105, 56855,20150104,   37,    0
 11105, 56855,20150105,   45,    0
 11105, 56855,20150106,   83,    0
 11105, 56855,20150107,   63,    0
 11105, 56855,20150108,   75,    0
 11105, 56855,20150109,  105,    0
 11105, 56855,20150110,  110,    1
 11105, 56855,20150111,   59,    0
 11105, 56855,20150112,   78,    1
 11105, 56855,20150113,   64,    0
 11105, 56855,20150114,   58,    0
 11105, 56855,20150115,   45,    0
 11105, 56855,20150116,   52,    1
 11105, 56855,20150117,   21,    0
 11105, 56855,20150118,   25,    0
 11105, 56855,20150119,   15,    0
 11105, 56855,20150120,    8,    0
 11105, 56855,20150121,   11,    0
 11105, 56855,20150122,   25,    0
 11105, 56855,20150123,   15,    0
 11105, 56855,20150124,   12,    0
 11105, 56855,20150125,   41,    0
 11105, 56855,20150126,   59,    0
 11105, 56855,20150127,   57,    0
 11105, 56855,20150128,   56,    0
 11105, 56855,20150129,   38,    0
 11105, 56855,20150130,   37,    0
 11105, 56855,20150131,   44,    0
 11105, 56855,20150201,   41,    1
 11105, 56855,20150202,   -2,    0
 11105, 56855,20150203,   11,    0
 11105, 56855,20150204,    2,    0
 11105, 56855,20150205,   19,    0
 11105, 56855,20150206,   10,    0
 11105, 56855,20150207,   13,    0
 11105, 56855,20150208,   48,    0
 11105, 56855,20150209,   15,    0
 11105, 56855,20150210,   34,    0
 11105, 56855,20150211,   36,    0
 11105, 56855,20150212,   53,    0
 11105, 56855,20150213,   61,    0
 11105, 56855,20150214,   56,    0
 11105, 56855,20150215,   46,    0
 11105, 56855,20150216,   44,    0
 11105, 56855,20150217,   44,    0
 11105, 56855,20150218,   42,    0
 11105, 56855,20150219,   68,    0
 11105, 56855,20150220,   40,    0
 11105, 56855,20150221,   39,    0
 11105, 56855,20150222,-9999,    9
 11105, 56855,20150223,-9999,    9
 11105, 56855,20150224,-9999,    9
 11105, 56855,20150225,-9999,    9
 11105, 56855,20150226,-9999,    9
 11105, 56855,20150227,-9999,    9
 11105, 56855,20150228,-9999,    9
 11105, 56855,20150301,-9999,    9
 11105, 56855,20150302,-9999,    9
 11105, 56855,20150303,-9999,    9
 11105, 56855,20150304,-9999,    9
 11105, 56855,20150305,-9999,    9
 11105, 56855,20150306,   66,    0
 11105, 56855,20150307,-9999,    9
 11105, 56855,20150308,-9999,    9
 11105, 56855,20150309,-9999,    9
 11105, 56855,20150310,-9999,    9
 11105, 56855,20150311,-9999,    9
 11105, 56855,20150312,-9999,    9
 11105, 56855,20150313,-9999,    9
 11105, 56855,20150314,-9999,    9
 11105, 56855,20150315,-9999,    9
 11105, 56855,20150316,-9999,    9
 11105, 56855,20150317,-9999,    9
 11105, 56855,20150318,   41,    0
 11105, 56855,20150319,   25,    0
 11105, 56855,20150320,   72,    0
 11105, 56855,20150321,   86,    0
 11105, 56855,20150322,   76,    0
 11105, 56855,20150323,   49,    0
 11105, 56855,20150324,   63,    0
 11105, 56855,20150325,   43,    0
 11105, 56855,20150326,   72,    0
 11105, 56855,20150327,   72,    0
 11105, 56855,20150328,   95,    0
 11105, 56855,20150329,   95,    0
 11105, 56855,20150330,   84,    0
 11105, 56855,20150331,  101,    0
 11105, 56855,20150401,   71,    0
 11105, 56855,20150402,   87,    0
 11105, 56855,20150403,   90,    0
 11105, 56855,20150404,   83,    0
 11105, 56855,20150405,   76,    0
 11105, 56855,20150406,   88,    0
 11105, 56855,20150407,   86,    0
 11105, 56855,20150408,  102,    0
 11105, 56855,20150409,   95,    0
 11105, 56855,20150410,  103,    0
 11105, 56855,20150411,   98,    0
 11105, 56855,20150412,   80,    0
 11105, 56855,20150413,  126,    0
 11105, 56855,20150414,  121,    0
 11105, 56855,20150415,  124,    0
 11105, 56855,20150416,  124,    0
 11105, 56855,20150417,  107,    0
 11105, 56855,20150418,   90,    0
 11105, 56855,20150419,   68,    0
 11105, 56855,20150420,   88,    0
 11105, 56855,20150421,   96,    0
 11105, 56855,20150422,   90,    0
 11105, 56855,20150423,   94,    0
 11105, 56855,20150424,   90,    0
 11105, 56855,20150425,  119,    0
 11105, 56855,20150426,   88,    0
 11105, 56855,20150427,   53,    0
 11105, 56855,20150428,   59,    0
 11105, 56855,20150429,   88,    0
 11105, 56855,20150430,   82,    0
 11105, 56855,20150501,-9999,    9
 11105, 56855,20150502,-9999,    9
 11105, 56855,20150503,-9999,    9
 11105, 56855,20150504,-9999,    9
 11105, 56855,20150505,   93,    0
 11105, 56855,20150506,  107,    0
 11105, 56855,20150507,  115,    0
 11105, 56855,20150508,  102,    0
 11105, 56855,20150509,  120,    0
 11105, 56855,20150510,  111,    0
 11105, 56855,20150511,-9999,    9
 11105, 56855,20150512,-9999,    9
 11105, 56855,20150513,   98,    0
 11105, 56855,20150514,   84,    0
 11105, 56855,20150515,  103,    0
 11105, 56855,20150516,  123,    0
 11105, 56855,20150517,   99,    0
 11105, 56855,20150518,  107,    0
 11105, 56855,20150519,   95,    0
 11105, 56855,20150520,   86,    0
 11105, 56855,20150521,  108,    0
 11105, 56855,20150522,  128,    0
 11105, 56855,20150523,  155,    0
 11105, 56855,20150524,  135,    0
 11105, 56855,20150525,-9999,    9
 11105, 56855,20150526,  128,    0
 11105, 56855,20150527,  120,    0
 11105, 56855,20150528,  104,    0
 11105, 56855,20150529,-9999,    9
 11105, 56855,20150530,-9999,    9
 11105, 56855,20150531,-9999,    9
 11105, 56855,20150601,  102,    0
 11105, 56855,20150602,  136,    0
 11105, 56855,20150603,  132,    0
 11105, 56855,20150604,  116,    0
 11105, 56855,20150605,  184,    1
 11105, 56855,20150606,  114,    0
 11105, 56855,20150607,  118,    0
 11105, 56855,20150608,  113,    0
 11105, 56855,20150609,   97,    0
 11105, 56855,20150610,   99,    0
 11105, 56855,20150611,  158,    0
 11105, 56855,20150612,  148,    0
 11105, 56855,20150613,  155,    0
 11105, 56855,20150614,  139,    0
 11105, 56855,20150615,  151,    0
 11105, 56855,20150616,  147,    0
 11105, 56855,20150617,  161,    0
 11105, 56855,20150618,  159,    0
 11105, 56855,20150619,  138,    0
 11105, 56855,20150620,  163,    0
 11105, 56855,20150621,  148,    0
 11105, 56855,20150622,  140,    0
 11105, 56855,20150623,  163,    0
 11105, 56855,20150624,  162,    0
 11105, 56855,20150625,  170,    0
 11105, 56855,20150626,  169,    0
 11105, 56855,20150627,  173,    1
 11105, 56855,20150628,  136,    0
 11105, 56855,20150629,  169,    0
 11105, 56855,20150630,  189,    0
 11105, 56855,20150701,  234,    1
 11105, 56855,20150702,  172,    0
 11105, 56855,20150703,  161,    0
 11105, 56855,20150704,  190,    0
 11105, 56855,20150705,  141,    0
 11105, 56855,20150706,  140,    0
 11105, 56855,20150707,  175,    0
 11105, 56855,20150708,  160,    0
 11105, 56855,20150709,  155,    0
 11105, 56855,20150710,  166,    0
 11105, 56855,20150711,  164,    0
 11105, 56855,20150712,  172,    0
 11105, 56855,20150713,  173,    0
 11105, 56855,20150714,  185,    0
 11105, 56855,20150715,  165,    0
 11105, 56855,20150716,  170,    0
 11105, 56855,20150717,  176,    0
 11105, 56855,20150718,  155,    0
 11105, 56855,20150719,  157,    0
 11105, 56855,20150720,  170,    0
 11105, 56855,20150721,  164,    0
 11105, 56855,20150722,  164,    0
 11105, 56855,20150723,  145,    0
 11105, 56855,20150724,  139,    0
 11105, 56855,20150725,  156,    0
 11105, 56855,20150726,  148,    0
 11105, 56855,20150727,  148,    0
 11105, 56855,20150728,  156,    0
 11105, 56855,20150729,  127,    0
 11105, 56855,20150730,  132,    0
 11105, 56855,20150731,  121,    0
 11105, 56855,20150801,  131,    0
 11105, 56855,20150802,  153,    0
 11105, 56855,20150803,  174,    0
 11105, 56855,20150804,  145,    0
 11105, 56855,20150805,  156,    0
 11105, 56855,20150806,  183,    0
 11105, 56855,20150807,  139,    0
 11105, 56855,20150808,  187,    0
 11105, 56855,20150809,  167,    0
 11105, 56855,20150810,  188,    1
 11105, 56855,20150811,  133,    0
 11105, 56855,20150812,  161,    0
 11105, 56855,20150813,  175,    0
 11105, 56855,20150814,  168,    0
 11105, 56855,20150815,  151,    0
 11105, 56855,20150816,  125,    0
 11105, 56855,20150817,  153,    0
 11105, 56855,20150818,  137,    0
 11105, 56855,20150819,  141,    0
 11105, 56855,20150820,  178,    0
 11105, 56855,20150821,  172,    0
 11105, 56855,20150822,  214,    1
 11105, 56855,20150823,  164,    1
 11105, 56855,20150824,  120,    0
 11105, 56855,20150825,  139,    0
 11105, 56855,20150826,  162,    0
 11105, 56855,20150827,  146,    0
 11105, 56855,20150828,  133,    0
 11105, 56855,20150829,  163,    0
 11105, 56855,20150830,  147,    0
 11105, 56855,20150831,  140,    0
 11105, 56855,20150901,  143,    0
 11105, 56855,20150902,  116,    0
 11105, 56855,20150903,  116,    0
 11105, 56855,20150904,  146,    0
 11105, 56855,20150905,  119,    0
 11105, 56855,20150906,  110,    0
 11105, 56855,20150907,  122,    0
 11105, 56855,20150908,  106,    0
 11105, 56855,20150909,  128,    0
 11105, 56855,20150910,  148,    0
 11105, 56855,20150911,  134,    0
 11105, 56855,20150912,  185,    1
 11105, 56855,20150913,  126,    0
 11105, 56855,20150914,  127,    0
 11105, 56855,20150915,  138,    0
 11105, 56855,20150916,  117,    0
 11105, 56855,20150917,  120,    0
 11105, 56855,20150918,  133,    0
 11105, 56855,20150919,  128,    0
 11105, 56855,20150920,  119,    0
 11105, 56855,20150921,  135,    0
 11105, 56855,20150922,  121,    0
 11105, 56855,20150923,  108,    0
 11105, 56855,20150924,  124,    0
 11105, 56855,20150925,  121,    0
 11105, 56855,20150926,   98,    0
 11105, 56855,20150927,  102,    0
 11105, 56855,20150928,  119,    0
 11105, 56855,20150929,  120,    0
 11105, 56855,20150930,  119,    0
 11105, 56855,20151001,  111,    0
 11105, 56855,20151002,  102,    0
 11105, 56855,20151003,   98,    0
 11105, 56855,20151004,   99,    0
 11105, 56855,20151005,  137,    0
 11105, 56855,20151006,  163,    1
 11105, 56855,20151007,  127,    0
 11105, 56855,20151008,  113,    0
 11105, 56855,20151009,   96,    0
 11105, 56855,20151010,   96,    0
 11105, 56855,20151011,  113,    0
 11105, 56855,20151012,   80,    0
 11105, 56855,20151013,   79,    0
 11105, 56855,20151014,   66,    0
 11105, 56855,20151015,   91,    0
 11105, 56855,20151016,   96,    0
 11105, 56855,20151017,  102,    0
 11105, 56855,20151018,  109,    0
 11105, 56855,20151019,  112,    0
 11105, 56855,20151020,  113,    0
 11105, 56855,20151021,  116,    0
 11105, 56855,20151022,  123,    0
 11105, 56855,20151023,   88,    0
 11105, 56855,20151024,  105,    0
 11105, 56855,20151025,   72,    0
 11105, 56855,20151026,   79,    0
 11105, 56855,20151027,  139,    0
 11105, 56855,20151028,  115,    0
 11105, 56855,20151029,  132,    0
 11105, 56855,20151030,  126,    0
 11105, 56855,20151031,  149,    1
 11105, 56855,20151101,   91,    0
 11105, 56855,20151102,   91,    0
 11105, 56855,20151103,  110,    0
 11105, 56855,20151104,  128,    0
 11105, 56855,20151105,  143,    0
 11105, 56855,20151106,  143,    0
 11105, 56855,20151107,  142,    0
 11105, 56855,20151108,  112,    0
 11105, 56855,20151109,  109,    0
 11105, 56855,20151110,  128,    0
 11105, 56855,20151111,  138,    0
 11105, 56855,20151112,  108,    0
 11105, 56855,20151113,   89,    0
 11105, 56855,20151114,  104,    0
 11105, 56855,20151115,  106,    0
 11105, 56855,20151116,  122,    0
 11105, 56855,20151117,  132,    0
 11105, 56855,20151118,  119,    1
 11105, 56855,20151119,  106,    1
 11105, 56855,20151120,   75,    1
 11105, 56855,20151121,   42,    0
 11105, 56855,20151122,   26,    0
 11105, 56855,20151123,   37,    0
 11105, 56855,20151124,   39,    0
 11105, 56855,20151125,   90,    0
 11105, 56855,20151126,   97,    0
 11105, 56855,20151127,  102,    0
 11105, 56855,20151128,   77,    0
 11105, 56855,20151129,   78,    0
 11105, 56855,20151130,  100,    0
 11105, 56855,20151201,  120,    0
 11105, 56855,20151202,  118,    0
 11105, 56855,20151203,  126,    1
 11105, 56855,20151204,   88,    0
 11105, 56855,20151205,  105,    0
 11105, 56855,20151206,  120,    0
 11105, 56855,20151207,  129,    1
 11105, 56855,20151208,  119,    0
 11105, 56855,20151209,   76,    0
 11105, 56855,20151210,   78,    0
 11105, 56855,20151211,   96,    0
 11105, 56855,20151212,   81,    0
 11105, 56855,20151213,   81,    0
 11105, 56855,20151214,   84,    0
 11105, 56855,20151215,  118,    0
 11105, 56855,20151216,  126,    0
 11105, 56855,20151217,  135,    0
 11105, 56855,20151218,  129,    0
 11105, 56855,20151219,  128,    0
 11105, 56855,20151220,  110,    0
 11105, 56855,20151221,  101,    0
 11105, 56855,20151222,   95,    0
 11105, 56855,20151223,   95,    0
 11105, 56855,20151224,   89,    0
 11105, 56855,20151225,   95,    0
 11105, 56855,20151226,  109,    0
 11105, 56855,20151227,  128,    0
 11105, 56855,20151228,  121,    0
 11105, 56855,20151229,  106,    0
 11105, 56855,20151230,   99,    0
 11105, 56855,20151231,   86,    0
 11105, 56855,20160101,   58,    0
 11105, 56855,20160102,   72,    0
 11105, 56855,20160103,   54,    0
 11105, 56855,20160104,   72,    0
 11105, 56855,20160105,   72,    0
 11105, 56855,20160106,   77,    0
 11105, 56855,20160107,   80,    0
 11105, 56855,20160108,   56,    0
 11105, 56855,20160109,   65,    0
 11105, 56855,20160110,   58,    0
 11105, 56855,20160111,   54,    0
 11105, 56855,20160112,   50,    0
 11105, 56855,20160113,   40,    0
 11105, 56855,20160114,   33,    0
 11105, 56855,20160115,   17,    0
 11105, 56855,20160116,   11,    0
 11105, 56855,20160117,   18,    0
 11105, 56855,20160118,   36,    0
 11105, 56855,20160119,    6,    0
 11105, 56855,20160120,   -2,    0
 11105, 56855,20160121,    7,    0
 11105, 56855,20160122,   76,    0
 11105, 56855,20160123,   91,    0
 11105, 56855,20160124,  106,    0
 11105, 56855,20160125,  116,    0
 11105, 56855,20160126,   88,    0
 11105, 56855,20160127,  112,    1
 11105, 56855,20160128,   62,    0
 11105, 56855,20160129,   70,    0
 11105, 56855,20160130,   72,    0
 11105, 56855,20160131,   74,    0
 11105, 56855,20160201,   83,    0
 11105, 56855,20160202,   78,    0
 11105, 56855,20160203,   57,    0
 11105, 56855,20160204,   76,    0
 11105, 56855,20160205,   98,    0
 11105, 56855,20160206,   90,    0
 11105, 56855,20160207,   70,    0
 11105, 56855,20160208,   62,    0
 11105, 56855,20160209,   50,    0
 11105, 56855,20160210,   65,    0
 11105, 56855,20160211,   55,    0
 11105, 56855,20160212,   21,    0
 11105, 56855,20160213,   52,    0
 11105, 56855,20160214,   32,    0
 11105, 56855,20160215,   30,    0
 11105, 56855,20160216,   12,    0
 11105, 56855,20160217,   39,    0
 11105, 56855,20160218,   38,    0
 11105, 56855,20160219,   48,    0
 11105, 56855,20160220,   60,    0
 11105, 56855,20160221,  120,    1
 11105, 56855,20160222,   80,    0
 11105, 56855,20160223,   51,    0
 11105, 56855,20160224,   16,    0
 11105, 56855,20160225,   16,    0
 11105, 56855,20160226,   30,    0
 11105, 56855,20160227,   56,    0
 11105, 56855,20160228,   26,    0
 11105, 56855,20160229,   29,    0
 11105, 56855,20160301,   44,    0
 11105, 56855,20160302,   57,    0
 11105, 56855,20160303,   59,    0
 11105, 56855,20160304,   37,    0
 11105, 56855,20160305,   23,    0
 11105, 56855,20160306,   10,    0
 11105, 56855,20160307,   24,    0
 11105, 56855,20160308,   22,    0
 11105, 56855,20160309,   39,    0
 11105, 56855,20160310,   51,    0
 11105, 56855,20160311,   60,    0
 11105, 56855,20160312,   50,    0
 11105, 56855,20160313,   51,    0
 11105, 56855,20160314,   44,    0
 11105, 56855,20160315,   44,    0
 11105, 56855,20160316,   62,    0
 11105, 56855,20160317,   62,    0
 11105, 56855,20160318,   30,    0
 11105, 56855,20160319,   37,    0
 11105, 56855,20160320,   60,    0
 11105, 56855,20160321,   64,    0
 11105, 56855,20160322,   64,    0
 11105, 56855,20160323,   55,    0
 11105, 56855,20160324,   65,    0
 11105, 56855,20160325,   90,    0
 11105, 56855,20160326,   95,    0
 11105, 56855,20160327,   74,    0
 11105, 56855,20160328,   74,    0
 11105, 56855,20160329,   75,    0
 11105, 56855,20160330,   76,    0
 11105, 56855,20160331,   56,    0
 11105, 56855,20160401,   60,    0
 11105, 56855,20160402,   92,    0
 11105, 56855,20160403,  100,    0
 11105, 56855,20160404,   88,    0
 11105, 56855,20160405,   74,    0
 11105, 56855,20160406,   70,    0
 11105, 56855,20160407,   70,    0
 11105, 56855,20160408,   74,    0
 11105, 56855,20160409,   63,    0
 11105, 56855,20160410,   59,    0
 11105, 56855,20160411,   88,    0
 11105, 56855,20160412,   92,    0
 11105, 56855,20160413,   84,    0
 11105, 56855,20160414,   98,    0
 11105, 56855,20160415,   92,    0
 11105, 56855,20160416,   62,    0
 11105, 56855,20160417,   62,    0
 11105, 56855,20160418,   70,    0
 11105, 56855,20160419,   87,    0
 11105, 56855,20160420,   86,    0
 11105, 56855,20160421,   94,    0
 11105, 56855,20160422,   73,    0
 11105, 56855,20160423,   66,    0
 11105, 56855,20160424,   65,    0
 11105, 56855,20160425,   78,    0
 11105, 56855,20160426,   72,    0
 11105, 56855,20160427,   48,    0
 11105, 56855,20160428,   42,    0
 11105, 56855,20160429,   67,    0
 11105, 56855,20160430,   60,    0
 11105, 56855,20160501,   74,    0
 11105, 56855,20160502,  128,    0
 11105, 56855,20160503,   78,    0
 11105, 56855,20160504,   82,    0
 11105, 56855,20160505,  103,    0
 11105, 56855,20160506,  130,    0
 11105, 56855,20160507,  149,    0
 11105, 56855,20160508,  186,    0
 11105, 56855,20160509,  172,    0
 11105, 56855,20160510,  160,    0
 11105, 56855,20160511,  158,    0
 11105, 56855,20160512,  174,    1
 11105, 56855,20160513,  138,    0
 11105, 56855,20160514,  104,    0
 11105, 56855,20160515,  100,    0
 11105, 56855,20160516,  106,    0
 11105, 56855,20160517,  110,    0
 11105, 56855,20160518,  134,    0
 11105, 56855,20160519,  126,    0
 11105, 56855,20160520,  147,    1
 11105, 56855,20160521,  130,    0
 11105, 56855,20160522,  126,    0
 11105, 56855,20160523,  107,    0
 11105, 56855,20160524,  104,    0
 11105, 56855,20160525,   84,    0
 11105, 56855,20160526,  118,    0
 11105, 56855,20160527,  146,    0
 11105, 56855,20160528,  146,    0
 11105, 56855,20160529,  129,    0
 11105, 56855,20160530,  138,    0
 11105, 56855,20160531,  142,    1
 11105, 56855,20160601,  130,    0
 11105, 56855,20160602,  122,    0
 11105, 56855,20160603,  120,    0
 11105, 56855,20160604,  134,    0
 11105, 56855,20160605,  171,    0
 11105, 56855,20160606,-9999,    9
 11105, 56855,20160607,  166,    0
 11105, 56855,20160608,  186,    0
 11105, 56855,20160609,  175,    0
 11105, 56855,20160610,  178,    0
 11105, 56855,20160611,  162,    0
 11105, 56855,20160612,  166,    0
 11105, 56855,20160613,-9999,    9
 11105, 56855,20160614,-9999,    9
 11105, 56855,20160615,  146,    0
 11105, 56855,20160616,  164,    0
 11105, 56855,20160617,  160,    0
 11105, 56855,20160618,  146,    0
 11105, 56855,20160619,  134,    0
 11105, 56855,20160620,  170,    0
 11105, 56855,20160621,  152,    0
 11105, 56855,20160622,  176,    0
 11105, 56855,20160623,  172,    0
 11105, 56855,20160624,  149,    0
 11105, 56855,20160625,  146,    0
 11105, 56855,20160626,  139,    0
 11105, 56855,20160627,  170,    0
 11105, 56855,20160628,  133,    0
 11105, 56855,20160629,  136,    0
 11105, 56855,20160630,  156,    0
 11105, 56855,20160701,  155,    0
 11105, 56855,20160702,  139,    0
 11105, 56855,20160703,  152,    0
 11105, 56855,20160704,  136,    0
 11105, 56855,20160705,  170,    0
 11105, 56855,20160706,  137,    0
 11105, 56855,20160707,  164,    0
 11105, 56855,20160708,  180,    0
 11105, 56855,20160709,  187,    0
 11105, 56855,20160710,  192,    0
 11105, 56855,20160711,  184,    0
 11105, 56855,20160712,  150,    0
 11105, 56855,20160713,  134,    0
 11105, 56855,20160714,  140,    0
 11105, 56855,20160715,  138,    0
 11105, 56855,20160716,  178,    0
 11105, 56855,20160717,  194,    0
 11105, 56855,20160718,  210,    0
 11105, 56855,20160719,  220,    0
 11105, 56855,20160720,  229,    1
 11105, 56855,20160721,  174,    0
 11105, 56855,20160722,  202,    0
 11105, 56855,20160723,  180,    0
 11105, 56855,20160724,  166,    0
 11105, 56855,20160725,  170,    0
 11105, 56855,20160726,  158,    0
 11105, 56855,20160727,  200,    0
 11105, 56855,20160728,  161,    0
 11105, 56855,20160729,  182,    0
 11105, 56855,20160730,  177,    0
 11105, 56855,20160731,  160,    0
 11105, 56855,20160801,  138,    0
 11105, 56855,20160802,  176,    0
 11105, 56855,20160803,  186,    0
 11105, 56855,20160804,  158,    0
 11105, 56855,20160805,  165,    0
 11105, 56855,20160806,-9999,    9
 11105, 56855,20160807,-9999,    9
 11105, 56855,20160808,-9999,    9
 11105, 56855,20160809,-9999,    9
 11105, 56855,20160810,  124,    0
 11105, 56855,20160811,  166,    0
 11105, 56855,20160812,  178,    0
 11105, 56855,20160813,  184,    0
 11105, 56855,20160814,  146,    0
 11105, 56855,20160815,  160,    0
 11105, 56855,20160816,  168,    0
 11105, 56855,20160817,  174,    0
 11105, 56855,20160818,  198,    0
 11105, 56855,20160819,  180,    0
 11105, 56855,20160820,  170,    0
 11105, 56855,20160821,  170,    0
 11105, 56855,20160822,  186,    0
 11105, 56855,20160823,  192,    0
 11105, 56855,20160824,  191,    0
 11105, 56855,20160825,  194,    0
 11105, 56855,20160826,  174,    0
 11105, 56855,20160827,  160,    0
 11105, 56855,20160828,-9999,    9
 11105, 56855,20160829,  184,    0
 11105, 56855,20160830,  164,    0
 11105, 56855,20160831,  160,    0
 11105, 56855,20160901,  152,    0
 11105, 56855,20160902,  150,    0
 11105, 56855,20160903,  147,    0
 11105, 56855,20160904,  166,    0
 11105, 56855,20160905,  184,    0
 11105, 56855,20160906,  202,    0
 11105, 56855,20160907,  196,    0
 11105, 56855,20160908,  176,    0
 11105, 56855,20160909,  178,    0
 11105, 56855,20160910,  179,    0
 11105, 56855,20160911,  135,    0
 11105, 56855,20160912,  158,    0
 11105, 56855,20160913,  176,    0
 11105, 56855,20160914,  198,    0
 11105, 56855,20160915,  183,    0
 11105, 56855,20160916,  166,    0
 11105, 56855,20160917,  142,    0
 11105, 56855,20160918,  140,    0
 11105, 56855,20160919,  140,    0
 11105, 56855,20160920,  154,    0
 11105, 56855,20160921,  154,    0
 11105, 56855,20160922,  152,    0
 11105, 56855,20160923,  138,    0
 11105, 56855,20160924,  155,    0
 11105, 56855,20160925,  148,    0
 11105, 56855,20160926,  124,    0
 11105, 56855,20160927,  162,    0
 11105, 56855,20160928,  160,    0
 11105, 56855,20160929,  144,    0
 11105, 56855,20160930,  134,    0
 11105, 56855,20161001,   98,    0
 11105, 56855,20161002,  100,    0
 11105, 56855,20161003,  100,    0
 11105, 56855,20161004,  106,    0
 11105, 56855,20161005,  126,    0
 11105, 56855,20161006,   88,    0
 11105, 56855,20161007,   97,    0
 11105, 56855,20161008,  119,    0
 11105, 56855,20161009,  102,    0
 11105, 56855,20161010,   84,    0
 11105, 56855,20161011,   79,    0
 11105, 56855,20161012,  107,    0
 11105, 56855,20161013,   86,    0
 11105, 56855,20161014,   98,    0
 11105, 56855,20161015,  126,    0
 11105, 56855,20161016,  120,    0
 11105, 56855,20161017,  130,    0
 11105, 56855,20161018,  116,    0
 11105, 56855,20161019,   92,    0
 11105, 56855,20161020,  100,    0
 11105, 56855,20161021,   87,    0
 11105, 56855,20161022,   68,    0
 11105, 56855,20161023,   85,    0
 11105, 56855,20161024,   91,    0
 11105, 56855,20161025,  105,    0
 11105, 56855,20161026,  108,    0
 11105, 56855,20161027,  106,    0
 11105, 56855,20161028,  118,    0
 11105, 56855,20161029,  127,    0
 11105, 56855,20161030,  131,    0
 11105, 56855,20161031,  112,    0
 11105, 56855,20161101,   84,    0
 11105, 56855,20161102,   53,    0
 11105, 56855,20161103,   41,    0
 11105, 56855,20161104,   54,    0
 11105, 56855,20161105,   45,    0
 11105, 56855,20161106,   24,    0
 11105, 56855,20161107,   50,    0
 11105, 56855,20161108,   18,    0
 11105, 56855,20161109,   53,    0
 11105, 56855,20161110,   74,    0
 11105, 56855,20161111,   44,    0
 11105, 56855,20161112,   64,    0
 11105, 56855,20161113,   68,    0
 11105, 56855,20161114,   82,    0
 11105, 56855,20161115,  116,    0
 11105, 56855,20161116,  116,    0
 11105, 56855,20161117,   94,    1
 11105, 56855,20161118,   40,    0
 11105, 56855,20161119,   38,    0
 11105, 56855,20161120,   40,    0
 11105, 56855,20161121,   53,    0
 11105, 56855,20161122,   66,    0
 11105, 56855,20161123,   70,    0
 11105, 56855,20161124,   72,    0
 11105, 56855,20161125,   70,    0
 11105, 56855,20161126,   70,    0
 11105, 56855,20161127,   71,    0
 11105, 56855,20161128,   60,    1
 11105, 56855,20161129,    0,    0
 11105, 56855,20161130,   -8,    0
 11105, 56855,20161201,   -7,    0
 11105, 56855,20161202,   -8,    0
 11105, 56855,20161203,   32,    0
 11105, 56855,20161204,   23,    0
 11105, 56855,20161205,   17,    0
 11105, 56855,20161206,   43,    0
 11105, 56855,20161207,   98,    0
 11105, 56855,20161208,  118,    0
 11105, 56855,20161209,  130,    1
 11105, 56855,20161210,  114,    1
 11105, 56855,20161211,   64,    0
 11105, 56855,20161212,   58,    0
 11105, 56855,20161213,   92,    0
 11105, 56855,20161214,  100,    0
 11105, 56855,20161215,   90,    0
 11105, 56855,20161216,   77,    0
 11105, 56855,20161217,   68,    1
 11105, 56855,20161218,   50,    0
 11105, 56855,20161219,   48,    0
 11105, 56855,20161220,   57,    0
 11105, 56855,20161221,   54,    0
 11105, 56855,20161222,   54,    0
 11105, 56855,20161223,   68,    0
 11105, 56855,20161224,   58,    0
 11105, 56855,20161225,   96,    1
 11105, 56855,20161226,   62,    1
 11105, 56855,20161227,  -14,    0
 11105, 56855,20161228,  -13,    0
 11105, 56855,20161229,   -3,    0
 11105, 56855,20161230,    2,    0
 11105, 56855,20161231,   37,    0
 11105, 56855,20170101,   70,    1
 11105, 56855,20170102,   28,    0
 11105, 56855,20170103,    8,    0
 11105, 56855,20170104,   40,    0
 11105, 56855,20170105,   -6,    0
 11105, 56855,20170106,   52,    0
 11105, 56855,20170107,   55,    0
 11105, 56855,20170108,   93,    0
 11105, 56855,20170109,   78,    0
 11105, 56855,20170110,   71,    0
 11105, 56855,20170111,   86,    1
 11105, 56855,20170112,   50,    0
 11105, 56855,20170113,   26,    0
 11105, 56855,20170114,   30,    0
 11105, 56855,20170115,   52,    0
 11105, 56855,20170116,   78,    1
 11105, 56855,20170117,   50,    0
 11105, 56855,20170118,   32,    0
 11105, 56855,20170119,    6,    0
 11105, 56855,20170120,    5,    0
 11105, 56855,20170121,    1,    0
 11105, 56855,20170122,   14,    0
 11105, 56855,20170123,   18,    0
 11105, 56855,20170124,   19,    0
 11105, 56855,20170125,   14,    0
 11105, 56855,20170126,    7,    0
 11105, 56855,20170127,   28,    0
 11105, 56855,20170128,   53,    0
 11105, 56855,20170129,   45,    0
 11105, 56855,20170130,   75,    0
 11105, 56855,20170131,   94,    0
 11105, 56855,20170201,   99,    0
 11105, 56855,20170202,  103,    1
 11105, 56855,20170203,   74,    0
 11105, 56855,20170204,   48,    0
 11105, 56855,20170205,   25,    0
 11105, 56855,20170206,   16,    0
 11105, 56855,20170207,   42,    0
 11105, 56855,20170208,   25,    1
 11105, 56855,20170209,   19,    0
 11105, 56855,20170210,   21,    0
 11105, 56855,20170211,   19,    0
 11105, 56855,20170212,   28,    0
 11105, 56855,20170213,   60,    0
 11105, 56855,20170214,   55,    0
 11105, 56855,20170215,   61,    0
 11105, 56855,20170216,   82,    0
 11105, 56855,20170217,   86,    0
 11105, 56855,20170218,   86,    0
 11105, 56855,20170219,   80,    0
 11105, 56855,20170220,  108,    0
 11105, 56855,20170221,  106,    0
 11105, 56855,20170222,  107,    1
 11105, 56855,20170223,   92,    0
 11105, 56855,20170224,   60,    0
 11105, 56855,20170225,   74,    0
 11105, 56855,20170226,   81,    0
 11105, 56855,20170227,   58,    0
 11105, 56855,20170228,   42,    0
 11105, 56855,20170301,   54,    0
 11105, 56855,20170302,   82,    0
 11105, 56855,20170303,   80,    0
 11105, 56855,20170304,   73,    0
 11105, 56855,20170305,   70,    0
 11105, 56855,20170306,   53,    0
 11105, 56855,20170307,   65,    0
 11105, 56855,20170308,   78,    0
 11105, 56855,20170309,  116,    0
 11105, 56855,20170310,   94,    0
 11105, 56855,20170311,  121,    0
 11105, 56855,20170312,  117,    0
 11105, 56855,20170313,   81,    0
 11105, 56855,20170314,   83,    0
 11105, 56855,20170315,  112,    1
 11105, 56855,20170316,   67,    0
 11105, 56855,20170317,   64,    0
 11105, 56855,20170318,   92,    0
 11105, 56855,20170319,  114,    0
 11105, 56855,20170320,  107,    1
 11105, 56855,20170321,   56,    0
 11105, 56855,20170322,   62,    0
 11105, 56855,20170323,   58,    0
 11105, 56855,20170324,   92,    0
 11105, 56855,20170325,   82,    0
 11105, 56855,20170326,   92,    0
 11105, 56855,20170327,   73,    0
 11105, 56855,20170328,   83,    0
 11105, 56855,20170329,  107,    0
 11105, 56855,20170330,  142,    0
 11105, 56855,20170331,  126,    0
 11105, 56855,20170401,  106,    0
 11105, 56855,20170402,   89,    0
 11105, 56855,20170403,   75,    0
 11105, 56855,20170404,  112,    0
 11105, 56855,20170405,   72,    0
 11105, 56855,20170406,   80,    0
 11105, 56855,20170407,   91,    0
 11105, 56855,20170408,   99,    0
 11105, 56855,20170409,  126,    0
 11105, 56855,20170410,   90,    0
 11105, 56855,20170411,   76,    0
 11105, 56855,20170412,  104,    0
 11105, 56855,20170413,   72,    0
 11105, 56855,20170414,   83,    0
 11105, 56855,20170415,  102,    0
 11105, 56855,20170416,   88,    0
 11105, 56855,20170417,   97,    0
 11105, 56855,20170418,   68,    0
 11105, 56855,20170419,   78,    0
 11105, 56855,20170420,   98,    0
 11105, 56855,20170421,  113,    0
 11105, 56855,20170422,  116,    0
 11105, 56855,20170423,   82,    0
 11105, 56855,20170424,   68,    0
 11105, 56855,20170425,   45,    0
 11105, 56855,20170426,   50,    0
 11105, 56855,20170427,   45,    0
 11105, 56855,20170428,   74,    0
 11105, 56855,20170429,   91,    0
 11105, 56855,20170430,  126,    0
 11105, 56855,20170501,  118,    0
 11105, 56855,20170502,  102,    0
 11105, 56855,20170503,   98,    0
 11105, 56855,20170504,  118,    0
 11105, 56855,20170505,  116,    0
 11105, 56855,20170506,  124,    0
 11105, 56855,20170507,  124,    0
 11105, 56855,20170508,   88,    0
 11105, 56855,20170509,  104,    0
 11105, 56855,20170510,   89,    0
 11105, 56855,20170511,  124,    0
 11105, 56855,20170512,  140,    0
 11105, 56855,20170513,  138,    0
 11105, 56855,20170514,  138,    0
 11105, 56855,20170515,  131,    0
 11105, 56855,20170516,  157,    1
 11105, 56855,20170517,  150,    0
 11105, 56855,20170518,  108,    0
 11105, 56855,20170519,  128,    0
 11105, 56855,20170520,  100,    0
 11105, 56855,20170521,  118,    0
 11105, 56855,20170522,  166,    0
 11105, 56855,20170523,  156,    0
 11105, 56855,20170524,  175,    0
 11105, 56855,20170525,  176,    0
 11105, 56855,20170526,  182,    0
 11105, 56855,20170527,  183,    0
 11105, 56855,20170528,  161,    0
 11105, 56855,20170529,  162,    0
 11105, 56855,20170530,  158,    0
 11105, 56855,20170531,  168,    0
 11105, 56855,20170601,  168,    0
 11105, 56855,20170602,  157,    0
 11105, 56855,20170603,  144,    0
 11105, 56855,20170604,  126,    0
 11105, 56855,20170605,  116,    0
 11105, 56855,20170606,  128,    0
 11105, 56855,20170607,  142,    0
 11105, 56855,20170608,  151,    0
 11105, 56855,20170609,  141,    0
 11105, 56855,20170610,  155,    0
 11105, 56855,20170611,  163,    0
 11105, 56855,20170612,  152,    0
 11105, 56855,20170613,  156,    0
 11105, 56855,20170614,  160,    0
 11105, 56855,20170615,  154,    0
 11105, 56855,20170616,  158,    0
 11105, 56855,20170617,  189,    0
 11105, 56855,20170618,  209,    0
 11105, 56855,20170619,  228,    0
 11105, 56855,20170620,  224,    0
 11105, 56855,20170621,  236,    1
 11105, 56855,20170622,  195,    0
 11105, 56855,20170623,  169,    0
 11105, 56855,20170624,  173,    0
 11105, 56855,20170625,  172,    0
 11105, 56855,20170626,  158,    0
 11105, 56855,20170627,  176,    1
 11105, 56855,20170628,  152,    0
 11105, 56855,20170629,  145,    0
 11105, 56855,20170630,  152,    0
 11105, 56855,20170701,  171,    0
 11105, 56855,20170702,  185,    0
 11105, 56855,20170703,  171,    0
 11105, 56855,20170704,  171,    0
 11105, 56855,20170705,  199,    0
 11105, 56855,20170706,  209,    0
 11105, 56855,20170707,  186,    0
 11105, 56855,20170708,  198,    0
 11105, 56855,20170709,  201,    0
 11105, 56855,20170710,  174,    0
 11105, 56855,20170711,  158,    0
 11105, 56855,20170712,  172,    0
 11105, 56855,20170713,  181,    0
 11105, 56855,20170714,  164,    0
 11105, 56855,20170715,  179,    0
 11105, 56855,20170716,  187,    0
 11105, 56855,20170717,  169,    0
 11105, 56855,20170718,  201,    0
 11105, 56855,20170719,  184,    0
 11105, 56855,20170720,  164,    0
 11105, 56855,20170721,  164,    0
 11105, 56855,20170722,  134,    0
 11105, 56855,20170723,  132,    0
 11105, 56855,20170724,  169,    0
 11105, 56855,20170725,  173,    0
 11105, 56855,20170726,  166,    0
 11105, 56855,20170727,  168,    0
 11105, 56855,20170728,  165,    0
 11105, 56855,20170729,  153,    0
 11105, 56855,20170730,  160,    0
 11105, 56855,20170731,  158,    0
 11105, 56855,20170801,  160,    0
 11105, 56855,20170802,  159,    0
 11105, 56855,20170803,  173,    0
 11105, 56855,20170804,  168,    0
 11105, 56855,20170805,  161,    0
 11105, 56855,20170806,  148,    0
 11105, 56855,20170807,  149,    0
 11105, 56855,20170808,  149,    0
 11105, 56855,20170809,  150,    0
 11105, 56855,20170810,  142,    0
 11105, 56855,20170811,  127,    0
 11105, 56855,20170812,  174,    0
 11105, 56855,20170813,  136,    0
 11105, 56855,20170814,  140,    0
 11105, 56855,20170815,  162,    0
 11105, 56855,20170816,  150,    0
 11105, 56855,20170817,  176,    1
 11105, 56855,20170818,  148,    0
 11105, 56855,20170819,  148,    0
 11105, 56855,20170820,  141,    0
 11105, 56855,20170821,  176,    0
 11105, 56855,20170822,  191,    0
 11105, 56855,20170823,  176,    0
 11105, 56855,20170824,  163,    0
 11105, 56855,20170825,  152,    0
 11105, 56855,20170826,  169,    0
 11105, 56855,20170827,  184,    0
 11105, 56855,20170828,  185,    0
 11105, 56855,20170829,  176,    1
 11105, 56855,20170830,  139,    0
 11105, 56855,20170831,  136,    0
 11105, 56855,20170901,  129,    0
 11105, 56855,20170902,  131,    0
 11105, 56855,20170903,  140,    0
 11105, 56855,20170904,  171,    0
 11105, 56855,20170905,  180,    0
 11105, 56855,20170906,  146,    0
 11105, 56855,20170907,  148,    0
 11105, 56855,20170908,  160,    0
 11105, 56855,20170909,  135,    0
 11105, 56855,20170910,  124,    0
 11105, 56855,20170911,  142,    0
 11105, 56855,20170912,  128,    0
 11105, 56855,20170913,  141,    0
 11105, 56855,20170914,  127,    0
 11105, 56855,20170915,   96,    0
 11105, 56855,20170916,  101,    0
 11105, 56855,20170917,  102,    0
 11105, 56855,20170918,  108,    0
 11105, 56855,20170919,  118,    0
 11105, 56855,20170920,  128,    0
 11105, 56855,20170921,  137,    0
 11105, 56855,20170922,  105,    0
 11105, 56855,20170923,  152,    0
 11105, 56855,20170924,  148,    0
 11105, 56855,20170925,  150,    0
 11105, 56855,20170926,  155,    0
 11105, 56855,20170927,  159,    0
 11105, 56855,20170928,  153,    0
 11105, 56855,20170929,  146,    0
 11105, 56855,20170930,  128,    0
 11105, 56855,20171001,  142,    0
 11105, 56855,20171002,  149,    0
 11105, 56855,20171003,  112,    0
 11105, 56855,20171004,  109,    0
 11105, 56855,20171005,-9999,    9
 11105, 56855,20171006,-9999,    9
 11105, 56855,20171007,-9999,    9
 11105, 56855,20171008,-9999,    9
 11105, 56855,20171009,-9999,    9
 11105, 56855,20171010,-9999,    9
 11105, 56855,20171011,-9999,    9
 11105, 56855,20171012,-9999,    9
 11105, 56855,20171013,-9999,    9
 11105, 56855,20171014,-9999,    9
 11105, 56855,20171015,-9999,    9
 11105, 56855,20171016,-9999,    9
 11105, 56855,20171017,-9999,    9
 11105, 56855,20171018,-9999,    9
 11105, 56855,20171019,-9999,    9
 11105, 56855,20171020,-9999,    9
 11105, 56855,20171021,-9999,    9
 11105, 56855,20171022,-9999,    9
 11105, 56855,20171023,-9999,    9
 11105, 56855,20171024,-9999,    9
 11105, 56855,20171025,-9999,    9
 11105, 56855,20171026,-9999,    9
 11105, 56855,20171027,-9999,    9
 11105, 56855,20171028,-9999,    9
 11105, 56855,20171029,  110,    0
 11105, 56855,20171030,   57,    0
 11105, 56855,20171031,   72,    0
 11105, 56855,20171101,   91,    0
 11105, 56855,20171102,   73,    0
 11105, 56855,20171103,-9999,    9
 11105, 56855,20171104,   90,    0
 11105, 56855,20171105,   57,    0
 11105, 56855,20171106,   48,    0
 11105, 56855,20171107,   58,    0
 11105, 56855,20171108,   45,    0
 11105, 56855,20171109,   78,    0
 11105, 56855,20171110,   86,    0
 11105, 56855,20171111,   88,    1
 11105, 56855,20171112,   67,    0
 11105, 56855,20171113,   25,    0
 11105, 56855,20171114,   59,    0
 11105, 56855,20171115,  106,    0
 11105, 56855,20171116,  111,    1
 11105, 56855,20171117,   35,    0
 11105, 56855,20171118,   46,    0
 11105, 56855,20171119,   55,    0
 11105, 56855,20171120,   67,    0
 11105, 56855,20171121,  121,    0
 11105, 56855,20171122,  130,    1
 11105, 56855,20171123,   83,    1
 11105, 56855,20171124,   43,    0
 11105, 56855,20171125,   25,    0
 11105, 56855,20171126,   54,    0
 11105, 56855,20171127,   66,    0
 11105, 56855,20171128,   49,    0
 11105, 56855,20171129,   32,    0
 11105, 56855,20171130,   11,    0
 11105, 56855,20171201,   28,    0
 11105, 56855,20171202,   41,    0
 11105, 56855,20171203,   60,    0
 11105, 56855,20171204,   47,    0
 11105, 56855,20171205,   62,    0
 11105, 56855,20171206,   98,    0
 11105, 56855,20171207,  108,    1
 11105, 56855,20171208,   30,    0
 11105, 56855,20171209,   10,    0
 11105, 56855,20171210,   19,    0
 11105, 56855,20171211,   14,    0
 11105, 56855,20171212,   18,    0
 11105, 56855,20171213,   19,    0
 11105, 56855,20171214,   40,    0
 11105, 56855,20171215,   38,    0
 11105, 56855,20171216,   25,    0
 11105, 56855,20171217,   45,    0
 11105, 56855,20171218,   31,    0
 11105, 56855,20171219,   29,    0
 11105, 56855,20171220,   47,    0
 11105, 56855,20171221,   88,    0
 11105, 56855,20171222,   88,    0
 11105, 56855,20171223,   84,    0
 11105, 56855,20171224,   92,    0
 11105, 56855,20171225,   99,    1
 11105, 56855,20171226,   50,    1
 11105, 56855,20171227,   29,    0
 11105, 56855,20171228,   26,    0
 11105, 56855,20171229,   58,    0
 11105, 56855,20171230,   83,    0
 11105, 56855,20171231,   98,    0
 11105, 56855,20180101,-9999,    9
 11105, 56855,20180102,-9999,    9
 11105, 56855,20180103,-9999,    9
 11105, 56855,20180104,-9999,    9
 11105, 56855,20180105,-9999,    9
 11105, 56855,20180106,-9999,    9
 11105, 56855,20180107,-9999,    9
 11105, 56855,20180108,-9999,    9
 11105, 56855,20180109,-9999,    9
 11105, 56855,20180110,-9999,    9
 11105, 56855,20180111,-9999,    9
 11105, 56855,20180112,-9999,    9
 11105, 56855,20180113,-9999,    9
 11105, 56855,20180114,-9999,    9
 11105, 56855,20180115,-9999,    9
 11105, 56855,20180116,-9999,    9
 11105, 56855,20180117,-9999,    9
 11105, 56855,20180118,-9999,    9
 11105, 56855,20180119,-9999,    9
 11105, 56855,20180120,-9999,    9
 11105, 56855,20180121,-9999,    9
 11105, 56855,20180122,-9999,    9
 11105, 56855,20180123,-9999,    9
 11105, 56855,20180124,-9999,    9
 11105, 56855,20180125,-9999,    9
 11105, 56855,20180126,-9999,    9
 11105, 56855,20180127,-9999,    9
 11105, 56855,20180128,-9999,    9
 11105, 56855,20180129,-9999,    9
 11105, 56855,20180130,-9999,    9
 11105, 56855,20180131,-9999,    9
 11105, 56855,20180201,-9999,    9
 11105, 56855,20180202,-9999,    9
 11105, 56855,20180203,-9999,    9
 11105, 56855,20180204,-9999,    9
 11105, 56855,20180205,-9999,    9
 11105, 56855,20180206,-9999,    9
 11105, 56855,20180207,-9999,    9
 11105, 56855,20180208,-9999,    9
 11105, 56855,20180209,-9999,    9
 11105, 56855,20180210,-9999,    9
 11105, 56855,20180211,-9999,    9
 11105, 56855,20180212,-9999,    9
 11105, 56855,20180213,-9999,    9
 11105, 56855,20180214,-9999,    9
 11105, 56855,20180215,-9999,    9
 11105, 56855,20180216,-9999,    9
 11105, 56855,20180217,-9999,    9
 11105, 56855,20180218,-9999,    9
 11105, 56855,20180219,-9999,    9
 11105, 56855,20180220,-9999,    9
 11105, 56855,20180221,-9999,    9
 11105, 56855,20180222,-9999,    9
 11105, 56855,20180223,-9999,    9
 11105, 56855,20180224,-9999,    9
 11105, 56855,20180225,-9999,    9
 11105, 56855,20180226,-9999,    9
 11105, 56855,20180227,-9999,    9
 11105, 56855,20180228,-9999,    9
 11105, 56855,20180301,-9999,    9
 11105, 56855,20180302,-9999,    9
 11105, 56855,20180303,-9999,    9
 11105, 56855,20180304,-9999,    9
 11105, 56855,20180305,-9999,    9
 11105, 56855,20180306,-9999,    9
 11105, 56855,20180307,-9999,    9
 11105, 56855,20180308,-9999,    9
 11105, 56855,20180309,-9999,    9
 11105, 56855,20180310,-9999,    9
 11105, 56855,20180311,-9999,    9
 11105, 56855,20180312,-9999,    9
 11105, 56855,20180313,-9999,    9
 11105, 56855,20180314,-9999,    9
 11105, 56855,20180315,-9999,    9
 11105, 56855,20180316,-9999,    9
 11105, 56855,20180317,-9999,    9
 11105, 56855,20180318,-9999,    9
 11105, 56855,20180319,-9999,    9
 11105, 56855,20180320,-9999,    9
 11105, 56855,20180321,-9999,    9
 11105, 56855,20180322,-9999,    9
 11105, 56855,20180323,-9999,    9
 11105, 56855,20180324,-9999,    9
 11105, 56855,20180325,-9999,    9
 11105, 56855,20180326,-9999,    9
 11105, 56855,20180327,-9999,    9
 11105, 56855,20180328,-9999,    9
 11105, 56855,20180329,-9999,    9
 11105, 56855,20180330,-9999,    9
 11105, 56855,20180331,-9999,    9
 11105, 56855,20180401,-9999,    9
 11105, 56855,20180402,-9999,    9
 11105, 56855,20180403,-9999,    9
 11105, 56855,20180404,-9999,    9
 11105, 56855,20180405,-9999,    9
 11105, 56855,20180406,-9999,    9
 11105, 56855,20180407,-9999,    9
 11105, 56855,20180408,-9999,    9
 11105, 56855,20180409,-9999,    9
 11105, 56855,20180410,-9999,    9
 11105, 56855,20180411,-9999,    9
 11105, 56855,20180412,-9999,    9
 11105, 56855,20180413,-9999,    9
 11105, 56855,20180414,-9999,    9
 11105, 56855,20180415,-9999,    9
 11105, 56855,20180416,-9999,    9
 11105, 56855,20180417,-9999,    9
 11105, 56855,20180418,-9999,    9
 11105, 56855,20180419,-9999,    9
 11105, 56855,20180420,-9999,    9
 11105, 56855,20180421,-9999,    9
 11105, 56855,20180422,-9999,    9
 11105, 56855,20180423,-9999,    9
 11105, 56855,20180424,-9999,    9
 11105, 56855,20180425,-9999,    9
 11105, 56855,20180426,-9999,    9
 11105, 56855,20180427,-9999,    9
 11105, 56855,20180428,-9999,    9
 11105, 56855,20180429,-9999,    9
 11105, 56855,20180430,-9999,    9
 11105, 56855,20180501,-9999,    9
 11105, 56855,20180502,-9999,    9
 11105, 56855,20180503,-9999,    9
 11105, 56855,20180504,-9999,    9
 11105, 56855,20180505,-9999,    9
 11105, 56855,20180506,-9999,    9
 11105, 56855,20180507,-9999,    9
 11105, 56855,20180508,-9999,    9
 11105, 56855,20180509,-9999,    9
 11105, 56855,20180510,-9999,    9
 11105, 56855,20180511,-9999,    9
 11105, 56855,20180512,-9999,    9
 11105, 56855,20180513,-9999,    9
 11105, 56855,20180514,-9999,    9
 11105, 56855,20180515,-9999,    9
 11105, 56855,20180516,-9999,    9
 11105, 56855,20180517,-9999,    9
 11105, 56855,20180518,-9999,    9
 11105, 56855,20180519,-9999,    9
 11105, 56855,20180520,-9999,    9
 11105, 56855,20180521,-9999,    9
 11105, 56855,20180522,-9999,    9
 11105, 56855,20180523,-9999,    9
 11105, 56855,20180524,-9999,    9
 11105, 56855,20180525,-9999,    9
 11105, 56855,20180526,-9999,    9
 11105, 56855,20180527,-9999,    9
 11105, 56855,20180528,-9999,    9
 11105, 56855,20180529,-9999,    9
 11105, 56855,20180530,-9999,    9
 11105, 56855,20180531,-9999,    9
 11105, 56855,20180601,-9999,    9
 11105, 56855,20180602,-9999,    9
 11105, 56855,20180603,-9999,    9
 11105, 56855,20180604,-9999,    9
 11105, 56855,20180605,-9999,    9
 11105, 56855,20180606,-9999,    9
 11105, 56855,20180607,-9999,    9
 11105, 56855,20180608,-9999,    9
 11105, 56855,20180609,-9999,    9
 11105, 56855,20180610,-9999,    9
 11105, 56855,20180611,-9999,    9
 11105, 56855,20180612,-9999,    9
 11105, 56855,20180613,-9999,    9
 11105, 56855,20180614,-9999,    9
 11105, 56855,20180615,-9999,    9
 11105, 56855,20180616,-9999,    9
 11105, 56855,20180617,-9999,    9
 11105, 56855,20180618,-9999,    9
 11105, 56855,20180619,-9999,    9
 11105, 56855,20180620,-9999,    9
 11105, 56855,20180621,-9999,    9
 11105, 56855,20180622,-9999,    9
 11105, 56855,20180623,-9999,    9
 11105, 56855,20180624,-9999,    9
 11105, 56855,20180625,-9999,    9
 11105, 56855,20180626,-9999,    9
 11105, 56855,20180627,-9999,    9
 11105, 56855,20180628,-9999,    9
 11105, 56855,20180629,-9999,    9
 11105, 56855,20180630,-9999,    9
 11105, 56855,20180701,-9999,    9
 11105, 56855,20180702,-9999,    9
 11105, 56855,20180703,-9999,    9
 11105, 56855,20180704,-9999,    9
 11105, 56855,20180705,-9999,    9
 11105, 56855,20180706,-9999,    9
 11105, 56855,20180707,-9999,    9
 11105, 56855,20180708,-9999,    9
 11105, 56855,20180709,-9999,    9
 11105, 56855,20180710,-9999,    9
 11105, 56855,20180711,-9999,    9
 11105, 56855,20180712,-9999,    9
 11105, 56855,20180713,-9999,    9
 11105, 56855,20180714,-9999,    9
 11105, 56855,20180715,-9999,    9
 11105, 56855,20180716,-9999,    9
 11105, 56855,20180717,-9999,    9
 11105, 56855,20180718,-9999,    9
 11105, 56855,20180719,-9999,    9
 11105, 56855,20180720,-9999,    9
 11105, 56855,20180721,-9999,    9
 11105, 56855,20180722,-9999,    9
 11105, 56855,20180723,-9999,    9
 11105, 56855,20180724,-9999,    9
 11105, 56855,20180725,-9999,    9
 11105, 56855,20180726,-9999,    9
 11105, 56855,20180727,-9999,    9
 11105, 56855,20180728,-9999,    9
 11105, 56855,20180729,-9999,    9
 11105, 56855,20180730,-9999,    9
 11105, 56855,20180731,-9999,    9
 11105, 56855,20180801,-9999,    9
 11105, 56855,20180802,-9999,    9
 11105, 56855,20180803,-9999,    9
 11105, 56855,20180804,-9999,    9
 11105, 56855,20180805,-9999,    9
 11105, 56855,20180806,-9999,    9
 11105, 56855,20180807,-9999,    9
 11105, 56855,20180808,-9999,    9
 11105, 56855,20180809,-9999,    9
 11105, 56855,20180810,-9999,    9
 11105, 56855,20180811,-9999,    9
 11105, 56855,20180812,-9999,    9
 11105, 56855,20180813,-9999,    9
 11105, 56855,20180814,-9999,    9
 11105, 56855,20180815,-9999,    9
 11105, 56855,20180816,-9999,    9
 11105, 56855,20180817,-9999,    9
 11105, 56855,20180818,-9999,    9
 11105, 56855,20180819,-9999,    9
 11105, 56855,20180820,-9999,    9
 11105, 56855,20180821,-9999,    9
 11105, 56855,20180822,-9999,    9
 11105, 56855,20180823,-9999,    9
 11105, 56855,20180824,-9999,    9
 11105, 56855,20180825,-9999,    9
 11105, 56855,20180826,-9999,    9
 11105, 56855,20180827,-9999,    9
 11105, 56855,20180828,-9999,    9
 11105, 56855,20180829,-9999,    9
 11105, 56855,20180830,-9999,    9
 11105, 56855,20180831,-9999,    9
 11105, 56855,20180901,-9999,    9
 11105, 56855,20180902,-9999,    9
 11105, 56855,20180903,-9999,    9
 11105, 56855,20180904,-9999,    9
 11105, 56855,20180905,-9999,    9
 11105, 56855,20180906,-9999,    9
 11105, 56855,20180907,-9999,    9
 11105, 56855,20180908,-9999,    9
 11105, 56855,20180909,-9999,    9
 11105, 56855,20180910,-9999,    9
 11105, 56855,20180911,-9999,    9
 11105, 56855,20180912,-9999,    9
 11105, 56855,20180913,-9999,    9
 11105, 56855,20180914,-9999,    9
 11105, 56855,20180915,-9999,    9
 11105, 56855,20180916,-9999,    9
 11105, 56855,20180917,-9999,    9
 11105, 56855,20180918,-9999,    9
 11105, 56855,20180919,-9999,    9
 11105, 56855,20180920,-9999,    9
 11105, 56855,20180921,-9999,    9
 11105, 56855,20180922,-9999,    9
 11105, 56855,20180923,-9999,    9
 11105, 56855,20180924,-9999,    9
 11105, 56855,20180925,-9999,    9
 11105, 56855,20180926,-9999,    9
 11105, 56855,20180927,-9999,    9
 11105, 56855,20180928,-9999,    9
 11105, 56855,20180929,-9999,    9
 11105, 56855,20180930,-9999,    9
 11105, 56855,20181001,-9999,    9
 11105, 56855,20181002,-9999,    9
 11105, 56855,20181003,-9999,    9
 11105, 56855,20181004,-9999,    9
 11105, 56855,20181005,-9999,    9
 11105, 56855,20181006,-9999,    9
 11105, 56855,20181007,-9999,    9
 11105, 56855,20181008,-9999,    9
 11105, 56855,20181009,-9999,    9
 11105, 56855,20181010,-9999,    9
 11105, 56855,20181011,-9999,    9
 11105, 56855,20181012,-9999,    9
 11105, 56855,20181013,-9999,    9
 11105, 56855,20181014,-9999,    9
 11105, 56855,20181015,-9999,    9
 11105, 56855,20181016,-9999,    9
 11105, 56855,20181017,-9999,    9
 11105, 56855,20181018,-9999,    9
 11105, 56855,20181019,-9999,    9
 11105, 56855,20181020,-9999,    9
 11105, 56855,20181021,-9999,    9
 11105, 56855,20181022,-9999,    9
 11105, 56855,20181023,-9999,    9
 11105, 56855,20181024,-9999,    9
 11105, 56855,20181025,-9999,    9
 11105, 56855,20181026,-9999,    9
 11105, 56855,20181027,-9999,    9
 11105, 56855,20181028,-9999,    9
 11105, 56855,20181029,-9999,    9
 11105, 56855,20181030,-9999,    9
 11105, 56855,20181031,-9999,    9
 11105, 56855,20181101,-9999,    9
 11105, 56855,20181102,-9999,    9
 11105, 56855,20181103,-9999,    9
 11105, 56855,20181104,-9999,    9
 11105, 56855,20181105,-9999,    9
 11105, 56855,20181106,-9999,    9
 11105, 56855,20181107,-9999,    9
 11105, 56855,20181108,-9999,    9
 11105, 56855,20181109,-9999,    9
 11105, 56855,20181110,-9999,    9
 11105, 56855,20181111,-9999,    9
 11105, 56855,20181112,-9999,    9
 11105, 56855,20181113,-9999,    9
 11105, 56855,20181114,-9999,    9
 11105, 56855,20181115,-9999,    9
 11105, 56855,20181116,-9999,    9
 11105, 56855,20181117,-9999,    9
 11105, 56855,20181118,-9999,    9
 11105, 56855,20181119,-9999,    9
 11105, 56855,20181120,-9999,    9
 11105, 56855,20181121,-9999,    9
 11105, 56855,20181122,-9999,    9
 11105, 56855,20181123,-9999,    9
 11105, 56855,20181124,-9999,    9
 11105, 56855,20181125,-9999,    9
 11105, 56855,20181126,-9999,    9
 11105, 56855,20181127,-9999,    9
 11105, 56855,20181128,-9999,    9
 11105, 56855,20181129,-9999,    9
 11105, 56855,20181130,-9999,    9
 11105, 56855,20181201,-9999,    9
 11105, 56855,20181202,-9999,    9
 11105, 56855,20181203,-9999,    9
 11105, 56855,20181204,-9999,    9
 11105, 56855,20181205,-9999,    9
 11105, 56855,20181206,-9999,    9
 11105, 56855,20181207,-9999,    9
 11105, 56855,20181208,-9999,    9
 11105, 56855,20181209,-9999,    9
 11105, 56855,20181210,-9999,    9
 11105, 56855,20181211,-9999,    9
 11105, 56855,20181212,-9999,    9
 11105, 56855,20181213,-9999,    9
 11105, 56855,20181214,-9999,    9
 11105, 56855,20181215,-9999,    9
 11105, 56855,20181216,-9999,    9
 11105, 56855,20181217,-9999,    9
 11105, 56855,20181218,-9999,    9
 11105, 56855,20181219,-9999,    9
 11105, 56855,20181220,-9999,    9
 11105, 56855,20181221,-9999,    9
 11105, 56855,20181222,-9999,    9
 11105, 56855,20181223,-9999,    9
 11105, 56855,20181224,-9999,    9
 11105, 56855,20181225,-9999,    9
 11105, 56855,20181226,-9999,    9
 11105, 56855,20181227,-9999,    9
 11105, 56855,20181228,-9999,    9
 11105, 56855,20181229,-9999,    9
 11105, 56855,20181230,-9999,    9
 11105, 56855,20181231,-9999,    9
 11105, 56855,20190101,-9999,    9
 11105, 56855,20190102,-9999,    9
 11105, 56855,20190103,-9999,    9
 11105, 56855,20190104,-9999,    9
 11105, 56855,20190105,-9999,    9
 11105, 56855,20190106,-9999,    9
 11105, 56855,20190107,-9999,    9
 11105, 56855,20190108,-9999,    9
 11105, 56855,20190109,-9999,    9
 11105, 56855,20190110,-9999,    9
 11105, 56855,20190111,-9999,    9
 11105, 56855,20190112,-9999,    9
 11105, 56855,20190113,-9999,    9
 11105, 56855,20190114,-9999,    9
 11105, 56855,20190115,-9999,    9
 11105, 56855,20190116,-9999,    9
 11105, 56855,20190117,-9999,    9
 11105, 56855,20190118,-9999,    9
 11105, 56855,20190119,-9999,    9
 11105, 56855,20190120,-9999,    9
 11105, 56855,20190121,-9999,    9
 11105, 56855,20190122,-9999,    9
 11105, 56855,20190123,-9999,    9
 11105, 56855,20190124,-9999,    9
 11105, 56855,20190125,-9999,    9
 11105, 56855,20190126,-9999,    9
 11105, 56855,20190127,-9999,    9
 11105, 56855,20190128,-9999,    9
 11105, 56855,20190129,-9999,    9
 11105, 56855,20190130,-9999,    9
 11105, 56855,20190131,-9999,    9
 11105, 56855,20190201,-9999,    9
 11105, 56855,20190202,-9999,    9
 11105, 56855,20190203,-9999,    9
 11105, 56855,20190204,-9999,    9
 11105, 56855,20190205,-9999,    9
 11105, 56855,20190206,-9999,    9
 11105, 56855,20190207,-9999,    9
 11105, 56855,20190208,-9999,    9
 11105, 56855,20190209,-9999,    9
 11105, 56855,20190210,-9999,    9
 11105, 56855,20190211,-9999,    9
 11105, 56855,20190212,-9999,    9
 11105, 56855,20190213,-9999,    9
 11105, 56855,20190214,-9999,    9
 11105, 56855,20190215,-9999,    9
 11105, 56855,20190216,-9999,    9
 11105, 56855,20190217,-9999,    9
 11105, 56855,20190218,-9999,    9
 11105, 56855,20190219,-9999,    9
 11105, 56855,20190220,-9999,    9
 11105, 56855,20190221,-9999,    9
 11105, 56855,20190222,-9999,    9
 11105, 56855,20190223,-9999,    9
 11105, 56855,20190224,-9999,    9
 11105, 56855,20190225,-9999,    9
 11105, 56855,20190226,-9999,    9
 11105, 56855,20190227,-9999,    9
 11105, 56855,20190228,-9999,    9
 11105, 56855,20190301,-9999,    9
 11105, 56855,20190302,-9999,    9
 11105, 56855,20190303,-9999,    9
 11105, 56855,20190304,-9999,    9
 11105, 56855,20190305,-9999,    9
 11105, 56855,20190306,-9999,    9
 11105, 56855,20190307,-9999,    9
 11105, 56855,20190308,-9999,    9
 11105, 56855,20190309,-9999,    9
 11105, 56855,20190310,-9999,    9
 11105, 56855,20190311,-9999,    9
 11105, 56855,20190312,-9999,    9
 11105, 56855,20190313,-9999,    9
 11105, 56855,20190314,-9999,    9
 11105, 56855,20190315,-9999,    9
 11105, 56855,20190316,-9999,    9
 11105, 56855,20190317,-9999,    9
 11105, 56855,20190318,-9999,    9
 11105, 56855,20190319,-9999,    9
 11105, 56855,20190320,-9999,    9
 11105, 56855,20190321,-9999,    9
 11105, 56855,20190322,-9999,    9
 11105, 56855,20190323,-9999,    9
 11105, 56855,20190324,-9999,    9
 11105, 56855,20190325,-9999,    9
 11105, 56855,20190326,-9999,    9
 11105, 56855,20190327,-9999,    9
 11105, 56855,20190328,-9999,    9
 11105, 56855,20190329,-9999,    9
 11105, 56855,20190330,-9999,    9
 11105, 56855,20190331,-9999,    9
 11105, 56855,20190401,-9999,    9
 11105, 56855,20190402,-9999,    9
 11105, 56855,20190403,-9999,    9
 11105, 56855,20190404,-9999,    9
 11105, 56855,20190405,-9999,    9
 11105, 56855,20190406,-9999,    9
 11105, 56855,20190407,-9999,    9
 11105, 56855,20190408,-9999,    9
 11105, 56855,20190409,-9999,    9
 11105, 56855,20190410,-9999,    9
 11105, 56855,20190411,-9999,    9
 11105, 56855,20190412,-9999,    9
 11105, 56855,20190413,-9999,    9
 11105, 56855,20190414,-9999,    9
 11105, 56855,20190415,-9999,    9
 11105, 56855,20190416,-9999,    9
 11105, 56855,20190417,-9999,    9
 11105, 56855,20190418,-9999,    9
 11105, 56855,20190419,-9999,    9
 11105, 56855,20190420,-9999,    9
 11105, 56855,20190421,-9999,    9
 11105, 56855,20190422,-9999,    9
 11105, 56855,20190423,-9999,    9
 11105, 56855,20190424,-9999,    9
 11105, 56855,20190425,-9999,    9
 11105, 56855,20190426,-9999,    9
 11105, 56855,20190427,-9999,    9
 11105, 56855,20190428,-9999,    9
 11105, 56855,20190429,-9999,    9
 11105, 56855,20190430,-9999,    9
