EUROPEAN CLIMATE ASSESSMENT & DATASET (ECA&D), file created on: 13-05-2019
THESE DATA CAN BE USED FOR NON-COMMERCIAL RESEARCH AND EDUCATION PROVIDED THAT THE FOLLOWING SOURCE IS ACKNOWLEDGED: 

Klein Tank, A.M.G. and Coauthors, 2002. Daily dataset of 20th-century surface
air temperature and precipitation series for the European Climate Assessment.
Int. J. of Climatol., 22, 1441-1453.
Data and metadata available at http://www.ecad.eu

FILE FORMAT (MISSING VALUE CODE = -9999):

01-06 STAID: Station identifier
08-13 SOUID: Source identifier
15-22 DATE : Date YYYYMMDD
24-28 TG   : Mean temperature in 0.1 &#176;C
30-34 Q_TG : quality code for TG (0='valid'; 1='suspect'; 9='missing')

This is the blended series of station PUUMALA HUUHKAALA, FINLAND (STAID: 7225)
Blended and updated with sources:43284 
See files sources.txt and stations.txt for more info.

STAID, SOUID,    DATE,   TG, Q_TG
  7225, 43284,20150301,-9999,    9
  7225, 43284,20150302,-9999,    9
  7225, 43284,20150303,-9999,    9
  7225, 43284,20150304,    4,    0
  7225, 43284,20150305,    1,    0
  7225, 43284,20150306,   -3,    0
  7225, 43284,20150307,    0,    0
  7225, 43284,20150308,   28,    0
  7225, 43284,20150309,   41,    0
  7225, 43284,20150310,   16,    0
  7225, 43284,20150311,   15,    0
  7225, 43284,20150312,   11,    0
  7225, 43284,20150313,   15,    0
  7225, 43284,20150314,   24,    0
  7225, 43284,20150315,   42,    0
  7225, 43284,20150316,   53,    0
  7225, 43284,20150317,   52,    0
  7225, 43284,20150318,   57,    0
  7225, 43284,20150319,   48,    0
  7225, 43284,20150320,    8,    0
  7225, 43284,20150321,  -52,    0
  7225, 43284,20150322,  -65,    0
  7225, 43284,20150323,   -8,    0
  7225, 43284,20150324,   15,    0
  7225, 43284,20150325,  -34,    0
  7225, 43284,20150326,-9999,    9
  7225, 43284,20150327,-9999,    9
  7225, 43284,20150328,-9999,    9
  7225, 43284,20150329,-9999,    9
  7225, 43284,20150330,-9999,    9
  7225, 43284,20150331,-9999,    9
  7225, 43284,20150401,-9999,    9
  7225, 43284,20150402,-9999,    9
  7225, 43284,20150403,-9999,    9
  7225, 43284,20150404,-9999,    9
  7225, 43284,20150405,-9999,    9
  7225, 43284,20150406,-9999,    9
  7225, 43284,20150407,-9999,    9
  7225, 43284,20150408,-9999,    9
  7225, 43284,20150409,-9999,    9
  7225, 43284,20150410,-9999,    9
  7225, 43284,20150411,-9999,    9
  7225, 43284,20150412,-9999,    9
  7225, 43284,20150413,-9999,    9
  7225, 43284,20150414,-9999,    9
  7225, 43284,20150415,-9999,    9
  7225, 43284,20150416,-9999,    9
  7225, 43284,20150417,-9999,    9
  7225, 43284,20150418,-9999,    9
  7225, 43284,20150419,-9999,    9
  7225, 43284,20150420,-9999,    9
  7225, 43284,20150421,-9999,    9
  7225, 43284,20150422,-9999,    9
  7225, 43284,20150423,-9999,    9
  7225, 43284,20150424,-9999,    9
  7225, 43284,20150425,-9999,    9
  7225, 43284,20150426,-9999,    9
  7225, 43284,20150427,-9999,    9
  7225, 43284,20150428,-9999,    9
  7225, 43284,20150429,-9999,    9
  7225, 43284,20150430,-9999,    9
  7225, 43284,20150501,-9999,    9
  7225, 43284,20150502,-9999,    9
  7225, 43284,20150503,-9999,    9
  7225, 43284,20150504,-9999,    9
  7225, 43284,20150505,-9999,    9
  7225, 43284,20150506,-9999,    9
  7225, 43284,20150507,-9999,    9
  7225, 43284,20150508,-9999,    9
  7225, 43284,20150509,-9999,    9
  7225, 43284,20150510,-9999,    9
  7225, 43284,20150511,-9999,    9
  7225, 43284,20150512,-9999,    9
  7225, 43284,20150513,-9999,    9
  7225, 43284,20150514,-9999,    9
  7225, 43284,20150515,-9999,    9
  7225, 43284,20150516,-9999,    9
  7225, 43284,20150517,-9999,    9
  7225, 43284,20150518,-9999,    9
  7225, 43284,20150519,-9999,    9
  7225, 43284,20150520,-9999,    9
  7225, 43284,20150521,-9999,    9
  7225, 43284,20150522,-9999,    9
  7225, 43284,20150523,-9999,    9
  7225, 43284,20150524,-9999,    9
  7225, 43284,20150525,-9999,    9
  7225, 43284,20150526,-9999,    9
  7225, 43284,20150527,-9999,    9
  7225, 43284,20150528,-9999,    9
  7225, 43284,20150529,-9999,    9
  7225, 43284,20150530,-9999,    9
  7225, 43284,20150531,-9999,    9
  7225, 43284,20150601,-9999,    9
  7225, 43284,20150602,-9999,    9
  7225, 43284,20150603,-9999,    9
  7225, 43284,20150604,-9999,    9
  7225, 43284,20150605,-9999,    9
  7225, 43284,20150606,-9999,    9
  7225, 43284,20150607,-9999,    9
  7225, 43284,20150608,-9999,    9
  7225, 43284,20150609,-9999,    9
  7225, 43284,20150610,-9999,    9
  7225, 43284,20150611,-9999,    9
  7225, 43284,20150612,-9999,    9
  7225, 43284,20150613,-9999,    9
  7225, 43284,20150614,-9999,    9
  7225, 43284,20150615,-9999,    9
  7225, 43284,20150616,-9999,    9
  7225, 43284,20150617,-9999,    9
  7225, 43284,20150618,-9999,    9
  7225, 43284,20150619,-9999,    9
  7225, 43284,20150620,-9999,    9
  7225, 43284,20150621,-9999,    9
  7225, 43284,20150622,-9999,    9
  7225, 43284,20150623,-9999,    9
  7225, 43284,20150624,-9999,    9
  7225, 43284,20150625,-9999,    9
  7225, 43284,20150626,-9999,    9
  7225, 43284,20150627,-9999,    9
  7225, 43284,20150628,-9999,    9
  7225, 43284,20150629,-9999,    9
  7225, 43284,20150630,-9999,    9
  7225, 43284,20150701,-9999,    9
  7225, 43284,20150702,-9999,    9
  7225, 43284,20150703,-9999,    9
  7225, 43284,20150704,-9999,    9
  7225, 43284,20150705,-9999,    9
  7225, 43284,20150706,-9999,    9
  7225, 43284,20150707,-9999,    9
  7225, 43284,20150708,-9999,    9
  7225, 43284,20150709,-9999,    9
  7225, 43284,20150710,-9999,    9
  7225, 43284,20150711,-9999,    9
  7225, 43284,20150712,-9999,    9
  7225, 43284,20150713,-9999,    9
  7225, 43284,20150714,-9999,    9
  7225, 43284,20150715,-9999,    9
  7225, 43284,20150716,-9999,    9
  7225, 43284,20150717,-9999,    9
  7225, 43284,20150718,-9999,    9
  7225, 43284,20150719,-9999,    9
  7225, 43284,20150720,-9999,    9
  7225, 43284,20150721,-9999,    9
  7225, 43284,20150722,-9999,    9
  7225, 43284,20150723,-9999,    9
  7225, 43284,20150724,-9999,    9
  7225, 43284,20150725,-9999,    9
  7225, 43284,20150726,-9999,    9
  7225, 43284,20150727,-9999,    9
  7225, 43284,20150728,-9999,    9
  7225, 43284,20150729,-9999,    9
  7225, 43284,20150730,-9999,    9
  7225, 43284,20150731,-9999,    9
  7225, 43284,20150801,-9999,    9
  7225, 43284,20150802,-9999,    9
  7225, 43284,20150803,-9999,    9
  7225, 43284,20150804,-9999,    9
  7225, 43284,20150805,-9999,    9
  7225, 43284,20150806,-9999,    9
  7225, 43284,20150807,-9999,    9
  7225, 43284,20150808,-9999,    9
  7225, 43284,20150809,-9999,    9
  7225, 43284,20150810,-9999,    9
  7225, 43284,20150811,-9999,    9
  7225, 43284,20150812,-9999,    9
  7225, 43284,20150813,-9999,    9
  7225, 43284,20150814,-9999,    9
  7225, 43284,20150815,-9999,    9
  7225, 43284,20150816,-9999,    9
  7225, 43284,20150817,-9999,    9
  7225, 43284,20150818,-9999,    9
  7225, 43284,20150819,-9999,    9
  7225, 43284,20150820,-9999,    9
  7225, 43284,20150821,-9999,    9
  7225, 43284,20150822,-9999,    9
  7225, 43284,20150823,-9999,    9
  7225, 43284,20150824,-9999,    9
  7225, 43284,20150825,-9999,    9
  7225, 43284,20150826,-9999,    9
  7225, 43284,20150827,-9999,    9
  7225, 43284,20150828,-9999,    9
  7225, 43284,20150829,-9999,    9
  7225, 43284,20150830,-9999,    9
  7225, 43284,20150831,-9999,    9
  7225, 43284,20150901,-9999,    9
  7225, 43284,20150902,-9999,    9
  7225, 43284,20150903,-9999,    9
  7225, 43284,20150904,-9999,    9
  7225, 43284,20150905,-9999,    9
  7225, 43284,20150906,-9999,    9
  7225, 43284,20150907,-9999,    9
  7225, 43284,20150908,-9999,    9
  7225, 43284,20150909,-9999,    9
  7225, 43284,20150910,-9999,    9
  7225, 43284,20150911,-9999,    9
  7225, 43284,20150912,-9999,    9
  7225, 43284,20150913,-9999,    9
  7225, 43284,20150914,-9999,    9
  7225, 43284,20150915,-9999,    9
  7225, 43284,20150916,-9999,    9
  7225, 43284,20150917,-9999,    9
  7225, 43284,20150918,-9999,    9
  7225, 43284,20150919,-9999,    9
  7225, 43284,20150920,-9999,    9
  7225, 43284,20150921,-9999,    9
  7225, 43284,20150922,-9999,    9
  7225, 43284,20150923,-9999,    9
  7225, 43284,20150924,-9999,    9
  7225, 43284,20150925,-9999,    9
  7225, 43284,20150926,-9999,    9
  7225, 43284,20150927,-9999,    9
  7225, 43284,20150928,-9999,    9
  7225, 43284,20150929,-9999,    9
  7225, 43284,20150930,-9999,    9
  7225, 43284,20151001,-9999,    9
  7225, 43284,20151002,-9999,    9
  7225, 43284,20151003,-9999,    9
  7225, 43284,20151004,-9999,    9
  7225, 43284,20151005,-9999,    9
  7225, 43284,20151006,-9999,    9
  7225, 43284,20151007,-9999,    9
  7225, 43284,20151008,-9999,    9
  7225, 43284,20151009,-9999,    9
  7225, 43284,20151010,-9999,    9
  7225, 43284,20151011,-9999,    9
  7225, 43284,20151012,-9999,    9
  7225, 43284,20151013,-9999,    9
  7225, 43284,20151014,-9999,    9
  7225, 43284,20151015,-9999,    9
  7225, 43284,20151016,-9999,    9
  7225, 43284,20151017,-9999,    9
  7225, 43284,20151018,-9999,    9
  7225, 43284,20151019,-9999,    9
  7225, 43284,20151020,-9999,    9
  7225, 43284,20151021,-9999,    9
  7225, 43284,20151022,-9999,    9
  7225, 43284,20151023,-9999,    9
  7225, 43284,20151024,-9999,    9
  7225, 43284,20151025,-9999,    9
  7225, 43284,20151026,-9999,    9
  7225, 43284,20151027,-9999,    9
  7225, 43284,20151028,-9999,    9
  7225, 43284,20151029,-9999,    9
  7225, 43284,20151030,-9999,    9
  7225, 43284,20151031,-9999,    9
  7225, 43284,20151101,-9999,    9
  7225, 43284,20151102,-9999,    9
  7225, 43284,20151103,-9999,    9
  7225, 43284,20151104,-9999,    9
  7225, 43284,20151105,-9999,    9
  7225, 43284,20151106,-9999,    9
  7225, 43284,20151107,-9999,    9
  7225, 43284,20151108,-9999,    9
  7225, 43284,20151109,-9999,    9
  7225, 43284,20151110,-9999,    9
  7225, 43284,20151111,-9999,    9
  7225, 43284,20151112,-9999,    9
  7225, 43284,20151113,-9999,    9
  7225, 43284,20151114,-9999,    9
  7225, 43284,20151115,-9999,    9
  7225, 43284,20151116,-9999,    9
  7225, 43284,20151117,-9999,    9
  7225, 43284,20151118,-9999,    9
  7225, 43284,20151119,-9999,    9
  7225, 43284,20151120,-9999,    9
  7225, 43284,20151121,-9999,    9
  7225, 43284,20151122,-9999,    9
  7225, 43284,20151123,-9999,    9
  7225, 43284,20151124,-9999,    9
  7225, 43284,20151125,-9999,    9
  7225, 43284,20151126,-9999,    9
  7225, 43284,20151127,-9999,    9
  7225, 43284,20151128,-9999,    9
  7225, 43284,20151129,-9999,    9
  7225, 43284,20151130,-9999,    9
  7225, 43284,20151201,-9999,    9
  7225, 43284,20151202,-9999,    9
  7225, 43284,20151203,-9999,    9
  7225, 43284,20151204,-9999,    9
  7225, 43284,20151205,-9999,    9
  7225, 43284,20151206,-9999,    9
  7225, 43284,20151207,-9999,    9
  7225, 43284,20151208,-9999,    9
  7225, 43284,20151209,-9999,    9
  7225, 43284,20151210,-9999,    9
  7225, 43284,20151211,-9999,    9
  7225, 43284,20151212,-9999,    9
  7225, 43284,20151213,-9999,    9
  7225, 43284,20151214,-9999,    9
  7225, 43284,20151215,-9999,    9
  7225, 43284,20151216,-9999,    9
  7225, 43284,20151217,-9999,    9
  7225, 43284,20151218,-9999,    9
  7225, 43284,20151219,-9999,    9
  7225, 43284,20151220,-9999,    9
  7225, 43284,20151221,-9999,    9
  7225, 43284,20151222,-9999,    9
  7225, 43284,20151223,-9999,    9
  7225, 43284,20151224,-9999,    9
  7225, 43284,20151225,-9999,    9
  7225, 43284,20151226,-9999,    9
  7225, 43284,20151227,-9999,    9
  7225, 43284,20151228,-9999,    9
  7225, 43284,20151229,-9999,    9
  7225, 43284,20151230,-9999,    9
  7225, 43284,20151231,-9999,    9
  7225, 43284,20160101,-9999,    9
  7225, 43284,20160102,-9999,    9
  7225, 43284,20160103,-9999,    9
  7225, 43284,20160104,-9999,    9
  7225, 43284,20160105,-9999,    9
  7225, 43284,20160106,-9999,    9
  7225, 43284,20160107,-9999,    9
  7225, 43284,20160108,-9999,    9
  7225, 43284,20160109,-9999,    9
  7225, 43284,20160110,-9999,    9
  7225, 43284,20160111,-9999,    9
  7225, 43284,20160112,-9999,    9
  7225, 43284,20160113,-9999,    9
  7225, 43284,20160114,-9999,    9
  7225, 43284,20160115,-9999,    9
  7225, 43284,20160116,-9999,    9
  7225, 43284,20160117,-9999,    9
  7225, 43284,20160118,-9999,    9
  7225, 43284,20160119,-9999,    9
  7225, 43284,20160120,-9999,    9
  7225, 43284,20160121,-9999,    9
  7225, 43284,20160122,-9999,    9
  7225, 43284,20160123,-9999,    9
  7225, 43284,20160124,-9999,    9
  7225, 43284,20160125,-9999,    9
  7225, 43284,20160126,-9999,    9
  7225, 43284,20160127,-9999,    9
  7225, 43284,20160128,-9999,    9
  7225, 43284,20160129,-9999,    9
  7225, 43284,20160130,-9999,    9
  7225, 43284,20160131,-9999,    9
  7225, 43284,20160201,-9999,    9
  7225, 43284,20160202,-9999,    9
  7225, 43284,20160203,-9999,    9
  7225, 43284,20160204,-9999,    9
  7225, 43284,20160205,-9999,    9
  7225, 43284,20160206,-9999,    9
  7225, 43284,20160207,-9999,    9
  7225, 43284,20160208,-9999,    9
  7225, 43284,20160209,-9999,    9
  7225, 43284,20160210,-9999,    9
  7225, 43284,20160211,-9999,    9
  7225, 43284,20160212,-9999,    9
  7225, 43284,20160213,-9999,    9
  7225, 43284,20160214,-9999,    9
  7225, 43284,20160215,-9999,    9
  7225, 43284,20160216,-9999,    9
  7225, 43284,20160217,-9999,    9
  7225, 43284,20160218,-9999,    9
  7225, 43284,20160219,-9999,    9
  7225, 43284,20160220,-9999,    9
  7225, 43284,20160221,-9999,    9
  7225, 43284,20160222,-9999,    9
  7225, 43284,20160223,-9999,    9
  7225, 43284,20160224,-9999,    9
  7225, 43284,20160225,-9999,    9
  7225, 43284,20160226,-9999,    9
  7225, 43284,20160227,-9999,    9
  7225, 43284,20160228,-9999,    9
  7225, 43284,20160229,-9999,    9
  7225, 43284,20160301,-9999,    9
  7225, 43284,20160302,-9999,    9
  7225, 43284,20160303,-9999,    9
  7225, 43284,20160304,-9999,    9
  7225, 43284,20160305,-9999,    9
  7225, 43284,20160306,-9999,    9
  7225, 43284,20160307,-9999,    9
  7225, 43284,20160308,-9999,    9
  7225, 43284,20160309,-9999,    9
  7225, 43284,20160310,-9999,    9
  7225, 43284,20160311,-9999,    9
  7225, 43284,20160312,-9999,    9
  7225, 43284,20160313,-9999,    9
  7225, 43284,20160314,-9999,    9
  7225, 43284,20160315,-9999,    9
  7225, 43284,20160316,-9999,    9
  7225, 43284,20160317,-9999,    9
  7225, 43284,20160318,-9999,    9
  7225, 43284,20160319,-9999,    9
  7225, 43284,20160320,-9999,    9
  7225, 43284,20160321,-9999,    9
  7225, 43284,20160322,-9999,    9
  7225, 43284,20160323,-9999,    9
  7225, 43284,20160324,-9999,    9
  7225, 43284,20160325,-9999,    9
  7225, 43284,20160326,-9999,    9
  7225, 43284,20160327,-9999,    9
  7225, 43284,20160328,-9999,    9
  7225, 43284,20160329,-9999,    9
  7225, 43284,20160330,-9999,    9
  7225, 43284,20160331,-9999,    9
  7225, 43284,20160401,-9999,    9
  7225, 43284,20160402,-9999,    9
  7225, 43284,20160403,-9999,    9
  7225, 43284,20160404,-9999,    9
  7225, 43284,20160405,-9999,    9
  7225, 43284,20160406,-9999,    9
  7225, 43284,20160407,-9999,    9
  7225, 43284,20160408,-9999,    9
  7225, 43284,20160409,-9999,    9
  7225, 43284,20160410,-9999,    9
  7225, 43284,20160411,-9999,    9
  7225, 43284,20160412,-9999,    9
  7225, 43284,20160413,-9999,    9
  7225, 43284,20160414,-9999,    9
  7225, 43284,20160415,-9999,    9
  7225, 43284,20160416,-9999,    9
  7225, 43284,20160417,-9999,    9
  7225, 43284,20160418,-9999,    9
  7225, 43284,20160419,-9999,    9
  7225, 43284,20160420,-9999,    9
  7225, 43284,20160421,-9999,    9
  7225, 43284,20160422,-9999,    9
  7225, 43284,20160423,-9999,    9
  7225, 43284,20160424,-9999,    9
  7225, 43284,20160425,-9999,    9
  7225, 43284,20160426,-9999,    9
  7225, 43284,20160427,-9999,    9
  7225, 43284,20160428,-9999,    9
  7225, 43284,20160429,-9999,    9
  7225, 43284,20160430,-9999,    9
  7225, 43284,20160501,-9999,    9
  7225, 43284,20160502,-9999,    9
  7225, 43284,20160503,-9999,    9
  7225, 43284,20160504,-9999,    9
  7225, 43284,20160505,-9999,    9
  7225, 43284,20160506,-9999,    9
  7225, 43284,20160507,-9999,    9
  7225, 43284,20160508,-9999,    9
  7225, 43284,20160509,-9999,    9
  7225, 43284,20160510,-9999,    9
  7225, 43284,20160511,-9999,    9
  7225, 43284,20160512,-9999,    9
  7225, 43284,20160513,-9999,    9
  7225, 43284,20160514,-9999,    9
  7225, 43284,20160515,-9999,    9
  7225, 43284,20160516,-9999,    9
  7225, 43284,20160517,-9999,    9
  7225, 43284,20160518,-9999,    9
  7225, 43284,20160519,-9999,    9
  7225, 43284,20160520,-9999,    9
  7225, 43284,20160521,-9999,    9
  7225, 43284,20160522,-9999,    9
  7225, 43284,20160523,-9999,    9
  7225, 43284,20160524,-9999,    9
  7225, 43284,20160525,-9999,    9
  7225, 43284,20160526,-9999,    9
  7225, 43284,20160527,-9999,    9
  7225, 43284,20160528,-9999,    9
  7225, 43284,20160529,-9999,    9
  7225, 43284,20160530,-9999,    9
  7225, 43284,20160531,-9999,    9
  7225, 43284,20160601,-9999,    9
  7225, 43284,20160602,-9999,    9
  7225, 43284,20160603,-9999,    9
  7225, 43284,20160604,-9999,    9
  7225, 43284,20160605,-9999,    9
  7225, 43284,20160606,-9999,    9
  7225, 43284,20160607,-9999,    9
  7225, 43284,20160608,-9999,    9
  7225, 43284,20160609,-9999,    9
  7225, 43284,20160610,-9999,    9
  7225, 43284,20160611,-9999,    9
  7225, 43284,20160612,-9999,    9
  7225, 43284,20160613,-9999,    9
  7225, 43284,20160614,-9999,    9
  7225, 43284,20160615,-9999,    9
  7225, 43284,20160616,-9999,    9
  7225, 43284,20160617,-9999,    9
  7225, 43284,20160618,-9999,    9
  7225, 43284,20160619,-9999,    9
  7225, 43284,20160620,-9999,    9
  7225, 43284,20160621,-9999,    9
  7225, 43284,20160622,-9999,    9
  7225, 43284,20160623,-9999,    9
  7225, 43284,20160624,-9999,    9
  7225, 43284,20160625,-9999,    9
  7225, 43284,20160626,-9999,    9
  7225, 43284,20160627,-9999,    9
  7225, 43284,20160628,-9999,    9
  7225, 43284,20160629,-9999,    9
  7225, 43284,20160630,-9999,    9
  7225, 43284,20160701,-9999,    9
  7225, 43284,20160702,-9999,    9
  7225, 43284,20160703,-9999,    9
  7225, 43284,20160704,-9999,    9
  7225, 43284,20160705,-9999,    9
  7225, 43284,20160706,-9999,    9
  7225, 43284,20160707,-9999,    9
  7225, 43284,20160708,-9999,    9
  7225, 43284,20160709,-9999,    9
  7225, 43284,20160710,-9999,    9
  7225, 43284,20160711,-9999,    9
  7225, 43284,20160712,-9999,    9
  7225, 43284,20160713,-9999,    9
  7225, 43284,20160714,-9999,    9
  7225, 43284,20160715,-9999,    9
  7225, 43284,20160716,-9999,    9
  7225, 43284,20160717,-9999,    9
  7225, 43284,20160718,-9999,    9
  7225, 43284,20160719,-9999,    9
  7225, 43284,20160720,-9999,    9
  7225, 43284,20160721,-9999,    9
  7225, 43284,20160722,-9999,    9
  7225, 43284,20160723,-9999,    9
  7225, 43284,20160724,-9999,    9
  7225, 43284,20160725,-9999,    9
  7225, 43284,20160726,-9999,    9
  7225, 43284,20160727,-9999,    9
  7225, 43284,20160728,-9999,    9
  7225, 43284,20160729,-9999,    9
  7225, 43284,20160730,-9999,    9
  7225, 43284,20160731,-9999,    9
  7225, 43284,20160801,-9999,    9
  7225, 43284,20160802,-9999,    9
  7225, 43284,20160803,-9999,    9
  7225, 43284,20160804,-9999,    9
  7225, 43284,20160805,-9999,    9
  7225, 43284,20160806,-9999,    9
  7225, 43284,20160807,-9999,    9
  7225, 43284,20160808,-9999,    9
  7225, 43284,20160809,-9999,    9
  7225, 43284,20160810,-9999,    9
  7225, 43284,20160811,-9999,    9
  7225, 43284,20160812,-9999,    9
  7225, 43284,20160813,-9999,    9
  7225, 43284,20160814,-9999,    9
  7225, 43284,20160815,-9999,    9
  7225, 43284,20160816,-9999,    9
  7225, 43284,20160817,-9999,    9
  7225, 43284,20160818,-9999,    9
  7225, 43284,20160819,-9999,    9
  7225, 43284,20160820,-9999,    9
  7225, 43284,20160821,-9999,    9
  7225, 43284,20160822,-9999,    9
  7225, 43284,20160823,-9999,    9
  7225, 43284,20160824,-9999,    9
  7225, 43284,20160825,-9999,    9
  7225, 43284,20160826,-9999,    9
  7225, 43284,20160827,-9999,    9
  7225, 43284,20160828,-9999,    9
  7225, 43284,20160829,-9999,    9
  7225, 43284,20160830,-9999,    9
  7225, 43284,20160831,-9999,    9
  7225, 43284,20160901,-9999,    9
  7225, 43284,20160902,-9999,    9
  7225, 43284,20160903,-9999,    9
  7225, 43284,20160904,-9999,    9
  7225, 43284,20160905,-9999,    9
  7225, 43284,20160906,-9999,    9
  7225, 43284,20160907,-9999,    9
  7225, 43284,20160908,-9999,    9
  7225, 43284,20160909,-9999,    9
  7225, 43284,20160910,-9999,    9
  7225, 43284,20160911,-9999,    9
  7225, 43284,20160912,-9999,    9
  7225, 43284,20160913,-9999,    9
  7225, 43284,20160914,-9999,    9
  7225, 43284,20160915,-9999,    9
  7225, 43284,20160916,-9999,    9
  7225, 43284,20160917,-9999,    9
  7225, 43284,20160918,-9999,    9
  7225, 43284,20160919,-9999,    9
  7225, 43284,20160920,-9999,    9
  7225, 43284,20160921,-9999,    9
  7225, 43284,20160922,-9999,    9
  7225, 43284,20160923,-9999,    9
  7225, 43284,20160924,-9999,    9
  7225, 43284,20160925,-9999,    9
  7225, 43284,20160926,-9999,    9
  7225, 43284,20160927,-9999,    9
  7225, 43284,20160928,-9999,    9
  7225, 43284,20160929,-9999,    9
  7225, 43284,20160930,-9999,    9
  7225, 43284,20161001,-9999,    9
  7225, 43284,20161002,-9999,    9
  7225, 43284,20161003,-9999,    9
  7225, 43284,20161004,-9999,    9
  7225, 43284,20161005,-9999,    9
  7225, 43284,20161006,-9999,    9
  7225, 43284,20161007,-9999,    9
  7225, 43284,20161008,-9999,    9
  7225, 43284,20161009,-9999,    9
  7225, 43284,20161010,-9999,    9
  7225, 43284,20161011,-9999,    9
  7225, 43284,20161012,-9999,    9
  7225, 43284,20161013,-9999,    9
  7225, 43284,20161014,-9999,    9
  7225, 43284,20161015,-9999,    9
  7225, 43284,20161016,-9999,    9
  7225, 43284,20161017,-9999,    9
  7225, 43284,20161018,-9999,    9
  7225, 43284,20161019,-9999,    9
  7225, 43284,20161020,-9999,    9
  7225, 43284,20161021,-9999,    9
  7225, 43284,20161022,-9999,    9
  7225, 43284,20161023,-9999,    9
  7225, 43284,20161024,-9999,    9
  7225, 43284,20161025,-9999,    9
  7225, 43284,20161026,-9999,    9
  7225, 43284,20161027,-9999,    9
  7225, 43284,20161028,-9999,    9
  7225, 43284,20161029,-9999,    9
  7225, 43284,20161030,-9999,    9
  7225, 43284,20161031,-9999,    9
  7225, 43284,20161101,-9999,    9
  7225, 43284,20161102,-9999,    9
  7225, 43284,20161103,-9999,    9
  7225, 43284,20161104,-9999,    9
  7225, 43284,20161105,-9999,    9
  7225, 43284,20161106,-9999,    9
  7225, 43284,20161107,-9999,    9
  7225, 43284,20161108,-9999,    9
  7225, 43284,20161109,-9999,    9
  7225, 43284,20161110,-9999,    9
  7225, 43284,20161111,-9999,    9
  7225, 43284,20161112,-9999,    9
  7225, 43284,20161113,-9999,    9
  7225, 43284,20161114,-9999,    9
  7225, 43284,20161115,-9999,    9
  7225, 43284,20161116,-9999,    9
  7225, 43284,20161117,-9999,    9
  7225, 43284,20161118,-9999,    9
  7225, 43284,20161119,-9999,    9
  7225, 43284,20161120,-9999,    9
  7225, 43284,20161121,-9999,    9
  7225, 43284,20161122,-9999,    9
  7225, 43284,20161123,-9999,    9
  7225, 43284,20161124,-9999,    9
  7225, 43284,20161125,-9999,    9
  7225, 43284,20161126,-9999,    9
  7225, 43284,20161127,-9999,    9
  7225, 43284,20161128,-9999,    9
  7225, 43284,20161129,-9999,    9
  7225, 43284,20161130,-9999,    9
  7225, 43284,20161201,-9999,    9
  7225, 43284,20161202,-9999,    9
  7225, 43284,20161203,-9999,    9
  7225, 43284,20161204,-9999,    9
  7225, 43284,20161205,-9999,    9
  7225, 43284,20161206,-9999,    9
  7225, 43284,20161207,-9999,    9
  7225, 43284,20161208,-9999,    9
  7225, 43284,20161209,-9999,    9
  7225, 43284,20161210,-9999,    9
  7225, 43284,20161211,-9999,    9
  7225, 43284,20161212,-9999,    9
  7225, 43284,20161213,-9999,    9
  7225, 43284,20161214,-9999,    9
  7225, 43284,20161215,-9999,    9
  7225, 43284,20161216,-9999,    9
  7225, 43284,20161217,-9999,    9
  7225, 43284,20161218,-9999,    9
  7225, 43284,20161219,-9999,    9
  7225, 43284,20161220,-9999,    9
  7225, 43284,20161221,-9999,    9
  7225, 43284,20161222,-9999,    9
  7225, 43284,20161223,-9999,    9
  7225, 43284,20161224,-9999,    9
  7225, 43284,20161225,-9999,    9
  7225, 43284,20161226,-9999,    9
  7225, 43284,20161227,-9999,    9
  7225, 43284,20161228,-9999,    9
  7225, 43284,20161229,-9999,    9
  7225, 43284,20161230,-9999,    9
  7225, 43284,20161231,-9999,    9
  7225, 43284,20170101,-9999,    9
  7225, 43284,20170102,-9999,    9
  7225, 43284,20170103,-9999,    9
  7225, 43284,20170104,-9999,    9
  7225, 43284,20170105,-9999,    9
  7225, 43284,20170106,-9999,    9
  7225, 43284,20170107,-9999,    9
  7225, 43284,20170108,-9999,    9
  7225, 43284,20170109,-9999,    9
  7225, 43284,20170110,-9999,    9
  7225, 43284,20170111,-9999,    9
  7225, 43284,20170112,-9999,    9
  7225, 43284,20170113,-9999,    9
  7225, 43284,20170114,-9999,    9
  7225, 43284,20170115,-9999,    9
  7225, 43284,20170116,-9999,    9
  7225, 43284,20170117,-9999,    9
  7225, 43284,20170118,-9999,    9
  7225, 43284,20170119,-9999,    9
  7225, 43284,20170120,-9999,    9
  7225, 43284,20170121,-9999,    9
  7225, 43284,20170122,-9999,    9
  7225, 43284,20170123,-9999,    9
  7225, 43284,20170124,-9999,    9
  7225, 43284,20170125,-9999,    9
  7225, 43284,20170126,-9999,    9
  7225, 43284,20170127,-9999,    9
  7225, 43284,20170128,-9999,    9
  7225, 43284,20170129,-9999,    9
  7225, 43284,20170130,-9999,    9
  7225, 43284,20170131,-9999,    9
  7225, 43284,20170201,-9999,    9
  7225, 43284,20170202,-9999,    9
  7225, 43284,20170203,-9999,    9
  7225, 43284,20170204,-9999,    9
  7225, 43284,20170205,-9999,    9
  7225, 43284,20170206,-9999,    9
  7225, 43284,20170207,-9999,    9
  7225, 43284,20170208,-9999,    9
  7225, 43284,20170209,-9999,    9
  7225, 43284,20170210,-9999,    9
  7225, 43284,20170211,-9999,    9
  7225, 43284,20170212,-9999,    9
  7225, 43284,20170213,-9999,    9
  7225, 43284,20170214,-9999,    9
  7225, 43284,20170215,-9999,    9
  7225, 43284,20170216,-9999,    9
  7225, 43284,20170217,-9999,    9
  7225, 43284,20170218,-9999,    9
  7225, 43284,20170219,-9999,    9
  7225, 43284,20170220,-9999,    9
  7225, 43284,20170221,-9999,    9
  7225, 43284,20170222,-9999,    9
  7225, 43284,20170223,-9999,    9
  7225, 43284,20170224,-9999,    9
  7225, 43284,20170225,-9999,    9
  7225, 43284,20170226,-9999,    9
  7225, 43284,20170227,-9999,    9
  7225, 43284,20170228,-9999,    9
  7225, 43284,20170301,-9999,    9
  7225, 43284,20170302,-9999,    9
  7225, 43284,20170303,-9999,    9
  7225, 43284,20170304,-9999,    9
  7225, 43284,20170305,-9999,    9
  7225, 43284,20170306,-9999,    9
  7225, 43284,20170307,-9999,    9
  7225, 43284,20170308,-9999,    9
  7225, 43284,20170309,-9999,    9
  7225, 43284,20170310,-9999,    9
  7225, 43284,20170311,-9999,    9
  7225, 43284,20170312,-9999,    9
  7225, 43284,20170313,-9999,    9
  7225, 43284,20170314,-9999,    9
  7225, 43284,20170315,-9999,    9
  7225, 43284,20170316,-9999,    9
  7225, 43284,20170317,-9999,    9
  7225, 43284,20170318,-9999,    9
  7225, 43284,20170319,-9999,    9
  7225, 43284,20170320,-9999,    9
  7225, 43284,20170321,-9999,    9
  7225, 43284,20170322,-9999,    9
  7225, 43284,20170323,-9999,    9
  7225, 43284,20170324,-9999,    9
  7225, 43284,20170325,-9999,    9
  7225, 43284,20170326,-9999,    9
  7225, 43284,20170327,-9999,    9
  7225, 43284,20170328,-9999,    9
  7225, 43284,20170329,-9999,    9
  7225, 43284,20170330,-9999,    9
  7225, 43284,20170331,-9999,    9
  7225, 43284,20170401,-9999,    9
  7225, 43284,20170402,-9999,    9
  7225, 43284,20170403,-9999,    9
  7225, 43284,20170404,-9999,    9
  7225, 43284,20170405,-9999,    9
  7225, 43284,20170406,-9999,    9
  7225, 43284,20170407,-9999,    9
  7225, 43284,20170408,-9999,    9
  7225, 43284,20170409,-9999,    9
  7225, 43284,20170410,-9999,    9
  7225, 43284,20170411,-9999,    9
  7225, 43284,20170412,-9999,    9
  7225, 43284,20170413,-9999,    9
  7225, 43284,20170414,-9999,    9
  7225, 43284,20170415,-9999,    9
  7225, 43284,20170416,-9999,    9
  7225, 43284,20170417,-9999,    9
  7225, 43284,20170418,-9999,    9
  7225, 43284,20170419,-9999,    9
  7225, 43284,20170420,-9999,    9
  7225, 43284,20170421,-9999,    9
  7225, 43284,20170422,-9999,    9
  7225, 43284,20170423,-9999,    9
  7225, 43284,20170424,-9999,    9
  7225, 43284,20170425,-9999,    9
  7225, 43284,20170426,-9999,    9
  7225, 43284,20170427,-9999,    9
  7225, 43284,20170428,-9999,    9
  7225, 43284,20170429,-9999,    9
  7225, 43284,20170430,-9999,    9
  7225, 43284,20170501,-9999,    9
  7225, 43284,20170502,-9999,    9
  7225, 43284,20170503,-9999,    9
  7225, 43284,20170504,-9999,    9
  7225, 43284,20170505,-9999,    9
  7225, 43284,20170506,-9999,    9
  7225, 43284,20170507,-9999,    9
  7225, 43284,20170508,-9999,    9
  7225, 43284,20170509,-9999,    9
  7225, 43284,20170510,-9999,    9
  7225, 43284,20170511,-9999,    9
  7225, 43284,20170512,-9999,    9
  7225, 43284,20170513,-9999,    9
  7225, 43284,20170514,-9999,    9
  7225, 43284,20170515,-9999,    9
  7225, 43284,20170516,-9999,    9
  7225, 43284,20170517,-9999,    9
  7225, 43284,20170518,-9999,    9
  7225, 43284,20170519,-9999,    9
  7225, 43284,20170520,-9999,    9
  7225, 43284,20170521,-9999,    9
  7225, 43284,20170522,-9999,    9
  7225, 43284,20170523,-9999,    9
  7225, 43284,20170524,-9999,    9
  7225, 43284,20170525,-9999,    9
  7225, 43284,20170526,-9999,    9
  7225, 43284,20170527,-9999,    9
  7225, 43284,20170528,-9999,    9
  7225, 43284,20170529,-9999,    9
  7225, 43284,20170530,-9999,    9
  7225, 43284,20170531,-9999,    9
  7225, 43284,20170601,-9999,    9
  7225, 43284,20170602,-9999,    9
  7225, 43284,20170603,-9999,    9
  7225, 43284,20170604,-9999,    9
  7225, 43284,20170605,-9999,    9
  7225, 43284,20170606,-9999,    9
  7225, 43284,20170607,-9999,    9
  7225, 43284,20170608,-9999,    9
  7225, 43284,20170609,-9999,    9
  7225, 43284,20170610,-9999,    9
  7225, 43284,20170611,-9999,    9
  7225, 43284,20170612,-9999,    9
  7225, 43284,20170613,-9999,    9
  7225, 43284,20170614,-9999,    9
  7225, 43284,20170615,-9999,    9
  7225, 43284,20170616,-9999,    9
  7225, 43284,20170617,-9999,    9
  7225, 43284,20170618,-9999,    9
  7225, 43284,20170619,-9999,    9
  7225, 43284,20170620,-9999,    9
  7225, 43284,20170621,-9999,    9
  7225, 43284,20170622,-9999,    9
  7225, 43284,20170623,-9999,    9
  7225, 43284,20170624,-9999,    9
  7225, 43284,20170625,-9999,    9
  7225, 43284,20170626,-9999,    9
  7225, 43284,20170627,-9999,    9
  7225, 43284,20170628,-9999,    9
  7225, 43284,20170629,-9999,    9
  7225, 43284,20170630,-9999,    9
  7225, 43284,20170701,-9999,    9
  7225, 43284,20170702,-9999,    9
  7225, 43284,20170703,-9999,    9
  7225, 43284,20170704,-9999,    9
  7225, 43284,20170705,-9999,    9
  7225, 43284,20170706,-9999,    9
  7225, 43284,20170707,-9999,    9
  7225, 43284,20170708,-9999,    9
  7225, 43284,20170709,-9999,    9
  7225, 43284,20170710,-9999,    9
  7225, 43284,20170711,-9999,    9
  7225, 43284,20170712,-9999,    9
  7225, 43284,20170713,-9999,    9
  7225, 43284,20170714,-9999,    9
  7225, 43284,20170715,-9999,    9
  7225, 43284,20170716,-9999,    9
  7225, 43284,20170717,-9999,    9
  7225, 43284,20170718,-9999,    9
  7225, 43284,20170719,-9999,    9
  7225, 43284,20170720,-9999,    9
  7225, 43284,20170721,-9999,    9
  7225, 43284,20170722,-9999,    9
  7225, 43284,20170723,-9999,    9
  7225, 43284,20170724,-9999,    9
  7225, 43284,20170725,-9999,    9
  7225, 43284,20170726,-9999,    9
  7225, 43284,20170727,-9999,    9
  7225, 43284,20170728,-9999,    9
  7225, 43284,20170729,-9999,    9
  7225, 43284,20170730,-9999,    9
  7225, 43284,20170731,-9999,    9
  7225, 43284,20170801,-9999,    9
  7225, 43284,20170802,-9999,    9
  7225, 43284,20170803,-9999,    9
  7225, 43284,20170804,-9999,    9
  7225, 43284,20170805,-9999,    9
  7225, 43284,20170806,-9999,    9
  7225, 43284,20170807,-9999,    9
  7225, 43284,20170808,-9999,    9
  7225, 43284,20170809,-9999,    9
  7225, 43284,20170810,-9999,    9
  7225, 43284,20170811,-9999,    9
  7225, 43284,20170812,-9999,    9
  7225, 43284,20170813,-9999,    9
  7225, 43284,20170814,-9999,    9
  7225, 43284,20170815,-9999,    9
  7225, 43284,20170816,-9999,    9
  7225, 43284,20170817,-9999,    9
  7225, 43284,20170818,-9999,    9
  7225, 43284,20170819,-9999,    9
  7225, 43284,20170820,-9999,    9
  7225, 43284,20170821,-9999,    9
  7225, 43284,20170822,-9999,    9
  7225, 43284,20170823,-9999,    9
  7225, 43284,20170824,-9999,    9
  7225, 43284,20170825,-9999,    9
  7225, 43284,20170826,-9999,    9
  7225, 43284,20170827,-9999,    9
  7225, 43284,20170828,-9999,    9
  7225, 43284,20170829,-9999,    9
  7225, 43284,20170830,-9999,    9
  7225, 43284,20170831,-9999,    9
  7225, 43284,20170901,-9999,    9
  7225, 43284,20170902,-9999,    9
  7225, 43284,20170903,-9999,    9
  7225, 43284,20170904,-9999,    9
  7225, 43284,20170905,-9999,    9
  7225, 43284,20170906,-9999,    9
  7225, 43284,20170907,-9999,    9
  7225, 43284,20170908,-9999,    9
  7225, 43284,20170909,-9999,    9
  7225, 43284,20170910,-9999,    9
  7225, 43284,20170911,-9999,    9
  7225, 43284,20170912,-9999,    9
  7225, 43284,20170913,-9999,    9
  7225, 43284,20170914,-9999,    9
  7225, 43284,20170915,-9999,    9
  7225, 43284,20170916,-9999,    9
  7225, 43284,20170917,-9999,    9
  7225, 43284,20170918,-9999,    9
  7225, 43284,20170919,-9999,    9
  7225, 43284,20170920,-9999,    9
  7225, 43284,20170921,-9999,    9
  7225, 43284,20170922,-9999,    9
  7225, 43284,20170923,-9999,    9
  7225, 43284,20170924,-9999,    9
  7225, 43284,20170925,-9999,    9
  7225, 43284,20170926,-9999,    9
  7225, 43284,20170927,-9999,    9
  7225, 43284,20170928,-9999,    9
  7225, 43284,20170929,-9999,    9
  7225, 43284,20170930,-9999,    9
  7225, 43284,20171001,-9999,    9
  7225, 43284,20171002,-9999,    9
  7225, 43284,20171003,-9999,    9
  7225, 43284,20171004,-9999,    9
  7225, 43284,20171005,-9999,    9
  7225, 43284,20171006,-9999,    9
  7225, 43284,20171007,-9999,    9
  7225, 43284,20171008,-9999,    9
  7225, 43284,20171009,-9999,    9
  7225, 43284,20171010,-9999,    9
  7225, 43284,20171011,-9999,    9
  7225, 43284,20171012,-9999,    9
  7225, 43284,20171013,-9999,    9
  7225, 43284,20171014,-9999,    9
  7225, 43284,20171015,-9999,    9
  7225, 43284,20171016,-9999,    9
  7225, 43284,20171017,-9999,    9
  7225, 43284,20171018,-9999,    9
  7225, 43284,20171019,-9999,    9
  7225, 43284,20171020,-9999,    9
  7225, 43284,20171021,-9999,    9
  7225, 43284,20171022,-9999,    9
  7225, 43284,20171023,-9999,    9
  7225, 43284,20171024,-9999,    9
  7225, 43284,20171025,-9999,    9
  7225, 43284,20171026,-9999,    9
  7225, 43284,20171027,-9999,    9
  7225, 43284,20171028,-9999,    9
  7225, 43284,20171029,-9999,    9
  7225, 43284,20171030,-9999,    9
  7225, 43284,20171031,-9999,    9
  7225, 43284,20171101,-9999,    9
  7225, 43284,20171102,-9999,    9
  7225, 43284,20171103,-9999,    9
  7225, 43284,20171104,-9999,    9
  7225, 43284,20171105,-9999,    9
  7225, 43284,20171106,-9999,    9
  7225, 43284,20171107,-9999,    9
  7225, 43284,20171108,-9999,    9
  7225, 43284,20171109,-9999,    9
  7225, 43284,20171110,-9999,    9
  7225, 43284,20171111,-9999,    9
  7225, 43284,20171112,-9999,    9
  7225, 43284,20171113,-9999,    9
  7225, 43284,20171114,-9999,    9
  7225, 43284,20171115,-9999,    9
  7225, 43284,20171116,-9999,    9
  7225, 43284,20171117,-9999,    9
  7225, 43284,20171118,-9999,    9
  7225, 43284,20171119,-9999,    9
  7225, 43284,20171120,-9999,    9
  7225, 43284,20171121,-9999,    9
  7225, 43284,20171122,-9999,    9
  7225, 43284,20171123,-9999,    9
  7225, 43284,20171124,-9999,    9
  7225, 43284,20171125,-9999,    9
  7225, 43284,20171126,-9999,    9
  7225, 43284,20171127,-9999,    9
  7225, 43284,20171128,-9999,    9
  7225, 43284,20171129,-9999,    9
  7225, 43284,20171130,-9999,    9
  7225, 43284,20171201,-9999,    9
  7225, 43284,20171202,-9999,    9
  7225, 43284,20171203,-9999,    9
  7225, 43284,20171204,-9999,    9
  7225, 43284,20171205,-9999,    9
  7225, 43284,20171206,-9999,    9
  7225, 43284,20171207,-9999,    9
  7225, 43284,20171208,-9999,    9
  7225, 43284,20171209,-9999,    9
  7225, 43284,20171210,-9999,    9
  7225, 43284,20171211,-9999,    9
  7225, 43284,20171212,-9999,    9
  7225, 43284,20171213,-9999,    9
  7225, 43284,20171214,-9999,    9
  7225, 43284,20171215,-9999,    9
  7225, 43284,20171216,-9999,    9
  7225, 43284,20171217,-9999,    9
  7225, 43284,20171218,-9999,    9
  7225, 43284,20171219,-9999,    9
  7225, 43284,20171220,-9999,    9
  7225, 43284,20171221,-9999,    9
  7225, 43284,20171222,-9999,    9
  7225, 43284,20171223,-9999,    9
  7225, 43284,20171224,-9999,    9
  7225, 43284,20171225,-9999,    9
  7225, 43284,20171226,-9999,    9
  7225, 43284,20171227,-9999,    9
  7225, 43284,20171228,-9999,    9
  7225, 43284,20171229,-9999,    9
  7225, 43284,20171230,-9999,    9
  7225, 43284,20171231,-9999,    9
  7225, 43284,20180101,-9999,    9
  7225, 43284,20180102,-9999,    9
  7225, 43284,20180103,-9999,    9
  7225, 43284,20180104,-9999,    9
  7225, 43284,20180105,-9999,    9
  7225, 43284,20180106,-9999,    9
  7225, 43284,20180107,-9999,    9
  7225, 43284,20180108,-9999,    9
  7225, 43284,20180109,-9999,    9
  7225, 43284,20180110,-9999,    9
  7225, 43284,20180111,-9999,    9
  7225, 43284,20180112,-9999,    9
  7225, 43284,20180113,-9999,    9
  7225, 43284,20180114,-9999,    9
  7225, 43284,20180115,-9999,    9
  7225, 43284,20180116,-9999,    9
  7225, 43284,20180117,-9999,    9
  7225, 43284,20180118,-9999,    9
  7225, 43284,20180119,-9999,    9
  7225, 43284,20180120,-9999,    9
  7225, 43284,20180121,-9999,    9
  7225, 43284,20180122,-9999,    9
  7225, 43284,20180123,-9999,    9
  7225, 43284,20180124,-9999,    9
  7225, 43284,20180125,-9999,    9
  7225, 43284,20180126,-9999,    9
  7225, 43284,20180127,-9999,    9
  7225, 43284,20180128,-9999,    9
  7225, 43284,20180129,-9999,    9
  7225, 43284,20180130,-9999,    9
  7225, 43284,20180131,-9999,    9
  7225, 43284,20180201,-9999,    9
  7225, 43284,20180202,-9999,    9
  7225, 43284,20180203,-9999,    9
  7225, 43284,20180204,-9999,    9
  7225, 43284,20180205,-9999,    9
  7225, 43284,20180206,-9999,    9
  7225, 43284,20180207,-9999,    9
  7225, 43284,20180208,-9999,    9
  7225, 43284,20180209,-9999,    9
  7225, 43284,20180210,-9999,    9
  7225, 43284,20180211,-9999,    9
  7225, 43284,20180212,-9999,    9
  7225, 43284,20180213,-9999,    9
  7225, 43284,20180214,-9999,    9
  7225, 43284,20180215,-9999,    9
  7225, 43284,20180216,-9999,    9
  7225, 43284,20180217,-9999,    9
  7225, 43284,20180218,-9999,    9
  7225, 43284,20180219,-9999,    9
  7225, 43284,20180220,-9999,    9
  7225, 43284,20180221,-9999,    9
  7225, 43284,20180222,-9999,    9
  7225, 43284,20180223,-9999,    9
  7225, 43284,20180224,-9999,    9
  7225, 43284,20180225,-9999,    9
  7225, 43284,20180226,-9999,    9
  7225, 43284,20180227,-9999,    9
  7225, 43284,20180228,-9999,    9
  7225, 43284,20180301,-9999,    9
  7225, 43284,20180302,-9999,    9
  7225, 43284,20180303,-9999,    9
  7225, 43284,20180304,-9999,    9
  7225, 43284,20180305,-9999,    9
  7225, 43284,20180306,-9999,    9
  7225, 43284,20180307,-9999,    9
  7225, 43284,20180308,-9999,    9
  7225, 43284,20180309,-9999,    9
  7225, 43284,20180310,-9999,    9
  7225, 43284,20180311,-9999,    9
  7225, 43284,20180312,-9999,    9
  7225, 43284,20180313,-9999,    9
  7225, 43284,20180314,-9999,    9
  7225, 43284,20180315,-9999,    9
  7225, 43284,20180316,-9999,    9
  7225, 43284,20180317,-9999,    9
  7225, 43284,20180318,-9999,    9
  7225, 43284,20180319,-9999,    9
  7225, 43284,20180320,-9999,    9
  7225, 43284,20180321,-9999,    9
  7225, 43284,20180322,-9999,    9
  7225, 43284,20180323,-9999,    9
  7225, 43284,20180324,-9999,    9
  7225, 43284,20180325,-9999,    9
  7225, 43284,20180326,-9999,    9
  7225, 43284,20180327,-9999,    9
  7225, 43284,20180328,-9999,    9
  7225, 43284,20180329,-9999,    9
  7225, 43284,20180330,-9999,    9
  7225, 43284,20180331,-9999,    9
  7225, 43284,20180401,-9999,    9
  7225, 43284,20180402,-9999,    9
  7225, 43284,20180403,-9999,    9
  7225, 43284,20180404,-9999,    9
  7225, 43284,20180405,-9999,    9
  7225, 43284,20180406,-9999,    9
  7225, 43284,20180407,-9999,    9
  7225, 43284,20180408,-9999,    9
  7225, 43284,20180409,-9999,    9
  7225, 43284,20180410,-9999,    9
  7225, 43284,20180411,-9999,    9
  7225, 43284,20180412,-9999,    9
  7225, 43284,20180413,-9999,    9
  7225, 43284,20180414,-9999,    9
  7225, 43284,20180415,-9999,    9
  7225, 43284,20180416,-9999,    9
  7225, 43284,20180417,-9999,    9
  7225, 43284,20180418,-9999,    9
  7225, 43284,20180419,-9999,    9
  7225, 43284,20180420,-9999,    9
  7225, 43284,20180421,-9999,    9
  7225, 43284,20180422,-9999,    9
  7225, 43284,20180423,-9999,    9
  7225, 43284,20180424,-9999,    9
  7225, 43284,20180425,-9999,    9
  7225, 43284,20180426,-9999,    9
  7225, 43284,20180427,-9999,    9
  7225, 43284,20180428,-9999,    9
  7225, 43284,20180429,-9999,    9
  7225, 43284,20180430,-9999,    9
  7225, 43284,20180501,-9999,    9
  7225, 43284,20180502,-9999,    9
  7225, 43284,20180503,-9999,    9
  7225, 43284,20180504,-9999,    9
  7225, 43284,20180505,-9999,    9
  7225, 43284,20180506,-9999,    9
  7225, 43284,20180507,-9999,    9
  7225, 43284,20180508,-9999,    9
  7225, 43284,20180509,-9999,    9
  7225, 43284,20180510,-9999,    9
  7225, 43284,20180511,-9999,    9
  7225, 43284,20180512,-9999,    9
  7225, 43284,20180513,-9999,    9
  7225, 43284,20180514,-9999,    9
  7225, 43284,20180515,-9999,    9
  7225, 43284,20180516,-9999,    9
  7225, 43284,20180517,-9999,    9
  7225, 43284,20180518,-9999,    9
  7225, 43284,20180519,-9999,    9
  7225, 43284,20180520,-9999,    9
  7225, 43284,20180521,-9999,    9
  7225, 43284,20180522,-9999,    9
  7225, 43284,20180523,-9999,    9
  7225, 43284,20180524,-9999,    9
  7225, 43284,20180525,-9999,    9
  7225, 43284,20180526,-9999,    9
  7225, 43284,20180527,-9999,    9
  7225, 43284,20180528,-9999,    9
  7225, 43284,20180529,-9999,    9
  7225, 43284,20180530,-9999,    9
  7225, 43284,20180531,-9999,    9
  7225, 43284,20180601,-9999,    9
  7225, 43284,20180602,-9999,    9
  7225, 43284,20180603,-9999,    9
  7225, 43284,20180604,-9999,    9
  7225, 43284,20180605,-9999,    9
  7225, 43284,20180606,-9999,    9
  7225, 43284,20180607,-9999,    9
  7225, 43284,20180608,-9999,    9
  7225, 43284,20180609,-9999,    9
  7225, 43284,20180610,-9999,    9
  7225, 43284,20180611,-9999,    9
  7225, 43284,20180612,-9999,    9
  7225, 43284,20180613,-9999,    9
  7225, 43284,20180614,-9999,    9
  7225, 43284,20180615,-9999,    9
  7225, 43284,20180616,-9999,    9
  7225, 43284,20180617,-9999,    9
  7225, 43284,20180618,-9999,    9
  7225, 43284,20180619,-9999,    9
  7225, 43284,20180620,-9999,    9
  7225, 43284,20180621,-9999,    9
  7225, 43284,20180622,-9999,    9
  7225, 43284,20180623,-9999,    9
  7225, 43284,20180624,-9999,    9
  7225, 43284,20180625,-9999,    9
  7225, 43284,20180626,-9999,    9
  7225, 43284,20180627,-9999,    9
  7225, 43284,20180628,-9999,    9
  7225, 43284,20180629,-9999,    9
  7225, 43284,20180630,-9999,    9
  7225, 43284,20180701,-9999,    9
  7225, 43284,20180702,-9999,    9
  7225, 43284,20180703,-9999,    9
  7225, 43284,20180704,-9999,    9
  7225, 43284,20180705,-9999,    9
  7225, 43284,20180706,-9999,    9
  7225, 43284,20180707,-9999,    9
  7225, 43284,20180708,-9999,    9
  7225, 43284,20180709,-9999,    9
  7225, 43284,20180710,-9999,    9
  7225, 43284,20180711,-9999,    9
  7225, 43284,20180712,-9999,    9
  7225, 43284,20180713,-9999,    9
  7225, 43284,20180714,-9999,    9
  7225, 43284,20180715,-9999,    9
  7225, 43284,20180716,-9999,    9
  7225, 43284,20180717,-9999,    9
  7225, 43284,20180718,-9999,    9
  7225, 43284,20180719,-9999,    9
  7225, 43284,20180720,-9999,    9
  7225, 43284,20180721,-9999,    9
  7225, 43284,20180722,-9999,    9
  7225, 43284,20180723,-9999,    9
  7225, 43284,20180724,-9999,    9
  7225, 43284,20180725,-9999,    9
  7225, 43284,20180726,-9999,    9
  7225, 43284,20180727,-9999,    9
  7225, 43284,20180728,-9999,    9
  7225, 43284,20180729,-9999,    9
  7225, 43284,20180730,-9999,    9
  7225, 43284,20180731,-9999,    9
  7225, 43284,20180801,-9999,    9
  7225, 43284,20180802,-9999,    9
  7225, 43284,20180803,-9999,    9
  7225, 43284,20180804,-9999,    9
  7225, 43284,20180805,-9999,    9
  7225, 43284,20180806,-9999,    9
  7225, 43284,20180807,-9999,    9
  7225, 43284,20180808,-9999,    9
  7225, 43284,20180809,-9999,    9
  7225, 43284,20180810,-9999,    9
  7225, 43284,20180811,-9999,    9
  7225, 43284,20180812,-9999,    9
  7225, 43284,20180813,-9999,    9
  7225, 43284,20180814,-9999,    9
  7225, 43284,20180815,-9999,    9
  7225, 43284,20180816,-9999,    9
  7225, 43284,20180817,-9999,    9
  7225, 43284,20180818,-9999,    9
  7225, 43284,20180819,-9999,    9
  7225, 43284,20180820,-9999,    9
  7225, 43284,20180821,-9999,    9
  7225, 43284,20180822,-9999,    9
  7225, 43284,20180823,-9999,    9
  7225, 43284,20180824,-9999,    9
  7225, 43284,20180825,-9999,    9
  7225, 43284,20180826,-9999,    9
  7225, 43284,20180827,-9999,    9
  7225, 43284,20180828,-9999,    9
  7225, 43284,20180829,-9999,    9
  7225, 43284,20180830,-9999,    9
  7225, 43284,20180831,-9999,    9
  7225, 43284,20180901,-9999,    9
  7225, 43284,20180902,-9999,    9
  7225, 43284,20180903,-9999,    9
  7225, 43284,20180904,-9999,    9
  7225, 43284,20180905,-9999,    9
  7225, 43284,20180906,-9999,    9
  7225, 43284,20180907,-9999,    9
  7225, 43284,20180908,-9999,    9
  7225, 43284,20180909,-9999,    9
  7225, 43284,20180910,-9999,    9
  7225, 43284,20180911,-9999,    9
  7225, 43284,20180912,-9999,    9
  7225, 43284,20180913,-9999,    9
  7225, 43284,20180914,-9999,    9
  7225, 43284,20180915,-9999,    9
  7225, 43284,20180916,-9999,    9
  7225, 43284,20180917,-9999,    9
  7225, 43284,20180918,-9999,    9
  7225, 43284,20180919,-9999,    9
  7225, 43284,20180920,-9999,    9
  7225, 43284,20180921,-9999,    9
  7225, 43284,20180922,-9999,    9
  7225, 43284,20180923,-9999,    9
  7225, 43284,20180924,-9999,    9
  7225, 43284,20180925,-9999,    9
  7225, 43284,20180926,-9999,    9
  7225, 43284,20180927,-9999,    9
  7225, 43284,20180928,-9999,    9
  7225, 43284,20180929,-9999,    9
  7225, 43284,20180930,-9999,    9
  7225, 43284,20181001,-9999,    9
  7225, 43284,20181002,-9999,    9
  7225, 43284,20181003,-9999,    9
  7225, 43284,20181004,-9999,    9
  7225, 43284,20181005,-9999,    9
  7225, 43284,20181006,-9999,    9
  7225, 43284,20181007,-9999,    9
  7225, 43284,20181008,-9999,    9
  7225, 43284,20181009,-9999,    9
  7225, 43284,20181010,-9999,    9
  7225, 43284,20181011,-9999,    9
  7225, 43284,20181012,-9999,    9
  7225, 43284,20181013,-9999,    9
  7225, 43284,20181014,-9999,    9
  7225, 43284,20181015,-9999,    9
  7225, 43284,20181016,-9999,    9
  7225, 43284,20181017,-9999,    9
  7225, 43284,20181018,-9999,    9
  7225, 43284,20181019,-9999,    9
  7225, 43284,20181020,-9999,    9
  7225, 43284,20181021,-9999,    9
  7225, 43284,20181022,-9999,    9
  7225, 43284,20181023,-9999,    9
  7225, 43284,20181024,-9999,    9
  7225, 43284,20181025,-9999,    9
  7225, 43284,20181026,-9999,    9
  7225, 43284,20181027,-9999,    9
  7225, 43284,20181028,-9999,    9
  7225, 43284,20181029,-9999,    9
  7225, 43284,20181030,-9999,    9
  7225, 43284,20181031,-9999,    9
  7225, 43284,20181101,-9999,    9
  7225, 43284,20181102,-9999,    9
  7225, 43284,20181103,-9999,    9
  7225, 43284,20181104,-9999,    9
  7225, 43284,20181105,-9999,    9
  7225, 43284,20181106,-9999,    9
  7225, 43284,20181107,-9999,    9
  7225, 43284,20181108,-9999,    9
  7225, 43284,20181109,-9999,    9
  7225, 43284,20181110,-9999,    9
  7225, 43284,20181111,-9999,    9
  7225, 43284,20181112,-9999,    9
  7225, 43284,20181113,-9999,    9
  7225, 43284,20181114,-9999,    9
  7225, 43284,20181115,-9999,    9
  7225, 43284,20181116,-9999,    9
  7225, 43284,20181117,-9999,    9
  7225, 43284,20181118,-9999,    9
  7225, 43284,20181119,-9999,    9
  7225, 43284,20181120,-9999,    9
  7225, 43284,20181121,-9999,    9
  7225, 43284,20181122,-9999,    9
  7225, 43284,20181123,-9999,    9
  7225, 43284,20181124,-9999,    9
  7225, 43284,20181125,-9999,    9
  7225, 43284,20181126,-9999,    9
  7225, 43284,20181127,-9999,    9
  7225, 43284,20181128,-9999,    9
  7225, 43284,20181129,-9999,    9
  7225, 43284,20181130,-9999,    9
  7225, 43284,20181201,-9999,    9
  7225, 43284,20181202,-9999,    9
  7225, 43284,20181203,-9999,    9
  7225, 43284,20181204,-9999,    9
  7225, 43284,20181205,-9999,    9
  7225, 43284,20181206,-9999,    9
  7225, 43284,20181207,-9999,    9
  7225, 43284,20181208,-9999,    9
  7225, 43284,20181209,-9999,    9
  7225, 43284,20181210,-9999,    9
  7225, 43284,20181211,-9999,    9
  7225, 43284,20181212,-9999,    9
  7225, 43284,20181213,-9999,    9
  7225, 43284,20181214,-9999,    9
  7225, 43284,20181215,-9999,    9
  7225, 43284,20181216,-9999,    9
  7225, 43284,20181217,-9999,    9
  7225, 43284,20181218,-9999,    9
  7225, 43284,20181219,-9999,    9
  7225, 43284,20181220,-9999,    9
  7225, 43284,20181221,-9999,    9
  7225, 43284,20181222,-9999,    9
  7225, 43284,20181223,-9999,    9
  7225, 43284,20181224,-9999,    9
  7225, 43284,20181225,-9999,    9
  7225, 43284,20181226,-9999,    9
  7225, 43284,20181227,-9999,    9
  7225, 43284,20181228,-9999,    9
  7225, 43284,20181229,-9999,    9
  7225, 43284,20181230,-9999,    9
  7225, 43284,20181231,-9999,    9
  7225, 43284,20190101,-9999,    9
  7225, 43284,20190102,-9999,    9
  7225, 43284,20190103,-9999,    9
  7225, 43284,20190104,-9999,    9
  7225, 43284,20190105,-9999,    9
  7225, 43284,20190106,-9999,    9
  7225, 43284,20190107,-9999,    9
  7225, 43284,20190108,-9999,    9
  7225, 43284,20190109,-9999,    9
  7225, 43284,20190110,-9999,    9
  7225, 43284,20190111,-9999,    9
  7225, 43284,20190112,-9999,    9
  7225, 43284,20190113,-9999,    9
  7225, 43284,20190114,-9999,    9
  7225, 43284,20190115,-9999,    9
  7225, 43284,20190116,-9999,    9
  7225, 43284,20190117,-9999,    9
  7225, 43284,20190118,-9999,    9
  7225, 43284,20190119,-9999,    9
  7225, 43284,20190120,-9999,    9
  7225, 43284,20190121,-9999,    9
  7225, 43284,20190122,-9999,    9
  7225, 43284,20190123,-9999,    9
  7225, 43284,20190124,-9999,    9
  7225, 43284,20190125,-9999,    9
  7225, 43284,20190126,-9999,    9
  7225, 43284,20190127,-9999,    9
  7225, 43284,20190128,-9999,    9
  7225, 43284,20190129,-9999,    9
  7225, 43284,20190130,-9999,    9
  7225, 43284,20190131,-9999,    9
  7225, 43284,20190201,-9999,    9
  7225, 43284,20190202,-9999,    9
  7225, 43284,20190203,-9999,    9
  7225, 43284,20190204,-9999,    9
  7225, 43284,20190205,-9999,    9
  7225, 43284,20190206,-9999,    9
  7225, 43284,20190207,-9999,    9
  7225, 43284,20190208,-9999,    9
  7225, 43284,20190209,-9999,    9
  7225, 43284,20190210,-9999,    9
  7225, 43284,20190211,-9999,    9
  7225, 43284,20190212,-9999,    9
  7225, 43284,20190213,-9999,    9
  7225, 43284,20190214,-9999,    9
  7225, 43284,20190215,-9999,    9
  7225, 43284,20190216,-9999,    9
  7225, 43284,20190217,-9999,    9
  7225, 43284,20190218,-9999,    9
  7225, 43284,20190219,-9999,    9
  7225, 43284,20190220,-9999,    9
  7225, 43284,20190221,-9999,    9
  7225, 43284,20190222,-9999,    9
  7225, 43284,20190223,-9999,    9
  7225, 43284,20190224,-9999,    9
  7225, 43284,20190225,-9999,    9
  7225, 43284,20190226,-9999,    9
  7225, 43284,20190227,-9999,    9
  7225, 43284,20190228,-9999,    9
  7225, 43284,20190301,-9999,    9
  7225, 43284,20190302,-9999,    9
  7225, 43284,20190303,-9999,    9
  7225, 43284,20190304,-9999,    9
  7225, 43284,20190305,-9999,    9
  7225, 43284,20190306,-9999,    9
  7225, 43284,20190307,-9999,    9
  7225, 43284,20190308,-9999,    9
  7225, 43284,20190309,-9999,    9
  7225, 43284,20190310,-9999,    9
  7225, 43284,20190311,-9999,    9
  7225, 43284,20190312,-9999,    9
  7225, 43284,20190313,-9999,    9
  7225, 43284,20190314,-9999,    9
  7225, 43284,20190315,-9999,    9
  7225, 43284,20190316,-9999,    9
  7225, 43284,20190317,-9999,    9
  7225, 43284,20190318,-9999,    9
  7225, 43284,20190319,-9999,    9
  7225, 43284,20190320,-9999,    9
  7225, 43284,20190321,-9999,    9
  7225, 43284,20190322,-9999,    9
  7225, 43284,20190323,-9999,    9
  7225, 43284,20190324,-9999,    9
  7225, 43284,20190325,-9999,    9
  7225, 43284,20190326,-9999,    9
  7225, 43284,20190327,-9999,    9
  7225, 43284,20190328,-9999,    9
  7225, 43284,20190329,-9999,    9
  7225, 43284,20190330,-9999,    9
  7225, 43284,20190331,-9999,    9
  7225, 43284,20190401,-9999,    9
  7225, 43284,20190402,-9999,    9
  7225, 43284,20190403,-9999,    9
  7225, 43284,20190404,-9999,    9
  7225, 43284,20190405,-9999,    9
  7225, 43284,20190406,-9999,    9
  7225, 43284,20190407,-9999,    9
  7225, 43284,20190408,-9999,    9
  7225, 43284,20190409,-9999,    9
  7225, 43284,20190410,-9999,    9
  7225, 43284,20190411,-9999,    9
  7225, 43284,20190412,-9999,    9
  7225, 43284,20190413,-9999,    9
  7225, 43284,20190414,-9999,    9
  7225, 43284,20190415,-9999,    9
  7225, 43284,20190416,-9999,    9
  7225, 43284,20190417,-9999,    9
  7225, 43284,20190418,-9999,    9
  7225, 43284,20190419,-9999,    9
  7225, 43284,20190420,-9999,    9
  7225, 43284,20190421,-9999,    9
  7225, 43284,20190422,-9999,    9
  7225, 43284,20190423,-9999,    9
  7225, 43284,20190424,-9999,    9
  7225, 43284,20190425,-9999,    9
  7225, 43284,20190426,-9999,    9
  7225, 43284,20190427,-9999,    9
  7225, 43284,20190428,-9999,    9
  7225, 43284,20190429,-9999,    9
  7225, 43284,20190430,-9999,    9
