EUROPEAN CLIMATE ASSESSMENT & DATASET (ECA&D), file created on: 13-05-2019
THESE DATA CAN BE USED FOR NON-COMMERCIAL RESEARCH AND EDUCATION PROVIDED THAT THE FOLLOWING SOURCE IS ACKNOWLEDGED: 

Klein Tank, A.M.G. and Coauthors, 2002. Daily dataset of 20th-century surface
air temperature and precipitation series for the European Climate Assessment.
Int. J. of Climatol., 22, 1441-1453.
Data and metadata available at http://www.ecad.eu

FILE FORMAT (MISSING VALUE CODE = -9999):

01-06 STAID: Station identifier
08-13 SOUID: Source identifier
15-22 DATE : Date YYYYMMDD
24-28 TG   : Mean temperature in 0.1 &#176;C
30-34 Q_TG : quality code for TG (0='valid'; 1='suspect'; 9='missing')

This is the blended series of station PUJALT, SPAIN (STAID: 16321)
Blended and updated with sources:90636 
See files sources.txt and stations.txt for more info.

STAID, SOUID,    DATE,   TG, Q_TG
 16321, 90636,20180401,-9999,    9
 16321, 90636,20180402,-9999,    9
 16321, 90636,20180403,-9999,    9
 16321, 90636,20180404,-9999,    9
 16321, 90636,20180405,-9999,    9
 16321, 90636,20180406,-9999,    9
 16321, 90636,20180407,  105,    0
 16321, 90636,20180408,   69,    0
 16321, 90636,20180409,   76,    0
 16321, 90636,20180410,   61,    0
 16321, 90636,20180411,   50,    0
 16321, 90636,20180412,   63,    0
 16321, 90636,20180413,   76,    0
 16321, 90636,20180414,   84,    0
 16321, 90636,20180415,  112,    0
 16321, 90636,20180416,  118,    0
 16321, 90636,20180417,  129,    0
 16321, 90636,20180418,  168,    0
 16321, 90636,20180419,  146,    0
 16321, 90636,20180420,  146,    0
 16321, 90636,20180421,  158,    0
 16321, 90636,20180422,  163,    0
 16321, 90636,20180423,  168,    0
 16321, 90636,20180424,  175,    0
 16321, 90636,20180425,  183,    0
 16321, 90636,20180426,  135,    0
 16321, 90636,20180427,  161,    0
 16321, 90636,20180428,  133,    0
 16321, 90636,20180429,   89,    0
 16321, 90636,20180430,   79,    0
 16321, 90636,20180501,   66,    0
 16321, 90636,20180502,   94,    0
 16321, 90636,20180503,  107,    0
 16321, 90636,20180504,  103,    0
 16321, 90636,20180505,  116,    0
 16321, 90636,20180506,  143,    0
 16321, 90636,20180507,  144,    0
 16321, 90636,20180508,  150,    0
 16321, 90636,20180509,  132,    0
 16321, 90636,20180510,  127,    0
 16321, 90636,20180511,  147,    0
 16321, 90636,20180512,  122,    0
 16321, 90636,20180513,   80,    0
 16321, 90636,20180514,   88,    0
 16321, 90636,20180515,  110,    0
 16321, 90636,20180516,  131,    0
 16321, 90636,20180517,  149,    0
 16321, 90636,20180518,  145,    0
 16321, 90636,20180519,  148,    0
 16321, 90636,20180520,  139,    0
 16321, 90636,20180521,  149,    0
 16321, 90636,20180522,  146,    0
 16321, 90636,20180523,  169,    0
 16321, 90636,20180524,  181,    0
 16321, 90636,20180525,  166,    0
 16321, 90636,20180526,  163,    0
 16321, 90636,20180527,  176,    0
 16321, 90636,20180528,  149,    0
 16321, 90636,20180529,  161,    0
 16321, 90636,20180530,  138,    0
 16321, 90636,20180531,  153,    0
 16321, 90636,20180601,  171,    0
 16321, 90636,20180602,  171,    0
 16321, 90636,20180603,  144,    0
 16321, 90636,20180604,  162,    0
 16321, 90636,20180605,  150,    0
 16321, 90636,20180606,  127,    0
 16321, 90636,20180607,  144,    0
 16321, 90636,20180608,  176,    0
 16321, 90636,20180609,  189,    0
 16321, 90636,20180610,  173,    0
 16321, 90636,20180611,  176,    0
 16321, 90636,20180612,  151,    0
 16321, 90636,20180613,  162,    0
 16321, 90636,20180614,  163,    0
 16321, 90636,20180615,  173,    0
 16321, 90636,20180616,  187,    0
 16321, 90636,20180617,  181,    0
 16321, 90636,20180618,  192,    0
 16321, 90636,20180619,  198,    0
 16321, 90636,20180620,  226,    0
 16321, 90636,20180621,  245,    0
 16321, 90636,20180622,  231,    0
 16321, 90636,20180623,  204,    0
 16321, 90636,20180624,  204,    0
 16321, 90636,20180625,  210,    0
 16321, 90636,20180626,  213,    0
 16321, 90636,20180627,  226,    0
 16321, 90636,20180628,  213,    0
 16321, 90636,20180629,  206,    0
 16321, 90636,20180630,  223,    0
 16321, 90636,20180701,  225,    0
 16321, 90636,20180702,  226,    0
 16321, 90636,20180703,  235,    0
 16321, 90636,20180704,  229,    0
 16321, 90636,20180705,  206,    0
 16321, 90636,20180706,  200,    0
 16321, 90636,20180707,  228,    0
 16321, 90636,20180708,  246,    0
 16321, 90636,20180709,  238,    0
 16321, 90636,20180710,  231,    0
 16321, 90636,20180711,  215,    0
 16321, 90636,20180712,  210,    0
 16321, 90636,20180713,  226,    0
 16321, 90636,20180714,  246,    0
 16321, 90636,20180715,  251,    0
 16321, 90636,20180716,  202,    0
 16321, 90636,20180717,  207,    0
 16321, 90636,20180718,  231,    0
 16321, 90636,20180719,  236,    0
 16321, 90636,20180720,  225,    0
 16321, 90636,20180721,  184,    0
 16321, 90636,20180722,  191,    0
 16321, 90636,20180723,  223,    0
 16321, 90636,20180724,  220,    0
 16321, 90636,20180725,  235,    0
 16321, 90636,20180726,  253,    0
 16321, 90636,20180727,  256,    0
 16321, 90636,20180728,  240,    0
 16321, 90636,20180729,  248,    0
 16321, 90636,20180730,  251,    0
 16321, 90636,20180731,  265,    0
 16321, 90636,20180801,  265,    0
 16321, 90636,20180802,  271,    0
 16321, 90636,20180803,  271,    0
 16321, 90636,20180804,  278,    0
 16321, 90636,20180805,  267,    0
 16321, 90636,20180806,  261,    0
 16321, 90636,20180807,  245,    0
 16321, 90636,20180808,  233,    0
 16321, 90636,20180809,  200,    0
 16321, 90636,20180810,  199,    0
 16321, 90636,20180811,  218,    0
 16321, 90636,20180812,  222,    0
 16321, 90636,20180813,  227,    0
 16321, 90636,20180814,  203,    0
 16321, 90636,20180815,  203,    0
 16321, 90636,20180816,  216,    0
 16321, 90636,20180817,  181,    0
 16321, 90636,20180818,  177,    0
 16321, 90636,20180819,  217,    0
 16321, 90636,20180820,  226,    0
 16321, 90636,20180821,  237,    0
 16321, 90636,20180822,  233,    0
 16321, 90636,20180823,  234,    0
 16321, 90636,20180824,  208,    0
 16321, 90636,20180825,  178,    0
 16321, 90636,20180826,  180,    0
 16321, 90636,20180827,  215,    0
 16321, 90636,20180828,  225,    0
 16321, 90636,20180829,  224,    0
 16321, 90636,20180830,  210,    0
 16321, 90636,20180831,  198,    0
 16321, 90636,20180901,  197,    0
 16321, 90636,20180902,  209,    0
 16321, 90636,20180903,  215,    0
 16321, 90636,20180904,  211,    0
 16321, 90636,20180905,  204,    0
 16321, 90636,20180906,  189,    0
 16321, 90636,20180907,  184,    0
 16321, 90636,20180908,  193,    0
 16321, 90636,20180909,  193,    0
 16321, 90636,20180910,  191,    0
 16321, 90636,20180911,  213,    0
 16321, 90636,20180912,  197,    0
 16321, 90636,20180913,  201,    0
 16321, 90636,20180914,  197,    0
 16321, 90636,20180915,  188,    0
 16321, 90636,20180916,  201,    0
 16321, 90636,20180917,  201,    0
 16321, 90636,20180918,  180,    0
 16321, 90636,20180919,  207,    0
 16321, 90636,20180920,  225,    0
 16321, 90636,20180921,  232,    0
 16321, 90636,20180922,  212,    0
 16321, 90636,20180923,  234,    0
 16321, 90636,20180924,  198,    0
 16321, 90636,20180925,  153,    0
 16321, 90636,20180926,  164,    0
 16321, 90636,20180927,  174,    0
 16321, 90636,20180928,  197,    0
 16321, 90636,20180929,  190,    0
 16321, 90636,20180930,  184,    0
 16321, 90636,20181001,  135,    0
 16321, 90636,20181002,  121,    0
 16321, 90636,20181003,  148,    0
 16321, 90636,20181004,  171,    0
 16321, 90636,20181005,  167,    0
 16321, 90636,20181006,  170,    0
 16321, 90636,20181007,  127,    0
 16321, 90636,20181008,  117,    0
 16321, 90636,20181009,  134,    0
 16321, 90636,20181010,  149,    0
 16321, 90636,20181011,  173,    0
 16321, 90636,20181012,  188,    0
 16321, 90636,20181013,  174,    0
 16321, 90636,20181014,  158,    0
 16321, 90636,20181015,  111,    0
 16321, 90636,20181016,  141,    0
 16321, 90636,20181017,  147,    0
 16321, 90636,20181018,  145,    0
 16321, 90636,20181019,  163,    0
 16321, 90636,20181020,  160,    0
 16321, 90636,20181021,  141,    0
 16321, 90636,20181022,  131,    0
 16321, 90636,20181023,  106,    0
 16321, 90636,20181024,  110,    0
 16321, 90636,20181025,  128,    0
 16321, 90636,20181026,  140,    0
 16321, 90636,20181027,   79,    0
 16321, 90636,20181028,   33,    0
 16321, 90636,20181029,   23,    0
 16321, 90636,20181030,   56,    0
 16321, 90636,20181031,   76,    0
 16321, 90636,20181101,   67,    0
 16321, 90636,20181102,   76,    0
 16321, 90636,20181103,   65,    0
 16321, 90636,20181104,   90,    0
 16321, 90636,20181105,   94,    0
 16321, 90636,20181106,   61,    0
 16321, 90636,20181107,   84,    0
 16321, 90636,20181108,   97,    0
 16321, 90636,20181109,   78,    0
 16321, 90636,20181110,   90,    0
 16321, 90636,20181111,  125,    0
 16321, 90636,20181112,  126,    0
 16321, 90636,20181113,  127,    0
 16321, 90636,20181114,  123,    0
 16321, 90636,20181115,  108,    0
 16321, 90636,20181116,  111,    0
 16321, 90636,20181117,   88,    0
 16321, 90636,20181118,   71,    0
 16321, 90636,20181119,   74,    0
 16321, 90636,20181120,   65,    0
 16321, 90636,20181121,   72,    0
 16321, 90636,20181122,   81,    0
 16321, 90636,20181123,   71,    0
 16321, 90636,20181124,   47,    0
 16321, 90636,20181125,   48,    0
 16321, 90636,20181126,   48,    0
 16321, 90636,20181127,   49,    0
 16321, 90636,20181128,   62,    0
 16321, 90636,20181129,   88,    0
 16321, 90636,20181130,   54,    0
 16321, 90636,20181201,   45,    0
 16321, 90636,20181202,   69,    0
 16321, 90636,20181203,   69,    0
 16321, 90636,20181204,   82,    0
 16321, 90636,20181205,   92,    0
 16321, 90636,20181206,   53,    0
 16321, 90636,20181207,   44,    0
 16321, 90636,20181208,   55,    0
 16321, 90636,20181209,   69,    0
 16321, 90636,20181210,   51,    0
 16321, 90636,20181211,   50,    0
 16321, 90636,20181212,   46,    0
 16321, 90636,20181213,   49,    0
 16321, 90636,20181214,   51,    0
 16321, 90636,20181215,   49,    0
 16321, 90636,20181216,   60,    0
 16321, 90636,20181217,   35,    0
 16321, 90636,20181218,   54,    0
 16321, 90636,20181219,   55,    0
 16321, 90636,20181220,   50,    0
 16321, 90636,20181221,   53,    0
 16321, 90636,20181222,   65,    0
 16321, 90636,20181223,   72,    0
 16321, 90636,20181224,   43,    0
 16321, 90636,20181225,   85,    0
 16321, 90636,20181226,   67,    0
 16321, 90636,20181227,   30,    0
 16321, 90636,20181228,   21,    0
 16321, 90636,20181229,   12,    0
 16321, 90636,20181230,    5,    0
 16321, 90636,20181231,   34,    0
 16321, 90636,20190101,-9999,    9
 16321, 90636,20190102,-9999,    9
 16321, 90636,20190103,-9999,    9
 16321, 90636,20190104,-9999,    9
 16321, 90636,20190105,-9999,    9
 16321, 90636,20190106,-9999,    9
 16321, 90636,20190107,-9999,    9
 16321, 90636,20190108,-9999,    9
 16321, 90636,20190109,-9999,    9
 16321, 90636,20190110,-9999,    9
 16321, 90636,20190111,-9999,    9
 16321, 90636,20190112,-9999,    9
 16321, 90636,20190113,-9999,    9
 16321, 90636,20190114,-9999,    9
 16321, 90636,20190115,-9999,    9
 16321, 90636,20190116,-9999,    9
 16321, 90636,20190117,-9999,    9
 16321, 90636,20190118,-9999,    9
 16321, 90636,20190119,-9999,    9
 16321, 90636,20190120,-9999,    9
 16321, 90636,20190121,-9999,    9
 16321, 90636,20190122,-9999,    9
 16321, 90636,20190123,-9999,    9
 16321, 90636,20190124,-9999,    9
 16321, 90636,20190125,-9999,    9
 16321, 90636,20190126,-9999,    9
 16321, 90636,20190127,-9999,    9
 16321, 90636,20190128,-9999,    9
 16321, 90636,20190129,-9999,    9
 16321, 90636,20190130,-9999,    9
 16321, 90636,20190131,-9999,    9
 16321, 90636,20190201,-9999,    9
 16321, 90636,20190202,-9999,    9
 16321, 90636,20190203,-9999,    9
 16321, 90636,20190204,-9999,    9
 16321, 90636,20190205,-9999,    9
 16321, 90636,20190206,-9999,    9
 16321, 90636,20190207,-9999,    9
 16321, 90636,20190208,-9999,    9
 16321, 90636,20190209,-9999,    9
 16321, 90636,20190210,-9999,    9
 16321, 90636,20190211,-9999,    9
 16321, 90636,20190212,-9999,    9
 16321, 90636,20190213,-9999,    9
 16321, 90636,20190214,-9999,    9
 16321, 90636,20190215,-9999,    9
 16321, 90636,20190216,-9999,    9
 16321, 90636,20190217,-9999,    9
 16321, 90636,20190218,-9999,    9
 16321, 90636,20190219,-9999,    9
 16321, 90636,20190220,-9999,    9
 16321, 90636,20190221,-9999,    9
 16321, 90636,20190222,-9999,    9
 16321, 90636,20190223,-9999,    9
 16321, 90636,20190224,-9999,    9
 16321, 90636,20190225,-9999,    9
 16321, 90636,20190226,-9999,    9
 16321, 90636,20190227,-9999,    9
 16321, 90636,20190228,-9999,    9
 16321, 90636,20190301,-9999,    9
 16321, 90636,20190302,-9999,    9
 16321, 90636,20190303,-9999,    9
 16321, 90636,20190304,-9999,    9
 16321, 90636,20190305,-9999,    9
 16321, 90636,20190306,-9999,    9
 16321, 90636,20190307,-9999,    9
 16321, 90636,20190308,-9999,    9
 16321, 90636,20190309,-9999,    9
 16321, 90636,20190310,-9999,    9
 16321, 90636,20190311,-9999,    9
 16321, 90636,20190312,-9999,    9
 16321, 90636,20190313,-9999,    9
 16321, 90636,20190314,-9999,    9
 16321, 90636,20190315,-9999,    9
 16321, 90636,20190316,-9999,    9
 16321, 90636,20190317,-9999,    9
 16321, 90636,20190318,-9999,    9
 16321, 90636,20190319,-9999,    9
 16321, 90636,20190320,-9999,    9
 16321, 90636,20190321,-9999,    9
 16321, 90636,20190322,-9999,    9
 16321, 90636,20190323,-9999,    9
 16321, 90636,20190324,-9999,    9
 16321, 90636,20190325,-9999,    9
 16321, 90636,20190326,-9999,    9
 16321, 90636,20190327,-9999,    9
 16321, 90636,20190328,-9999,    9
 16321, 90636,20190329,-9999,    9
 16321, 90636,20190330,-9999,    9
 16321, 90636,20190331,-9999,    9
 16321, 90636,20190401,-9999,    9
 16321, 90636,20190402,-9999,    9
 16321, 90636,20190403,-9999,    9
 16321, 90636,20190404,-9999,    9
 16321, 90636,20190405,-9999,    9
 16321, 90636,20190406,-9999,    9
 16321, 90636,20190407,-9999,    9
 16321, 90636,20190408,-9999,    9
 16321, 90636,20190409,-9999,    9
 16321, 90636,20190410,-9999,    9
 16321, 90636,20190411,-9999,    9
 16321, 90636,20190412,-9999,    9
 16321, 90636,20190413,-9999,    9
 16321, 90636,20190414,-9999,    9
 16321, 90636,20190415,-9999,    9
 16321, 90636,20190416,-9999,    9
 16321, 90636,20190417,-9999,    9
 16321, 90636,20190418,-9999,    9
 16321, 90636,20190419,-9999,    9
 16321, 90636,20190420,-9999,    9
 16321, 90636,20190421,-9999,    9
 16321, 90636,20190422,-9999,    9
 16321, 90636,20190423,-9999,    9
 16321, 90636,20190424,-9999,    9
 16321, 90636,20190425,-9999,    9
 16321, 90636,20190426,-9999,    9
 16321, 90636,20190427,-9999,    9
 16321, 90636,20190428,-9999,    9
 16321, 90636,20190429,-9999,    9
 16321, 90636,20190430,-9999,    9
