EUROPEAN CLIMATE ASSESSMENT & DATASET (ECA&D), file created on: 13-05-2019
THESE DATA CAN BE USED FOR NON-COMMERCIAL RESEARCH AND EDUCATION PROVIDED THAT THE FOLLOWING SOURCE IS ACKNOWLEDGED: 

Klein Tank, A.M.G. and Coauthors, 2002. Daily dataset of 20th-century surface
air temperature and precipitation series for the European Climate Assessment.
Int. J. of Climatol., 22, 1441-1453.
Data and metadata available at http://www.ecad.eu

FILE FORMAT (MISSING VALUE CODE = -9999):

01-06 STAID: Station identifier
08-13 SOUID: Source identifier
15-22 DATE : Date YYYYMMDD
24-28 TG   : Mean temperature in 0.1 &#176;C
30-34 Q_TG : quality code for TG (0='valid'; 1='suspect'; 9='missing')

This is the blended series of station DURHAM, UNITED KINGDOM (STAID: 461)
Blended and updated with sources:56851 
See files sources.txt and stations.txt for more info.

STAID, SOUID,    DATE,   TG, Q_TG
   461, 56851,20130101,   44,    0
   461, 56851,20130102,   77,    0
   461, 56851,20130103,   83,    0
   461, 56851,20130104,   95,    0
   461, 56851,20130105,   60,    0
   461, 56851,20130106,   55,    0
   461, 56851,20130107,   69,    0
   461, 56851,20130108,   94,    1
   461, 56851,20130109,   50,    0
   461, 56851,20130110,   33,    0
   461, 56851,20130111,   37,    0
   461, 56851,20130112,   28,    0
   461, 56851,20130113,   15,    1
   461, 56851,20130114,    3,    0
   461, 56851,20130115,    1,    1
   461, 56851,20130116,  -42,    0
   461, 56851,20130117,  -40,    0
   461, 56851,20130118,  -27,    0
   461, 56851,20130119,   -4,    0
   461, 56851,20130120,    7,    0
   461, 56851,20130121,    5,    0
   461, 56851,20130122,   10,    0
   461, 56851,20130123,    3,    0
   461, 56851,20130124,    7,    0
   461, 56851,20130125,   -5,    0
   461, 56851,20130126,   20,    0
   461, 56851,20130127,   41,    0
   461, 56851,20130128,   54,    0
   461, 56851,20130129,   79,    1
   461, 56851,20130130,   60,    0
   461, 56851,20130131,   67,    0
   461, 56851,20130201,   59,    0
   461, 56851,20130202,   29,    0
   461, 56851,20130203,   46,    0
   461, 56851,20130204,   62,    1
   461, 56851,20130205,   26,    0
   461, 56851,20130206,   32,    0
   461, 56851,20130207,   20,    0
   461, 56851,20130208,   31,    0
   461, 56851,20130209,   39,    1
   461, 56851,20130210,   21,    0
   461, 56851,20130211,   23,    0
   461, 56851,20130212,   21,    1
   461, 56851,20130213,    5,    0
   461, 56851,20130214,   43,    0
   461, 56851,20130215,   50,    0
   461, 56851,20130216,   54,    0
   461, 56851,20130217,   42,    0
   461, 56851,20130218,   34,    0
   461, 56851,20130219,   20,    0
   461, 56851,20130220,   15,    0
   461, 56851,20130221,   15,    0
   461, 56851,20130222,   10,    0
   461, 56851,20130223,    8,    0
   461, 56851,20130224,   18,    0
   461, 56851,20130225,   27,    0
   461, 56851,20130226,   43,    0
   461, 56851,20130227,   41,    0
   461, 56851,20130228,   32,    0
   461, 56851,20130301,   40,    0
   461, 56851,20130302,   48,    0
   461, 56851,20130303,   60,    1
   461, 56851,20130304,   27,    0
   461, 56851,20130305,   35,    0
   461, 56851,20130306,   14,    0
   461, 56851,20130307,   48,    1
   461, 56851,20130308,   38,    1
   461, 56851,20130309,   26,    0
   461, 56851,20130310,   17,    0
   461, 56851,20130311,   -3,    0
   461, 56851,20130312,   24,    0
   461, 56851,20130313,   25,    0
   461, 56851,20130314,   22,    0
   461, 56851,20130315,   36,    0
   461, 56851,20130316,   43,    0
   461, 56851,20130317,   42,    1
   461, 56851,20130318,   16,    0
   461, 56851,20130319,   22,    0
   461, 56851,20130320,   16,    0
   461, 56851,20130321,   12,    0
   461, 56851,20130322,   13,    1
   461, 56851,20130323,    3,    0
   461, 56851,20130324,   12,    0
   461, 56851,20130325,   13,    0
   461, 56851,20130326,    3,    0
   461, 56851,20130327,   12,    0
   461, 56851,20130328,   24,    0
   461, 56851,20130329,   25,    0
   461, 56851,20130330,   23,    0
   461, 56851,20130331,    6,    0
   461, 56851,20130401,   36,    0
   461, 56851,20130402,   33,    0
   461, 56851,20130403,   34,    0
   461, 56851,20130404,   36,    0
   461, 56851,20130405,   43,    0
   461, 56851,20130406,   58,    0
   461, 56851,20130407,   38,    0
   461, 56851,20130408,   33,    0
   461, 56851,20130409,   36,    0
   461, 56851,20130410,   60,    0
   461, 56851,20130411,   38,    0
   461, 56851,20130412,   40,    0
   461, 56851,20130413,   91,    0
   461, 56851,20130414,  111,    0
   461, 56851,20130415,  126,    0
   461, 56851,20130416,  115,    0
   461, 56851,20130417,  106,    0
   461, 56851,20130418,   95,    0
   461, 56851,20130419,   80,    0
   461, 56851,20130420,   84,    0
   461, 56851,20130421,   73,    0
   461, 56851,20130422,   79,    0
   461, 56851,20130423,  113,    0
   461, 56851,20130424,  127,    1
   461, 56851,20130425,   88,    0
   461, 56851,20130426,   68,    0
   461, 56851,20130427,   61,    0
   461, 56851,20130428,   65,    0
   461, 56851,20130429,   89,    0
   461, 56851,20130430,   73,    0
   461, 56851,20130501,   84,    0
   461, 56851,20130502,   92,    0
   461, 56851,20130503,  103,    0
   461, 56851,20130504,  110,    0
   461, 56851,20130505,  122,    0
   461, 56851,20130506,  131,    0
   461, 56851,20130507,  127,    0
   461, 56851,20130508,  108,    0
   461, 56851,20130509,   92,    0
   461, 56851,20130510,  105,    0
   461, 56851,20130511,   96,    0
   461, 56851,20130512,   92,    0
   461, 56851,20130513,   84,    0
   461, 56851,20130514,   85,    0
   461, 56851,20130515,   81,    0
   461, 56851,20130516,   78,    0
   461, 56851,20130517,   98,    0
   461, 56851,20130518,   93,    0
   461, 56851,20130519,  136,    0
   461, 56851,20130520,  136,    1
   461, 56851,20130521,  104,    0
   461, 56851,20130522,  111,    1
   461, 56851,20130523,   63,    0
   461, 56851,20130524,   82,    0
   461, 56851,20130525,  104,    0
   461, 56851,20130526,  127,    0
   461, 56851,20130527,   93,    0
   461, 56851,20130528,  116,    0
   461, 56851,20130529,   93,    0
   461, 56851,20130530,  139,    0
   461, 56851,20130531,  147,    0
   461, 56851,20130601,  122,    0
   461, 56851,20130602,  120,    0
   461, 56851,20130603,  125,    0
   461, 56851,20130604,  123,    0
   461, 56851,20130605,  129,    0
   461, 56851,20130606,  131,    0
   461, 56851,20130607,  136,    0
   461, 56851,20130608,  124,    0
   461, 56851,20130609,  123,    0
   461, 56851,20130610,  129,    0
   461, 56851,20130611,  112,    0
   461, 56851,20130612,  158,    0
   461, 56851,20130613,  148,    0
   461, 56851,20130614,  132,    0
   461, 56851,20130615,  129,    0
   461, 56851,20130616,  135,    0
   461, 56851,20130617,  141,    0
   461, 56851,20130618,  152,    0
   461, 56851,20130619,  170,    0
   461, 56851,20130620,  125,    0
   461, 56851,20130621,  157,    0
   461, 56851,20130622,  134,    0
   461, 56851,20130623,  146,    0
   461, 56851,20130624,  133,    0
   461, 56851,20130625,  129,    0
   461, 56851,20130626,  141,    0
   461, 56851,20130627,  117,    0
   461, 56851,20130628,  149,    0
   461, 56851,20130629,  134,    0
   461, 56851,20130630,  151,    0
   461, 56851,20130701,  136,    0
   461, 56851,20130702,  125,    0
   461, 56851,20130703,  157,    0
   461, 56851,20130704,  163,    0
   461, 56851,20130705,  164,    0
   461, 56851,20130706,  180,    0
   461, 56851,20130707,  174,    0
   461, 56851,20130708,  171,    0
   461, 56851,20130709,  202,    1
   461, 56851,20130710,  161,    0
   461, 56851,20130711,  169,    0
   461, 56851,20130712,  204,    0
   461, 56851,20130713,  200,    0
   461, 56851,20130714,  195,    0
   461, 56851,20130715,  182,    0
   461, 56851,20130716,  194,    0
   461, 56851,20130717,  213,    0
   461, 56851,20130718,  205,    0
   461, 56851,20130719,  196,    0
   461, 56851,20130720,  173,    0
   461, 56851,20130721,  174,    0
   461, 56851,20130722,  185,    0
   461, 56851,20130723,  194,    0
   461, 56851,20130724,  206,    0
   461, 56851,20130725,  205,    0
   461, 56851,20130726,  189,    0
   461, 56851,20130727,  170,    0
   461, 56851,20130728,  180,    0
   461, 56851,20130729,  182,    0
   461, 56851,20130730,  175,    0
   461, 56851,20130731,  162,    0
   461, 56851,20130801,  199,    0
   461, 56851,20130802,  201,    1
   461, 56851,20130803,  165,    0
   461, 56851,20130804,  176,    1
   461, 56851,20130805,  162,    0
   461, 56851,20130806,  136,    0
   461, 56851,20130807,  140,    0
   461, 56851,20130808,  148,    0
   461, 56851,20130809,  174,    0
   461, 56851,20130810,  138,    0
   461, 56851,20130811,  145,    0
   461, 56851,20130812,  148,    0
   461, 56851,20130813,  143,    0
   461, 56851,20130814,  164,    0
   461, 56851,20130815,  186,    0
   461, 56851,20130816,  184,    0
   461, 56851,20130817,  157,    0
   461, 56851,20130818,  148,    0
   461, 56851,20130819,  142,    0
   461, 56851,20130820,  154,    0
   461, 56851,20130821,  172,    0
   461, 56851,20130822,  172,    0
   461, 56851,20130823,  177,    0
   461, 56851,20130824,  170,    0
   461, 56851,20130825,  171,    0
   461, 56851,20130826,  183,    0
   461, 56851,20130827,  174,    0
   461, 56851,20130828,  169,    0
   461, 56851,20130829,  152,    0
   461, 56851,20130830,  168,    0
   461, 56851,20130831,  128,    0
   461, 56851,20130901,  138,    0
   461, 56851,20130902,  182,    0
   461, 56851,20130903,  183,    0
   461, 56851,20130904,  166,    0
   461, 56851,20130905,  181,    1
   461, 56851,20130906,  117,    0
   461, 56851,20130907,  126,    0
   461, 56851,20130908,   98,    0
   461, 56851,20130909,  114,    0
   461, 56851,20130910,  123,    0
   461, 56851,20130911,  124,    0
   461, 56851,20130912,  160,    1
   461, 56851,20130913,  123,    0
   461, 56851,20130914,  113,    0
   461, 56851,20130915,  108,    0
   461, 56851,20130916,   92,    0
   461, 56851,20130917,  104,    0
   461, 56851,20130918,  106,    0
   461, 56851,20130919,  111,    0
   461, 56851,20130920,  115,    0
   461, 56851,20130921,  126,    0
   461, 56851,20130922,  176,    0
   461, 56851,20130923,  144,    0
   461, 56851,20130924,  146,    0
   461, 56851,20130925,  140,    0
   461, 56851,20130926,   98,    0
   461, 56851,20130927,  130,    0
   461, 56851,20130928,  124,    0
   461, 56851,20130929,  120,    0
   461, 56851,20130930,  107,    0
   461, 56851,20131001,  130,    0
   461, 56851,20131002,  121,    0
   461, 56851,20131003,  148,    0
   461, 56851,20131004,  161,    0
   461, 56851,20131005,  129,    0
   461, 56851,20131006,  138,    0
   461, 56851,20131007,  165,    0
   461, 56851,20131008,  159,    1
   461, 56851,20131009,  114,    0
   461, 56851,20131010,   85,    0
   461, 56851,20131011,   95,    0
   461, 56851,20131012,   98,    0
   461, 56851,20131013,  107,    0
   461, 56851,20131014,   92,    0
   461, 56851,20131015,  109,    0
   461, 56851,20131016,   81,    0
   461, 56851,20131017,  113,    0
   461, 56851,20131018,   86,    0
   461, 56851,20131019,  125,    0
   461, 56851,20131020,  120,    0
   461, 56851,20131021,  124,    0
   461, 56851,20131022,  131,    0
   461, 56851,20131023,  130,    0
   461, 56851,20131024,  100,    0
   461, 56851,20131025,  122,    0
   461, 56851,20131026,  133,    0
   461, 56851,20131027,  108,    0
   461, 56851,20131028,  100,    0
   461, 56851,20131029,   89,    0
   461, 56851,20131030,   82,    0
   461, 56851,20131031,   97,    0
   461, 56851,20131101,   90,    0
   461, 56851,20131102,   45,    0
   461, 56851,20131103,   58,    0
   461, 56851,20131104,   53,    0
   461, 56851,20131105,   34,    0
   461, 56851,20131106,   56,    0
   461, 56851,20131107,   67,    0
   461, 56851,20131108,   67,    0
   461, 56851,20131109,   47,    0
   461, 56851,20131110,   48,    0
   461, 56851,20131111,   67,    0
   461, 56851,20131112,   84,    0
   461, 56851,20131113,   64,    0
   461, 56851,20131114,   77,    0
   461, 56851,20131115,   60,    0
   461, 56851,20131116,   81,    0
   461, 56851,20131117,   69,    0
   461, 56851,20131118,   60,    0
   461, 56851,20131119,   24,    0
   461, 56851,20131120,   29,    0
   461, 56851,20131121,   56,    0
   461, 56851,20131122,   40,    0
   461, 56851,20131123,   24,    0
   461, 56851,20131124,   56,    0
   461, 56851,20131125,   45,    0
   461, 56851,20131126,   53,    0
   461, 56851,20131127,   82,    0
   461, 56851,20131128,   72,    0
   461, 56851,20131129,   55,    0
   461, 56851,20131130,   60,    0
   461, 56851,20131201,   60,    0
   461, 56851,20131202,   61,    0
   461, 56851,20131203,   75,    0
   461, 56851,20131204,   50,    0
   461, 56851,20131205,   60,    0
   461, 56851,20131206,   30,    0
   461, 56851,20131207,   50,    0
   461, 56851,20131208,   85,    0
   461, 56851,20131209,  109,    1
   461, 56851,20131210,   72,    1
   461, 56851,20131211,   44,    0
   461, 56851,20131212,   68,    0
   461, 56851,20131213,   84,    0
   461, 56851,20131214,   76,    0
   461, 56851,20131215,   83,    1
   461, 56851,20131216,   59,    0
   461, 56851,20131217,   48,    0
   461, 56851,20131218,   59,    0
   461, 56851,20131219,   42,    0
   461, 56851,20131220,   64,    0
   461, 56851,20131221,   71,    1
   461, 56851,20131222,   50,    0
   461, 56851,20131223,   63,    1
   461, 56851,20131224,   43,    0
   461, 56851,20131225,   36,    0
   461, 56851,20131226,   35,    0
   461, 56851,20131227,   40,    0
   461, 56851,20131228,   57,    0
   461, 56851,20131229,   58,    0
   461, 56851,20131230,   69,    0
   461, 56851,20131231,   53,    0
   461, 56851,20140101,   58,    0
   461, 56851,20140102,   58,    0
   461, 56851,20140103,   67,    1
   461, 56851,20140104,   41,    0
   461, 56851,20140105,   42,    0
   461, 56851,20140106,   52,    0
   461, 56851,20140107,   80,    0
   461, 56851,20140108,   82,    1
   461, 56851,20140109,   54,    0
   461, 56851,20140110,   58,    0
   461, 56851,20140111,   40,    0
   461, 56851,20140112,   19,    0
   461, 56851,20140113,   33,    0
   461, 56851,20140114,   39,    0
   461, 56851,20140115,   56,    0
   461, 56851,20140116,   53,    0
   461, 56851,20140117,   51,    0
   461, 56851,20140118,   47,    0
   461, 56851,20140119,   50,    0
   461, 56851,20140120,   33,    0
   461, 56851,20140121,   21,    0
   461, 56851,20140122,   36,    0
   461, 56851,20140123,   52,    0
   461, 56851,20140124,   39,    0
   461, 56851,20140125,   54,    0
   461, 56851,20140126,   40,    0
   461, 56851,20140127,   41,    0
   461, 56851,20140128,   39,    0
   461, 56851,20140129,   50,    1
   461, 56851,20140130,   33,    0
   461, 56851,20140131,   41,    0
   461, 56851,20140201,   40,    0
   461, 56851,20140202,   48,    0
   461, 56851,20140203,   49,    0
   461, 56851,20140204,   51,    0
   461, 56851,20140205,   53,    0
   461, 56851,20140206,   68,    0
   461, 56851,20140207,   49,    0
   461, 56851,20140208,   48,    0
   461, 56851,20140209,   55,    0
   461, 56851,20140210,   37,    0
   461, 56851,20140211,   27,    0
   461, 56851,20140212,   30,    0
   461, 56851,20140213,   38,    0
   461, 56851,20140214,   49,    0
   461, 56851,20140215,   44,    0
   461, 56851,20140216,   54,    0
   461, 56851,20140217,   40,    0
   461, 56851,20140218,   63,    0
   461, 56851,20140219,   75,    0
   461, 56851,20140220,   87,    1
   461, 56851,20140221,   56,    0
   461, 56851,20140222,   71,    0
   461, 56851,20140223,   91,    0
   461, 56851,20140224,   81,    0
   461, 56851,20140225,   80,    0
   461, 56851,20140226,   64,    0
   461, 56851,20140227,   68,    0
   461, 56851,20140228,   40,    0
   461, 56851,20140301,   39,    0
   461, 56851,20140302,   54,    0
   461, 56851,20140303,   61,    0
   461, 56851,20140304,   51,    0
   461, 56851,20140305,   59,    0
   461, 56851,20140306,   83,    0
   461, 56851,20140307,  104,    0
   461, 56851,20140308,   71,    0
   461, 56851,20140309,   94,    0
   461, 56851,20140310,   77,    0
   461, 56851,20140311,   51,    0
   461, 56851,20140312,   55,    0
   461, 56851,20140313,   73,    0
   461, 56851,20140314,   90,    0
   461, 56851,20140315,   96,    0
   461, 56851,20140316,  111,    0
   461, 56851,20140317,  104,    0
   461, 56851,20140318,   95,    0
   461, 56851,20140319,   99,    0
   461, 56851,20140320,   92,    0
   461, 56851,20140321,   64,    0
   461, 56851,20140322,   47,    0
   461, 56851,20140323,   66,    0
   461, 56851,20140324,   30,    0
   461, 56851,20140325,   54,    0
   461, 56851,20140326,   49,    0
   461, 56851,20140327,   53,    0
   461, 56851,20140328,   55,    0
   461, 56851,20140329,   64,    0
   461, 56851,20140330,   68,    0
   461, 56851,20140331,   80,    0
   461, 56851,20140401,  105,    1
   461, 56851,20140402,   58,    0
   461, 56851,20140403,   63,    0
   461, 56851,20140404,   89,    0
   461, 56851,20140405,   90,    0
   461, 56851,20140406,  136,    1
   461, 56851,20140407,   95,    0
   461, 56851,20140408,   84,    0
   461, 56851,20140409,   93,    0
   461, 56851,20140410,  110,    0
   461, 56851,20140411,   86,    0
   461, 56851,20140412,   91,    0
   461, 56851,20140413,   90,    0
   461, 56851,20140414,  101,    0
   461, 56851,20140415,   73,    0
   461, 56851,20140416,   87,    0
   461, 56851,20140417,  108,    0
   461, 56851,20140418,   67,    0
   461, 56851,20140419,   52,    0
   461, 56851,20140420,   79,    0
   461, 56851,20140421,  117,    1
   461, 56851,20140422,   98,    0
   461, 56851,20140423,  125,    0
   461, 56851,20140424,  121,    1
   461, 56851,20140425,   88,    0
   461, 56851,20140426,  111,    1
   461, 56851,20140427,   82,    0
   461, 56851,20140428,  122,    0
   461, 56851,20140429,  137,    0
   461, 56851,20140430,  120,    1
   461, 56851,20140501,   80,    0
   461, 56851,20140502,   87,    0
   461, 56851,20140503,   58,    0
   461, 56851,20140504,  120,    0
   461, 56851,20140505,  120,    0
   461, 56851,20140506,  129,    0
   461, 56851,20140507,  105,    0
   461, 56851,20140508,  110,    0
   461, 56851,20140509,  112,    0
   461, 56851,20140510,  115,    0
   461, 56851,20140511,  118,    0
   461, 56851,20140512,   97,    0
   461, 56851,20140513,  108,    0
   461, 56851,20140514,  105,    0
   461, 56851,20140515,  135,    0
   461, 56851,20140516,  140,    0
   461, 56851,20140517,  146,    0
   461, 56851,20140518,  157,    0
   461, 56851,20140519,  151,    0
   461, 56851,20140520,  129,    0
   461, 56851,20140521,  143,    1
   461, 56851,20140522,   98,    0
   461, 56851,20140523,   95,    0
   461, 56851,20140524,  104,    0
   461, 56851,20140525,  124,    0
   461, 56851,20140526,  129,    0
   461, 56851,20140527,  133,    1
   461, 56851,20140528,  112,    0
   461, 56851,20140529,  109,    0
   461, 56851,20140530,  111,    0
   461, 56851,20140531,  142,    0
   461, 56851,20140601,  140,    0
   461, 56851,20140602,  150,    0
   461, 56851,20140603,  147,    1
   461, 56851,20140604,  119,    0
   461, 56851,20140605,  123,    0
   461, 56851,20140606,  135,    0
   461, 56851,20140607,  127,    0
   461, 56851,20140608,  154,    0
   461, 56851,20140609,  153,    0
   461, 56851,20140610,  158,    0
   461, 56851,20140611,  151,    0
   461, 56851,20140612,  158,    0
   461, 56851,20140613,  169,    0
   461, 56851,20140614,  165,    1
   461, 56851,20140615,  144,    0
   461, 56851,20140616,  139,    0
   461, 56851,20140617,  145,    0
   461, 56851,20140618,  183,    0
   461, 56851,20140619,  160,    0
   461, 56851,20140620,  154,    0
   461, 56851,20140621,  152,    0
   461, 56851,20140622,  159,    0
   461, 56851,20140623,  162,    0
   461, 56851,20140624,  150,    0
   461, 56851,20140625,  119,    0
   461, 56851,20140626,  147,    0
   461, 56851,20140627,  136,    0
   461, 56851,20140628,  132,    0
   461, 56851,20140629,  127,    0
   461, 56851,20140630,  132,    0
   461, 56851,20140701,  140,    0
   461, 56851,20140702,  149,    0
   461, 56851,20140703,  164,    0
   461, 56851,20140704,  176,    0
   461, 56851,20140705,  154,    0
   461, 56851,20140706,  122,    0
   461, 56851,20140707,  142,    0
   461, 56851,20140708,  150,    0
   461, 56851,20140709,  157,    0
   461, 56851,20140710,  161,    0
   461, 56851,20140711,  176,    0
   461, 56851,20140712,  180,    0
   461, 56851,20140713,  188,    0
   461, 56851,20140714,  145,    0
   461, 56851,20140715,  167,    0
   461, 56851,20140716,  158,    0
   461, 56851,20140717,  177,    0
   461, 56851,20140718,  162,    0
   461, 56851,20140719,  184,    0
   461, 56851,20140720,  192,    0
   461, 56851,20140721,  181,    0
   461, 56851,20140722,  176,    0
   461, 56851,20140723,  185,    0
   461, 56851,20140724,  193,    0
   461, 56851,20140725,  200,    0
   461, 56851,20140726,  191,    0
   461, 56851,20140727,  157,    0
   461, 56851,20140728,  158,    0
   461, 56851,20140729,  163,    0
   461, 56851,20140730,  158,    0
   461, 56851,20140731,  170,    0
   461, 56851,20140801,  158,    0
   461, 56851,20140802,  177,    0
   461, 56851,20140803,  143,    0
   461, 56851,20140804,  163,    0
   461, 56851,20140805,  141,    0
   461, 56851,20140806,  187,    0
   461, 56851,20140807,  158,    0
   461, 56851,20140808,  148,    0
   461, 56851,20140809,  160,    1
   461, 56851,20140810,  139,    0
   461, 56851,20140811,  151,    0
   461, 56851,20140812,  146,    0
   461, 56851,20140813,  165,    0
   461, 56851,20140814,  156,    0
   461, 56851,20140815,  131,    0
   461, 56851,20140816,  135,    0
   461, 56851,20140817,  145,    0
   461, 56851,20140818,  145,    0
   461, 56851,20140819,  116,    0
   461, 56851,20140820,  121,    0
   461, 56851,20140821,  127,    0
   461, 56851,20140822,  122,    0
   461, 56851,20140823,  116,    0
   461, 56851,20140824,  115,    0
   461, 56851,20140825,  101,    0
   461, 56851,20140826,  128,    0
   461, 56851,20140827,  132,    0
   461, 56851,20140828,  165,    0
   461, 56851,20140829,  154,    0
   461, 56851,20140830,  164,    0
   461, 56851,20140831,  166,    0
   461, 56851,20140901,  150,    0
   461, 56851,20140902,  139,    0
   461, 56851,20140903,  165,    0
   461, 56851,20140904,  172,    0
   461, 56851,20140905,  165,    1
   461, 56851,20140906,  136,    0
   461, 56851,20140907,  131,    0
   461, 56851,20140908,  121,    0
   461, 56851,20140909,  133,    0
   461, 56851,20140910,  136,    0
   461, 56851,20140911,  146,    0
   461, 56851,20140912,  133,    0
   461, 56851,20140913,  129,    0
   461, 56851,20140914,  124,    0
   461, 56851,20140915,  138,    0
   461, 56851,20140916,  148,    0
   461, 56851,20140917,  147,    0
   461, 56851,20140918,  158,    1
   461, 56851,20140919,  145,    1
   461, 56851,20140920,  132,    0
   461, 56851,20140921,  113,    0
   461, 56851,20140922,  124,    0
   461, 56851,20140923,  114,    0
   461, 56851,20140924,  136,    0
   461, 56851,20140925,  142,    0
   461, 56851,20140926,  159,    0
   461, 56851,20140927,  117,    0
   461, 56851,20140928,  147,    0
   461, 56851,20140929,  159,    0
   461, 56851,20140930,  150,    0
   461, 56851,20141001,  154,    0
   461, 56851,20141002,   94,    0
   461, 56851,20141003,  145,    1
   461, 56851,20141004,  120,    0
   461, 56851,20141005,   89,    0
   461, 56851,20141006,   87,    0
   461, 56851,20141007,   80,    0
   461, 56851,20141008,   91,    0
   461, 56851,20141009,   98,    0
   461, 56851,20141010,  112,    0
   461, 56851,20141011,  102,    0
   461, 56851,20141012,   97,    0
   461, 56851,20141013,   83,    0
   461, 56851,20141014,  103,    0
   461, 56851,20141015,  105,    0
   461, 56851,20141016,  107,    0
   461, 56851,20141017,  138,    0
   461, 56851,20141018,  153,    0
   461, 56851,20141019,  152,    1
   461, 56851,20141020,  124,    1
   461, 56851,20141021,  104,    0
   461, 56851,20141022,   98,    0
   461, 56851,20141023,  131,    0
   461, 56851,20141024,  120,    0
   461, 56851,20141025,  109,    0
   461, 56851,20141026,  131,    0
   461, 56851,20141027,  146,    0
   461, 56851,20141028,  152,    1
   461, 56851,20141029,   72,    0
   461, 56851,20141030,   91,    0
   461, 56851,20141031,  145,    0
   461, 56851,20141101,  130,    1
   461, 56851,20141102,  115,    1
   461, 56851,20141103,   88,    0
   461, 56851,20141104,   52,    0
   461, 56851,20141105,   57,    0
   461, 56851,20141106,   50,    0
   461, 56851,20141107,   75,    0
   461, 56851,20141108,   77,    0
   461, 56851,20141109,   73,    0
   461, 56851,20141110,   55,    0
   461, 56851,20141111,   80,    0
   461, 56851,20141112,  101,    0
   461, 56851,20141113,   95,    0
   461, 56851,20141114,  100,    1
   461, 56851,20141115,   72,    0
   461, 56851,20141116,   54,    0
   461, 56851,20141117,   60,    0
   461, 56851,20141118,  104,    0
   461, 56851,20141119,   94,    0
   461, 56851,20141120,   88,    1
   461, 56851,20141121,   58,    0
   461, 56851,20141122,   84,    0
   461, 56851,20141123,   80,    0
   461, 56851,20141124,   58,    0
   461, 56851,20141125,   39,    0
   461, 56851,20141126,   42,    0
   461, 56851,20141127,   70,    0
   461, 56851,20141128,   76,    0
   461, 56851,20141129,   89,    0
   461, 56851,20141130,   92,    1
   461, 56851,20141201,   78,    1
   461, 56851,20141202,   51,    0
   461, 56851,20141203,   41,    0
   461, 56851,20141204,    9,    0
   461, 56851,20141205,   37,    0
   461, 56851,20141206,   45,    0
   461, 56851,20141207,   31,    0
   461, 56851,20141208,   40,    0
   461, 56851,20141209,   52,    0
   461, 56851,20141210,   39,    0
   461, 56851,20141211,   30,    0
   461, 56851,20141212,   27,    0
   461, 56851,20141213,   30,    0
   461, 56851,20141214,   38,    0
   461, 56851,20141215,   43,    0
   461, 56851,20141216,   63,    0
   461, 56851,20141217,   77,    0
   461, 56851,20141218,  119,    1
   461, 56851,20141219,   63,    0
   461, 56851,20141220,   65,    0
   461, 56851,20141221,   97,    0
   461, 56851,20141222,  104,    0
   461, 56851,20141223,  102,    1
   461, 56851,20141224,   58,    1
   461, 56851,20141225,   48,    1
   461, 56851,20141226,    7,    0
   461, 56851,20141227,   12,    0
   461, 56851,20141228,   22,    0
   461, 56851,20141229,   24,    0
   461, 56851,20141230,   34,    0
   461, 56851,20141231,   63,    0
   461, 56851,20150101,   79,    1
   461, 56851,20150102,   59,    0
   461, 56851,20150103,   51,    0
   461, 56851,20150104,   24,    0
   461, 56851,20150105,   42,    0
   461, 56851,20150106,   57,    0
   461, 56851,20150107,   67,    0
   461, 56851,20150108,   81,    0
   461, 56851,20150109,   84,    1
   461, 56851,20150110,   63,    0
   461, 56851,20150111,   57,    0
   461, 56851,20150112,   72,    1
   461, 56851,20150113,   28,    0
   461, 56851,20150114,   39,    0
   461, 56851,20150115,   49,    1
   461, 56851,20150116,   34,    0
   461, 56851,20150117,   24,    1
   461, 56851,20150118,  -11,    0
   461, 56851,20150119,   10,    0
   461, 56851,20150120,   10,    0
   461, 56851,20150121,    6,    0
   461, 56851,20150122,    8,    0
   461, 56851,20150123,   30,    0
   461, 56851,20150124,   37,    0
   461, 56851,20150125,   64,    0
   461, 56851,20150126,   58,    0
   461, 56851,20150127,   65,    1
   461, 56851,20150128,   45,    1
   461, 56851,20150129,   14,    0
   461, 56851,20150130,   11,    0
   461, 56851,20150131,   27,    0
   461, 56851,20150201,   26,    0
   461, 56851,20150202,    2,    0
   461, 56851,20150203,   13,    0
   461, 56851,20150204,   15,    0
   461, 56851,20150205,   32,    0
   461, 56851,20150206,   31,    0
   461, 56851,20150207,   47,    0
   461, 56851,20150208,   60,    0
   461, 56851,20150209,   63,    0
   461, 56851,20150210,   26,    0
   461, 56851,20150211,   18,    0
   461, 56851,20150212,   27,    0
   461, 56851,20150213,   39,    0
   461, 56851,20150214,   55,    0
   461, 56851,20150215,   66,    0
   461, 56851,20150216,   58,    0
   461, 56851,20150217,   46,    0
   461, 56851,20150218,   69,    0
   461, 56851,20150219,   83,    1
   461, 56851,20150220,   33,    0
   461, 56851,20150221,   42,    0
   461, 56851,20150222,   34,    0
   461, 56851,20150223,   33,    0
   461, 56851,20150224,   46,    0
   461, 56851,20150225,   65,    0
   461, 56851,20150226,   71,    0
   461, 56851,20150227,   55,    0
   461, 56851,20150228,   75,    0
   461, 56851,20150301,   63,    1
   461, 56851,20150302,   35,    0
   461, 56851,20150303,   36,    0
   461, 56851,20150304,   71,    0
   461, 56851,20150305,   65,    0
   461, 56851,20150306,   88,    0
   461, 56851,20150307,   94,    0
   461, 56851,20150308,  103,    0
   461, 56851,20150309,   46,    0
   461, 56851,20150310,   70,    0
   461, 56851,20150311,   38,    0
   461, 56851,20150312,   53,    0
   461, 56851,20150313,   39,    0
   461, 56851,20150314,   42,    0
   461, 56851,20150315,   53,    0
   461, 56851,20150316,   51,    0
   461, 56851,20150317,   52,    0
   461, 56851,20150318,   58,    0
   461, 56851,20150319,   61,    0
   461, 56851,20150320,   70,    0
   461, 56851,20150321,   58,    0
   461, 56851,20150322,   52,    0
   461, 56851,20150323,   80,    0
   461, 56851,20150324,   57,    0
   461, 56851,20150325,   38,    0
   461, 56851,20150326,   67,    0
   461, 56851,20150327,   69,    0
   461, 56851,20150328,   86,    0
   461, 56851,20150329,   82,    0
   461, 56851,20150330,   57,    0
   461, 56851,20150331,   61,    0
   461, 56851,20150401,   58,    0
   461, 56851,20150402,   55,    0
   461, 56851,20150403,   61,    0
   461, 56851,20150404,   81,    0
   461, 56851,20150405,  124,    0
   461, 56851,20150406,  113,    0
   461, 56851,20150407,   99,    0
   461, 56851,20150408,   83,    0
   461, 56851,20150409,  107,    0
   461, 56851,20150410,  111,    1
   461, 56851,20150411,   79,    0
   461, 56851,20150412,   72,    0
   461, 56851,20150413,   69,    0
   461, 56851,20150414,  108,    0
   461, 56851,20150415,  112,    0
   461, 56851,20150416,   71,    0
   461, 56851,20150417,   79,    0
   461, 56851,20150418,   73,    0
   461, 56851,20150419,   62,    0
   461, 56851,20150420,   88,    0
   461, 56851,20150421,   99,    0
   461, 56851,20150422,  106,    0
   461, 56851,20150423,  115,    0
   461, 56851,20150424,  119,    0
   461, 56851,20150425,  113,    0
   461, 56851,20150426,   61,    0
   461, 56851,20150427,   49,    0
   461, 56851,20150428,   61,    0
   461, 56851,20150429,   69,    0
   461, 56851,20150430,   73,    0
   461, 56851,20150501,   46,    0
   461, 56851,20150502,   57,    0
   461, 56851,20150503,  100,    0
   461, 56851,20150504,  110,    0
   461, 56851,20150505,  107,    0
   461, 56851,20150506,  102,    0
   461, 56851,20150507,   90,    0
   461, 56851,20150508,   68,    0
   461, 56851,20150509,   98,    0
   461, 56851,20150510,  113,    0
   461, 56851,20150511,  128,    0
   461, 56851,20150512,  109,    0
   461, 56851,20150513,  103,    1
   461, 56851,20150514,   66,    0
   461, 56851,20150515,   98,    0
   461, 56851,20150516,  112,    0
   461, 56851,20150517,  101,    0
   461, 56851,20150518,  104,    0
   461, 56851,20150519,   86,    0
   461, 56851,20150520,  107,    0
   461, 56851,20150521,  124,    0
   461, 56851,20150522,  138,    0
   461, 56851,20150523,  136,    0
   461, 56851,20150524,  119,    0
   461, 56851,20150525,  129,    0
   461, 56851,20150526,  118,    0
   461, 56851,20150527,   91,    0
   461, 56851,20150528,  104,    0
   461, 56851,20150529,  102,    0
   461, 56851,20150530,   99,    0
   461, 56851,20150531,  103,    0
   461, 56851,20150601,   79,    0
   461, 56851,20150602,   97,    0
   461, 56851,20150603,  121,    0
   461, 56851,20150604,  114,    0
   461, 56851,20150605,  149,    1
   461, 56851,20150606,  103,    0
   461, 56851,20150607,  126,    0
   461, 56851,20150608,   99,    0
   461, 56851,20150609,  104,    0
   461, 56851,20150610,  113,    0
   461, 56851,20150611,  121,    0
   461, 56851,20150612,  130,    0
   461, 56851,20150613,  132,    1
   461, 56851,20150614,  106,    0
   461, 56851,20150615,   88,    0
   461, 56851,20150616,  153,    0
   461, 56851,20150617,  166,    1
   461, 56851,20150618,  119,    0
   461, 56851,20150619,  122,    0
   461, 56851,20150620,  136,    0
   461, 56851,20150621,  133,    0
   461, 56851,20150622,  113,    0
   461, 56851,20150623,  128,    0
   461, 56851,20150624,  124,    0
   461, 56851,20150625,  158,    0
   461, 56851,20150626,  163,    0
   461, 56851,20150627,  150,    0
   461, 56851,20150628,  171,    0
   461, 56851,20150629,  154,    0
   461, 56851,20150630,  202,    0
   461, 56851,20150701,  226,    0
   461, 56851,20150702,  199,    0
   461, 56851,20150703,  160,    0
   461, 56851,20150704,  182,    0
   461, 56851,20150705,  147,    0
   461, 56851,20150706,  143,    0
   461, 56851,20150707,  171,    1
   461, 56851,20150708,  135,    0
   461, 56851,20150709,  121,    0
   461, 56851,20150710,  176,    0
   461, 56851,20150711,  173,    0
   461, 56851,20150712,  169,    0
   461, 56851,20150713,  141,    0
   461, 56851,20150714,  148,    0
   461, 56851,20150715,  147,    0
   461, 56851,20150716,  135,    0
   461, 56851,20150717,  160,    0
   461, 56851,20150718,  148,    0
   461, 56851,20150719,  144,    0
   461, 56851,20150720,  136,    0
   461, 56851,20150721,  158,    0
   461, 56851,20150722,  132,    0
   461, 56851,20150723,  137,    0
   461, 56851,20150724,  126,    0
   461, 56851,20150725,  135,    0
   461, 56851,20150726,  109,    0
   461, 56851,20150727,  126,    0
   461, 56851,20150728,  123,    0
   461, 56851,20150729,  129,    0
   461, 56851,20150730,  135,    0
   461, 56851,20150731,  118,    0
   461, 56851,20150801,  139,    0
   461, 56851,20150802,  144,    0
   461, 56851,20150803,  166,    0
   461, 56851,20150804,  150,    0
   461, 56851,20150805,  168,    0
   461, 56851,20150806,  169,    0
   461, 56851,20150807,  135,    0
   461, 56851,20150808,  143,    0
   461, 56851,20150809,  160,    0
   461, 56851,20150810,  167,    0
   461, 56851,20150811,  137,    0
   461, 56851,20150812,  148,    0
   461, 56851,20150813,  144,    0
   461, 56851,20150814,  139,    0
   461, 56851,20150815,  144,    0
   461, 56851,20150816,  125,    0
   461, 56851,20150817,  153,    0
   461, 56851,20150818,  148,    0
   461, 56851,20150819,  172,    0
   461, 56851,20150820,  176,    0
   461, 56851,20150821,  197,    0
   461, 56851,20150822,  168,    0
   461, 56851,20150823,  168,    0
   461, 56851,20150824,  151,    0
   461, 56851,20150825,  146,    0
   461, 56851,20150826,  157,    0
   461, 56851,20150827,  140,    0
   461, 56851,20150828,  144,    0
   461, 56851,20150829,  157,    0
   461, 56851,20150830,  151,    1
   461, 56851,20150831,  129,    0
   461, 56851,20150901,  143,    0
   461, 56851,20150902,  131,    0
   461, 56851,20150903,  117,    0
   461, 56851,20150904,  131,    0
   461, 56851,20150905,  117,    0
   461, 56851,20150906,  121,    0
   461, 56851,20150907,  135,    1
   461, 56851,20150908,  111,    0
   461, 56851,20150909,  118,    0
   461, 56851,20150910,  130,    0
   461, 56851,20150911,  137,    0
   461, 56851,20150912,  135,    0
   461, 56851,20150913,  121,    0
   461, 56851,20150914,  108,    0
   461, 56851,20150915,  127,    0
   461, 56851,20150916,  101,    0
   461, 56851,20150917,  118,    0
   461, 56851,20150918,  136,    0
   461, 56851,20150919,  129,    0
   461, 56851,20150920,  114,    0
   461, 56851,20150921,  137,    0
   461, 56851,20150922,  110,    0
   461, 56851,20150923,  119,    0
   461, 56851,20150924,  115,    0
   461, 56851,20150925,  117,    0
   461, 56851,20150926,  118,    0
   461, 56851,20150927,  107,    0
   461, 56851,20150928,  106,    0
   461, 56851,20150929,  120,    0
   461, 56851,20150930,  111,    0
   461, 56851,20151001,  106,    0
   461, 56851,20151002,  112,    1
   461, 56851,20151003,   89,    0
   461, 56851,20151004,   96,    0
   461, 56851,20151005,   96,    0
   461, 56851,20151006,  145,    1
   461, 56851,20151007,  130,    0
   461, 56851,20151008,  108,    0
   461, 56851,20151009,  102,    0
   461, 56851,20151010,  111,    0
   461, 56851,20151011,   99,    0
   461, 56851,20151012,   76,    0
   461, 56851,20151013,   94,    0
   461, 56851,20151014,   92,    0
   461, 56851,20151015,   89,    0
   461, 56851,20151016,   98,    0
   461, 56851,20151017,   97,    0
   461, 56851,20151018,   99,    0
   461, 56851,20151019,   98,    0
   461, 56851,20151020,  104,    0
   461, 56851,20151021,  138,    0
   461, 56851,20151022,  124,    0
   461, 56851,20151023,   79,    0
   461, 56851,20151024,   89,    0
   461, 56851,20151025,   74,    0
   461, 56851,20151026,   84,    0
   461, 56851,20151027,   98,    0
   461, 56851,20151028,  115,    0
   461, 56851,20151029,   96,    0
   461, 56851,20151030,  112,    0
   461, 56851,20151031,  116,    0
   461, 56851,20151101,  138,    1
   461, 56851,20151102,   76,    0
   461, 56851,20151103,   73,    0
   461, 56851,20151104,   85,    0
   461, 56851,20151105,  108,    0
   461, 56851,20151106,  126,    1
   461, 56851,20151107,  110,    0
   461, 56851,20151108,  103,    0
   461, 56851,20151109,  112,    0
   461, 56851,20151110,  142,    0
   461, 56851,20151111,  141,    0
   461, 56851,20151112,  112,    1
   461, 56851,20151113,   62,    0
   461, 56851,20151114,   94,    0
   461, 56851,20151115,  111,    1
   461, 56851,20151116,   84,    0
   461, 56851,20151117,   79,    0
   461, 56851,20151118,   82,    0
   461, 56851,20151119,   95,    1
   461, 56851,20151120,   67,    1
   461, 56851,20151121,   21,    0
   461, 56851,20151122,   22,    0
   461, 56851,20151123,   44,    0
   461, 56851,20151124,   60,    0
   461, 56851,20151125,   72,    0
   461, 56851,20151126,   90,    0
   461, 56851,20151127,   88,    1
   461, 56851,20151128,   52,    0
   461, 56851,20151129,   75,    1
   461, 56851,20151130,   36,    0
   461, 56851,20151201,   67,    0
   461, 56851,20151202,   80,    0
   461, 56851,20151203,   66,    0
   461, 56851,20151204,   75,    0
   461, 56851,20151205,  100,    0
   461, 56851,20151206,  106,    0
   461, 56851,20151207,   72,    0
   461, 56851,20151208,   83,    0
   461, 56851,20151209,   76,    0
   461, 56851,20151210,   68,    1
   461, 56851,20151211,   41,    1
   461, 56851,20151212,   35,    1
   461, 56851,20151213,    9,    0
   461, 56851,20151214,   27,    0
   461, 56851,20151215,   73,    0
   461, 56851,20151216,  104,    0
   461, 56851,20151217,  127,    0
   461, 56851,20151218,  132,    0
   461, 56851,20151219,  136,    1
   461, 56851,20151220,  100,    0
   461, 56851,20151221,   92,    0
   461, 56851,20151222,   95,    0
   461, 56851,20151223,   83,    0
   461, 56851,20151224,   79,    1
   461, 56851,20151225,   43,    0
   461, 56851,20151226,   81,    0
   461, 56851,20151227,   73,    0
   461, 56851,20151228,   72,    0
   461, 56851,20151229,  108,    0
   461, 56851,20151230,   99,    1
   461, 56851,20151231,   59,    0
   461, 56851,20160101,   32,    0
   461, 56851,20160102,   38,    0
   461, 56851,20160103,   70,    0
   461, 56851,20160104,   66,    0
   461, 56851,20160105,   70,    1
   461, 56851,20160106,   62,    1
   461, 56851,20160107,   54,    1
   461, 56851,20160108,   26,    0
   461, 56851,20160109,   48,    0
   461, 56851,20160110,   44,    1
   461, 56851,20160111,   18,    0
   461, 56851,20160112,   18,    0
   461, 56851,20160113,   26,    1
   461, 56851,20160114,    9,    0
   461, 56851,20160115,   20,    0
   461, 56851,20160116,    7,    0
   461, 56851,20160117,   -6,    0
   461, 56851,20160118,    1,    0
   461, 56851,20160119,   38,    1
   461, 56851,20160120,   14,    0
   461, 56851,20160121,   18,    0
   461, 56851,20160122,   46,    0
   461, 56851,20160123,   85,    0
   461, 56851,20160124,   98,    0
   461, 56851,20160125,  119,    0
   461, 56851,20160126,   90,    0
   461, 56851,20160127,   98,    0
   461, 56851,20160128,   66,    0
   461, 56851,20160129,   76,    1
   461, 56851,20160130,   42,    0
   461, 56851,20160131,   68,    0
   461, 56851,20160201,   76,    1
   461, 56851,20160202,   61,    0
   461, 56851,20160203,   51,    0
   461, 56851,20160204,   62,    0
   461, 56851,20160205,   86,    1
   461, 56851,20160206,   52,    0
   461, 56851,20160207,   55,    0
   461, 56851,20160208,   64,    1
   461, 56851,20160209,   48,    0
   461, 56851,20160210,   44,    0
   461, 56851,20160211,   44,    0
   461, 56851,20160212,   24,    0
   461, 56851,20160213,   16,    0
   461, 56851,20160214,   20,    0
   461, 56851,20160215,   22,    0
   461, 56851,20160216,   18,    0
   461, 56851,20160217,   23,    0
   461, 56851,20160218,   37,    0
   461, 56851,20160219,   43,    0
   461, 56851,20160220,   51,    0
   461, 56851,20160221,   79,    0
   461, 56851,20160222,   60,    0
   461, 56851,20160223,   38,    0
   461, 56851,20160224,   18,    0
   461, 56851,20160225,   24,    0
   461, 56851,20160226,   26,    0
   461, 56851,20160227,   34,    0
   461, 56851,20160228,   38,    0
   461, 56851,20160229,   38,    0
   461, 56851,20160301,   68,    0
   461, 56851,20160302,   44,    0
   461, 56851,20160303,   36,    0
   461, 56851,20160304,   50,    0
   461, 56851,20160305,   47,    0
   461, 56851,20160306,   22,    0
   461, 56851,20160307,   38,    0
   461, 56851,20160308,   28,    0
   461, 56851,20160309,   28,    0
   461, 56851,20160310,   54,    0
   461, 56851,20160311,   60,    0
   461, 56851,20160312,   74,    0
   461, 56851,20160313,   87,    0
   461, 56851,20160314,   50,    0
   461, 56851,20160315,   40,    0
   461, 56851,20160316,   58,    0
   461, 56851,20160317,   72,    0
   461, 56851,20160318,   56,    0
   461, 56851,20160319,   65,    0
   461, 56851,20160320,   70,    0
   461, 56851,20160321,   80,    0
   461, 56851,20160322,   66,    0
   461, 56851,20160323,   75,    0
   461, 56851,20160324,   70,    0
   461, 56851,20160325,   89,    0
   461, 56851,20160326,   93,    0
   461, 56851,20160327,   70,    0
   461, 56851,20160328,   72,    0
   461, 56851,20160329,   62,    0
   461, 56851,20160330,   58,    0
   461, 56851,20160331,   60,    0
   461, 56851,20160401,   46,    0
   461, 56851,20160402,   74,    0
   461, 56851,20160403,   88,    0
   461, 56851,20160404,   87,    0
   461, 56851,20160405,   87,    0
   461, 56851,20160406,   76,    0
   461, 56851,20160407,   82,    0
   461, 56851,20160408,   82,    0
   461, 56851,20160409,   78,    0
   461, 56851,20160410,   68,    0
   461, 56851,20160411,   74,    0
   461, 56851,20160412,   72,    0
   461, 56851,20160413,   81,    1
   461, 56851,20160414,   65,    0
   461, 56851,20160415,   66,    0
   461, 56851,20160416,   46,    0
   461, 56851,20160417,   60,    0
   461, 56851,20160418,   90,    0
   461, 56851,20160419,   84,    0
   461, 56851,20160420,   92,    0
   461, 56851,20160421,  102,    0
   461, 56851,20160422,   66,    0
   461, 56851,20160423,   54,    0
   461, 56851,20160424,   58,    0
   461, 56851,20160425,   62,    0
   461, 56851,20160426,   50,    0
   461, 56851,20160427,   36,    0
   461, 56851,20160428,   28,    0
   461, 56851,20160429,   53,    0
   461, 56851,20160430,   71,    0
   461, 56851,20160501,   74,    0
   461, 56851,20160502,   98,    0
   461, 56851,20160503,   90,    0
   461, 56851,20160504,  108,    0
   461, 56851,20160505,  122,    0
   461, 56851,20160506,  134,    0
   461, 56851,20160507,  108,    0
   461, 56851,20160508,  152,    0
   461, 56851,20160509,  134,    0
   461, 56851,20160510,  128,    0
   461, 56851,20160511,  131,    0
   461, 56851,20160512,  133,    1
   461, 56851,20160513,   89,    0
   461, 56851,20160514,   80,    0
   461, 56851,20160515,   88,    0
   461, 56851,20160516,   90,    0
   461, 56851,20160517,  110,    0
   461, 56851,20160518,  130,    0
   461, 56851,20160519,  122,    0
   461, 56851,20160520,  128,    0
   461, 56851,20160521,  138,    0
   461, 56851,20160522,  126,    0
   461, 56851,20160523,  117,    0
   461, 56851,20160524,   92,    0
   461, 56851,20160525,   95,    0
   461, 56851,20160526,  100,    0
   461, 56851,20160527,  116,    0
   461, 56851,20160528,  122,    0
   461, 56851,20160529,   98,    0
   461, 56851,20160530,  123,    0
   461, 56851,20160531,  108,    0
   461, 56851,20160601,  110,    0
   461, 56851,20160602,  108,    0
   461, 56851,20160603,  104,    0
   461, 56851,20160604,  142,    0
   461, 56851,20160605,  132,    0
   461, 56851,20160606,  137,    0
   461, 56851,20160607,  172,    0
   461, 56851,20160608,  154,    0
   461, 56851,20160609,  146,    0
   461, 56851,20160610,  136,    0
   461, 56851,20160611,  119,    0
   461, 56851,20160612,  131,    0
   461, 56851,20160613,  133,    0
   461, 56851,20160614,  147,    0
   461, 56851,20160615,  128,    0
   461, 56851,20160616,  120,    0
   461, 56851,20160617,  119,    0
   461, 56851,20160618,  123,    0
   461, 56851,20160619,  117,    0
   461, 56851,20160620,  177,    0
   461, 56851,20160621,  153,    0
   461, 56851,20160622,  158,    0
   461, 56851,20160623,  156,    0
   461, 56851,20160624,  148,    0
   461, 56851,20160625,  126,    0
   461, 56851,20160626,  160,    0
   461, 56851,20160627,  148,    0
   461, 56851,20160628,  124,    0
   461, 56851,20160629,  122,    0
   461, 56851,20160630,  124,    0
   461, 56851,20160701,  134,    0
   461, 56851,20160702,  114,    0
   461, 56851,20160703,  132,    0
   461, 56851,20160704,  148,    0
   461, 56851,20160705,  145,    0
   461, 56851,20160706,  128,    0
   461, 56851,20160707,  166,    0
   461, 56851,20160708,  167,    0
   461, 56851,20160709,  160,    0
   461, 56851,20160710,  174,    0
   461, 56851,20160711,  168,    0
   461, 56851,20160712,  135,    0
   461, 56851,20160713,  141,    0
   461, 56851,20160714,  137,    0
   461, 56851,20160715,  144,    0
   461, 56851,20160716,  176,    0
   461, 56851,20160717,  182,    0
   461, 56851,20160718,  200,    0
   461, 56851,20160719,  214,    0
   461, 56851,20160720,  217,    0
   461, 56851,20160721,  177,    0
   461, 56851,20160722,  198,    0
   461, 56851,20160723,  182,    0
   461, 56851,20160724,  180,    0
   461, 56851,20160725,  160,    0
   461, 56851,20160726,  149,    0
   461, 56851,20160727,  173,    1
   461, 56851,20160728,  129,    0
   461, 56851,20160729,  168,    0
   461, 56851,20160730,  150,    0
   461, 56851,20160731,  148,    0
   461, 56851,20160801,  146,    0
   461, 56851,20160802,  141,    0
   461, 56851,20160803,  182,    0
   461, 56851,20160804,  176,    0
   461, 56851,20160805,  168,    0
   461, 56851,20160806,  163,    0
   461, 56851,20160807,  175,    0
   461, 56851,20160808,  157,    0
   461, 56851,20160809,  134,    0
   461, 56851,20160810,  124,    0
   461, 56851,20160811,  154,    0
   461, 56851,20160812,  173,    0
   461, 56851,20160813,  174,    0
   461, 56851,20160814,  155,    0
   461, 56851,20160815,  164,    0
   461, 56851,20160816,  159,    0
   461, 56851,20160817,  152,    0
   461, 56851,20160818,  162,    0
   461, 56851,20160819,  142,    0
   461, 56851,20160820,  154,    0
   461, 56851,20160821,  178,    0
   461, 56851,20160822,  180,    0
   461, 56851,20160823,  184,    0
   461, 56851,20160824,  192,    1
   461, 56851,20160825,  152,    0
   461, 56851,20160826,  164,    0
   461, 56851,20160827,  150,    0
   461, 56851,20160828,  148,    0
   461, 56851,20160829,  142,    0
   461, 56851,20160830,  165,    0
   461, 56851,20160831,  182,    0
   461, 56851,20160901,  146,    0
   461, 56851,20160902,  166,    1
   461, 56851,20160903,  129,    0
   461, 56851,20160904,  156,    0
   461, 56851,20160905,  162,    0
   461, 56851,20160906,  196,    0
   461, 56851,20160907,  210,    1
   461, 56851,20160908,  180,    0
   461, 56851,20160909,  169,    0
   461, 56851,20160910,  144,    0
   461, 56851,20160911,  140,    0
   461, 56851,20160912,  167,    0
   461, 56851,20160913,  214,    1
   461, 56851,20160914,  148,    0
   461, 56851,20160915,  192,    1
   461, 56851,20160916,  154,    0
   461, 56851,20160917,  147,    0
   461, 56851,20160918,  126,    0
   461, 56851,20160919,  142,    0
   461, 56851,20160920,  124,    0
   461, 56851,20160921,  138,    0
   461, 56851,20160922,  152,    0
   461, 56851,20160923,  116,    0
   461, 56851,20160924,  151,    0
   461, 56851,20160925,  146,    1
   461, 56851,20160926,  109,    0
   461, 56851,20160927,  147,    0
   461, 56851,20160928,  166,    1
   461, 56851,20160929,  138,    0
   461, 56851,20160930,  110,    0
   461, 56851,20161001,  100,    0
   461, 56851,20161002,  112,    0
   461, 56851,20161003,   90,    0
   461, 56851,20161004,  126,    0
   461, 56851,20161005,  128,    0
   461, 56851,20161006,  108,    0
   461, 56851,20161007,  120,    0
   461, 56851,20161008,  127,    0
   461, 56851,20161009,   99,    0
   461, 56851,20161010,   90,    0
   461, 56851,20161011,   94,    0
   461, 56851,20161012,   96,    0
   461, 56851,20161013,  106,    0
   461, 56851,20161014,   98,    0
   461, 56851,20161015,  114,    0
   461, 56851,20161016,  111,    0
   461, 56851,20161017,  119,    1
   461, 56851,20161018,   80,    0
   461, 56851,20161019,   98,    0
   461, 56851,20161020,  106,    0
   461, 56851,20161021,   99,    0
   461, 56851,20161022,   90,    0
   461, 56851,20161023,   76,    0
   461, 56851,20161024,   84,    0
   461, 56851,20161025,   72,    0
   461, 56851,20161026,   90,    0
   461, 56851,20161027,  114,    0
   461, 56851,20161028,  117,    0
   461, 56851,20161029,  106,    0
   461, 56851,20161030,  116,    0
   461, 56851,20161031,  116,    0
   461, 56851,20161101,   90,    0
   461, 56851,20161102,   57,    0
   461, 56851,20161103,   47,    0
   461, 56851,20161104,   70,    1
   461, 56851,20161105,   49,    0
   461, 56851,20161106,   42,    0
   461, 56851,20161107,   44,    0
   461, 56851,20161108,   34,    0
   461, 56851,20161109,   20,    0
   461, 56851,20161110,   37,    0
   461, 56851,20161111,   60,    0
   461, 56851,20161112,   77,    0
   461, 56851,20161113,   77,    0
   461, 56851,20161114,   98,    0
   461, 56851,20161115,  110,    1
   461, 56851,20161116,   86,    1
   461, 56851,20161117,   48,    0
   461, 56851,20161118,   30,    0
   461, 56851,20161119,   24,    0
   461, 56851,20161120,   23,    0
   461, 56851,20161121,   22,    0
   461, 56851,20161122,   44,    0
   461, 56851,20161123,   50,    0
   461, 56851,20161124,   27,    0
   461, 56851,20161125,   26,    0
   461, 56851,20161126,   26,    0
   461, 56851,20161127,   32,    0
   461, 56851,20161128,   58,    0
   461, 56851,20161129,   28,    0
   461, 56851,20161130,   50,    0
   461, 56851,20161201,   87,    0
   461, 56851,20161202,   65,    0
   461, 56851,20161203,   58,    0
   461, 56851,20161204,   44,    1
   461, 56851,20161205,   -2,    0
   461, 56851,20161206,   34,    0
   461, 56851,20161207,   77,    0
   461, 56851,20161208,  110,    0
   461, 56851,20161209,   97,    0
   461, 56851,20161210,   89,    0
   461, 56851,20161211,   83,    1
   461, 56851,20161212,   43,    0
   461, 56851,20161213,   62,    0
   461, 56851,20161214,   76,    0
   461, 56851,20161215,   68,    0
   461, 56851,20161216,   76,    0
   461, 56851,20161217,   49,    0
   461, 56851,20161218,   67,    0
   461, 56851,20161219,   36,    0
   461, 56851,20161220,   36,    0
   461, 56851,20161221,   47,    0
   461, 56851,20161222,   53,    0
   461, 56851,20161223,   68,    0
   461, 56851,20161224,   82,    0
   461, 56851,20161225,   96,    1
   461, 56851,20161226,   46,    0
   461, 56851,20161227,   44,    1
   461, 56851,20161228,   13,    0
   461, 56851,20161229,   27,    0
   461, 56851,20161230,   38,    0
   461, 56851,20161231,   96,    1
   461, 56851,20170101,   41,    0
   461, 56851,20170102,   24,    0
   461, 56851,20170103,   42,    0
   461, 56851,20170104,   43,    0
   461, 56851,20170105,   16,    0
   461, 56851,20170106,   38,    0
   461, 56851,20170107,   50,    0
   461, 56851,20170108,   62,    0
   461, 56851,20170109,   60,    0
   461, 56851,20170110,   78,    1
   461, 56851,20170111,   64,    1
   461, 56851,20170112,   24,    0
   461, 56851,20170113,   14,    0
   461, 56851,20170114,   23,    0
   461, 56851,20170115,   50,    0
   461, 56851,20170116,   76,    0
   461, 56851,20170117,   60,    0
   461, 56851,20170118,   45,    0
   461, 56851,20170119,   30,    0
   461, 56851,20170120,   29,    0
   461, 56851,20170121,   18,    0
   461, 56851,20170122,   25,    0
   461, 56851,20170123,   35,    0
   461, 56851,20170124,   25,    0
   461, 56851,20170125,   35,    1
   461, 56851,20170126,   -7,    0
   461, 56851,20170127,   -1,    0
   461, 56851,20170128,   19,    0
   461, 56851,20170129,   32,    0
   461, 56851,20170130,   26,    0
   461, 56851,20170131,   38,    0
   461, 56851,20170201,-9999,    9
   461, 56851,20170202,-9999,    9
   461, 56851,20170203,-9999,    9
   461, 56851,20170204,-9999,    9
   461, 56851,20170205,-9999,    9
   461, 56851,20170206,-9999,    9
   461, 56851,20170207,-9999,    9
   461, 56851,20170208,-9999,    9
   461, 56851,20170209,   17,    0
   461, 56851,20170210,   16,    0
   461, 56851,20170211,   20,    0
   461, 56851,20170212,   25,    0
   461, 56851,20170213,   35,    0
   461, 56851,20170214,   50,    0
   461, 56851,20170215,-9999,    9
   461, 56851,20170216,-9999,    9
   461, 56851,20170217,   70,    0
   461, 56851,20170218,   83,    0
   461, 56851,20170219,  102,    0
   461, 56851,20170220,  110,    0
   461, 56851,20170221,   86,    0
   461, 56851,20170222,   75,    0
   461, 56851,20170223,   62,    0
   461, 56851,20170224,   50,    0
   461, 56851,20170225,   74,    0
   461, 56851,20170226,   80,    0
   461, 56851,20170227,   56,    0
   461, 56851,20170228,   40,    0
   461, 56851,20170301,   42,    0
   461, 56851,20170302,   50,    0
   461, 56851,20170303,   51,    0
   461, 56851,20170304,   68,    0
   461, 56851,20170305,   67,    0
   461, 56851,20170306,   63,    0
   461, 56851,20170307,   60,    0
   461, 56851,20170308,   93,    0
   461, 56851,20170309,   97,    0
   461, 56851,20170310,   67,    0
   461, 56851,20170311,   79,    0
   461, 56851,20170312,  108,    0
   461, 56851,20170313,   87,    0
   461, 56851,20170314,  114,    0
   461, 56851,20170315,   88,    0
   461, 56851,20170316,   94,    0
   461, 56851,20170317,   73,    0
   461, 56851,20170318,  102,    0
   461, 56851,20170319,  112,    1
   461, 56851,20170320,   83,    1
   461, 56851,20170321,   46,    0
   461, 56851,20170322,   44,    0
   461, 56851,20170323,   63,    0
   461, 56851,20170324,   63,    0
   461, 56851,20170325,   82,    0
   461, 56851,20170326,   65,    0
   461, 56851,20170327,   73,    0
   461, 56851,20170328,   68,    0
   461, 56851,20170329,   97,    0
   461, 56851,20170330,  128,    0
   461, 56851,20170331,  128,    0
   461, 56851,20170401,  111,    0
   461, 56851,20170402,  103,    0
   461, 56851,20170403,   94,    0
   461, 56851,20170404,  117,    0
   461, 56851,20170405,  103,    0
   461, 56851,20170406,   85,    0
   461, 56851,20170407,   89,    0
   461, 56851,20170408,   84,    0
   461, 56851,20170409,  126,    0
   461, 56851,20170410,   97,    0
   461, 56851,20170411,   79,    0
   461, 56851,20170412,  116,    0
   461, 56851,20170413,   86,    0
   461, 56851,20170414,  102,    0
   461, 56851,20170415,   88,    0
   461, 56851,20170416,   65,    0
   461, 56851,20170417,   68,    0
   461, 56851,20170418,   49,    0
   461, 56851,20170419,   84,    0
   461, 56851,20170420,  125,    0
   461, 56851,20170421,  122,    0
   461, 56851,20170422,   87,    0
   461, 56851,20170423,   93,    0
   461, 56851,20170424,   85,    0
   461, 56851,20170425,   46,    0
   461, 56851,20170426,   52,    0
   461, 56851,20170427,   78,    0
   461, 56851,20170428,   65,    0
   461, 56851,20170429,   93,    0
   461, 56851,20170430,   95,    0
   461, 56851,20170501,  108,    0
   461, 56851,20170502,  107,    0
   461, 56851,20170503,  105,    0
   461, 56851,20170504,  106,    0
   461, 56851,20170505,   97,    0
   461, 56851,20170506,   83,    0
   461, 56851,20170507,   80,    0
   461, 56851,20170508,   92,    0
   461, 56851,20170509,  102,    0
   461, 56851,20170510,   95,    0
   461, 56851,20170511,   96,    0
   461, 56851,20170512,  108,    0
   461, 56851,20170513,  127,    0
   461, 56851,20170514,  134,    0
   461, 56851,20170515,  122,    0
   461, 56851,20170516,  142,    0
   461, 56851,20170517,  126,    0
   461, 56851,20170518,  118,    0
   461, 56851,20170519,  107,    0
   461, 56851,20170520,  116,    0
   461, 56851,20170521,  117,    0
   461, 56851,20170522,  148,    0
   461, 56851,20170523,  151,    0
   461, 56851,20170524,  191,    0
   461, 56851,20170525,  181,    0
   461, 56851,20170526,  198,    0
   461, 56851,20170527,  174,    0
   461, 56851,20170528,  171,    0
   461, 56851,20170529,  140,    0
   461, 56851,20170530,  149,    0
   461, 56851,20170531,  133,    0
   461, 56851,20170601,  169,    0
   461, 56851,20170602,  151,    0
   461, 56851,20170603,  144,    0
   461, 56851,20170604,  130,    0
   461, 56851,20170605,  121,    0
   461, 56851,20170606,  124,    0
   461, 56851,20170607,  128,    0
   461, 56851,20170608,  141,    0
   461, 56851,20170609,  146,    0
   461, 56851,20170610,  149,    0
   461, 56851,20170611,  149,    0
   461, 56851,20170612,  142,    0
   461, 56851,20170613,  142,    0
   461, 56851,20170614,  168,    0
   461, 56851,20170615,  158,    0
   461, 56851,20170616,  166,    0
   461, 56851,20170617,  206,    0
   461, 56851,20170618,  200,    0
   461, 56851,20170619,  201,    1
   461, 56851,20170620,  166,    0
   461, 56851,20170621,  181,    0
   461, 56851,20170622,  174,    0
   461, 56851,20170623,  158,    0
   461, 56851,20170624,  148,    0
   461, 56851,20170625,  147,    0
   461, 56851,20170626,  123,    0
   461, 56851,20170627,  117,    0
   461, 56851,20170628,  115,    0
   461, 56851,20170629,  116,    0
   461, 56851,20170630,  140,    0
   461, 56851,20170701,  157,    0
   461, 56851,20170702,  146,    0
   461, 56851,20170703,  158,    0
   461, 56851,20170704,  133,    0
   461, 56851,20170705,  126,    0
   461, 56851,20170706,  175,    0
   461, 56851,20170707,  170,    0
   461, 56851,20170708,  144,    0
   461, 56851,20170709,  147,    0
   461, 56851,20170710,  154,    0
   461, 56851,20170711,  131,    0
   461, 56851,20170712,  139,    0
   461, 56851,20170713,  152,    0
   461, 56851,20170714,  156,    0
   461, 56851,20170715,  161,    0
   461, 56851,20170716,  171,    0
   461, 56851,20170717,  170,    0
   461, 56851,20170718,  168,    0
   461, 56851,20170719,  169,    1
   461, 56851,20170720,  155,    0
   461, 56851,20170721,  137,    0
   461, 56851,20170722,  163,    0
   461, 56851,20170723,  148,    0
   461, 56851,20170724,  135,    0
   461, 56851,20170725,  150,    0
   461, 56851,20170726,  158,    0
   461, 56851,20170727,  138,    0
   461, 56851,20170728,  148,    0
   461, 56851,20170729,  144,    0
   461, 56851,20170730,  152,    0
   461, 56851,20170731,  151,    0
   461, 56851,20170801,  148,    0
   461, 56851,20170802,  141,    0
   461, 56851,20170803,  158,    0
   461, 56851,20170804,  166,    0
   461, 56851,20170805,  142,    0
   461, 56851,20170806,  123,    0
   461, 56851,20170807,  143,    0
   461, 56851,20170808,  117,    0
   461, 56851,20170809,  146,    0
   461, 56851,20170810,  138,    0
   461, 56851,20170811,  137,    0
   461, 56851,20170812,  152,    0
   461, 56851,20170813,  133,    0
   461, 56851,20170814,  158,    0
   461, 56851,20170815,  167,    0
   461, 56851,20170816,  152,    0
   461, 56851,20170817,  178,    1
   461, 56851,20170818,  149,    0
   461, 56851,20170819,  146,    0
   461, 56851,20170820,  154,    0
   461, 56851,20170821,  132,    0
   461, 56851,20170822,  176,    0
   461, 56851,20170823,  178,    0
   461, 56851,20170824,  147,    0
   461, 56851,20170825,  162,    0
   461, 56851,20170826,  166,    0
   461, 56851,20170827,  156,    0
   461, 56851,20170828,  174,    1
   461, 56851,20170829,  146,    0
   461, 56851,20170830,  128,    0
   461, 56851,20170831,  133,    0
   461, 56851,20170901,  123,    0
   461, 56851,20170902,  119,    0
   461, 56851,20170903,  135,    0
   461, 56851,20170904,  160,    0
   461, 56851,20170905,  159,    0
   461, 56851,20170906,  133,    0
   461, 56851,20170907,  132,    0
   461, 56851,20170908,  135,    0
   461, 56851,20170909,  125,    0
   461, 56851,20170910,  122,    0
   461, 56851,20170911,  138,    0
   461, 56851,20170912,  136,    0
   461, 56851,20170913,  120,    0
   461, 56851,20170914,  122,    0
   461, 56851,20170915,  116,    0
   461, 56851,20170916,  119,    0
   461, 56851,20170917,  127,    0
   461, 56851,20170918,  109,    0
   461, 56851,20170919,   98,    0
   461, 56851,20170920,  124,    0
   461, 56851,20170921,  146,    0
   461, 56851,20170922,  102,    0
   461, 56851,20170923,  132,    0
   461, 56851,20170924,  143,    0
   461, 56851,20170925,  144,    0
   461, 56851,20170926,  147,    0
   461, 56851,20170927,  137,    0
   461, 56851,20170928,  158,    0
   461, 56851,20170929,  142,    0
   461, 56851,20170930,  113,    0
   461, 56851,20171001,  109,    0
   461, 56851,20171002,  132,    0
   461, 56851,20171003,  118,    0
   461, 56851,20171004,  126,    0
   461, 56851,20171005,  109,    0
   461, 56851,20171006,   98,    0
   461, 56851,20171007,  132,    0
   461, 56851,20171008,  137,    0
   461, 56851,20171009,  144,    0
   461, 56851,20171010,  134,    0
   461, 56851,20171011,  140,    0
   461, 56851,20171012,  127,    0
   461, 56851,20171013,  150,    0
   461, 56851,20171014,  161,    0
   461, 56851,20171015,  141,    0
   461, 56851,20171016,  138,    1
   461, 56851,20171017,  123,    0
   461, 56851,20171018,  106,    0
   461, 56851,20171019,  118,    0
   461, 56851,20171020,  135,    0
   461, 56851,20171021,  119,    0
   461, 56851,20171022,  117,    0
   461, 56851,20171023,  107,    0
   461, 56851,20171024,  144,    0
   461, 56851,20171025,  113,    0
   461, 56851,20171026,  116,    0
   461, 56851,20171027,   92,    0
   461, 56851,20171028,  117,    1
   461, 56851,20171029,   84,    0
   461, 56851,20171030,   65,    0
   461, 56851,20171031,   88,    0
   461, 56851,20171101,  121,    1
   461, 56851,20171102,   94,    0
   461, 56851,20171103,   74,    0
   461, 56851,20171104,   91,    0
   461, 56851,20171105,   68,    0
   461, 56851,20171106,   43,    0
   461, 56851,20171107,   62,    0
   461, 56851,20171108,   66,    0
   461, 56851,20171109,   78,    0
   461, 56851,20171110,   75,    0
   461, 56851,20171111,   57,    0
   461, 56851,20171112,   50,    0
   461, 56851,20171113,   59,    0
   461, 56851,20171114,   80,    0
   461, 56851,20171115,   64,    0
   461, 56851,20171116,   70,    0
   461, 56851,20171117,   43,    0
   461, 56851,20171118,   57,    0
   461, 56851,20171119,   40,    0
   461, 56851,20171120,   78,    0
   461, 56851,20171121,   94,    0
   461, 56851,20171122,  118,    1
   461, 56851,20171123,   55,    0
   461, 56851,20171124,   32,    0
   461, 56851,20171125,   24,    0
   461, 56851,20171126,   51,    0
   461, 56851,20171127,   48,    0
   461, 56851,20171128,   29,    0
   461, 56851,20171129,   30,    1
   461, 56851,20171130,    6,    0
   461, 56851,20171201,   21,    0
   461, 56851,20171202,   45,    0
   461, 56851,20171203,   70,    0
   461, 56851,20171204,   62,    0
   461, 56851,20171205,   78,    0
   461, 56851,20171206,   97,    1
   461, 56851,20171207,   73,    1
   461, 56851,20171208,   12,    0
   461, 56851,20171209,   14,    1
   461, 56851,20171210,  -13,    0
   461, 56851,20171211,  -19,    0
   461, 56851,20171212,   -7,    0
   461, 56851,20171213,   18,    0
   461, 56851,20171214,   29,    0
   461, 56851,20171215,   21,    0
   461, 56851,20171216,   18,    0
   461, 56851,20171217,   31,    0
   461, 56851,20171218,   37,    0
   461, 56851,20171219,   68,    0
   461, 56851,20171220,   91,    0
   461, 56851,20171221,   73,    0
   461, 56851,20171222,   93,    0
   461, 56851,20171223,   86,    0
   461, 56851,20171224,  103,    0
   461, 56851,20171225,  103,    1
   461, 56851,20171226,   31,    0
   461, 56851,20171227,    7,    0
   461, 56851,20171228,   21,    0
   461, 56851,20171229,    8,    0
   461, 56851,20171230,   42,    0
   461, 56851,20171231,   43,    0
   461, 56851,20180101,-9999,    9
   461, 56851,20180102,-9999,    9
   461, 56851,20180103,-9999,    9
   461, 56851,20180104,-9999,    9
   461, 56851,20180105,-9999,    9
   461, 56851,20180106,-9999,    9
   461, 56851,20180107,-9999,    9
   461, 56851,20180108,-9999,    9
   461, 56851,20180109,-9999,    9
   461, 56851,20180110,-9999,    9
   461, 56851,20180111,-9999,    9
   461, 56851,20180112,-9999,    9
   461, 56851,20180113,-9999,    9
   461, 56851,20180114,-9999,    9
   461, 56851,20180115,-9999,    9
   461, 56851,20180116,-9999,    9
   461, 56851,20180117,-9999,    9
   461, 56851,20180118,-9999,    9
   461, 56851,20180119,-9999,    9
   461, 56851,20180120,-9999,    9
   461, 56851,20180121,-9999,    9
   461, 56851,20180122,-9999,    9
   461, 56851,20180123,-9999,    9
   461, 56851,20180124,-9999,    9
   461, 56851,20180125,-9999,    9
   461, 56851,20180126,-9999,    9
   461, 56851,20180127,-9999,    9
   461, 56851,20180128,-9999,    9
   461, 56851,20180129,-9999,    9
   461, 56851,20180130,-9999,    9
   461, 56851,20180131,-9999,    9
   461, 56851,20180201,-9999,    9
   461, 56851,20180202,-9999,    9
   461, 56851,20180203,-9999,    9
   461, 56851,20180204,-9999,    9
   461, 56851,20180205,-9999,    9
   461, 56851,20180206,-9999,    9
   461, 56851,20180207,-9999,    9
   461, 56851,20180208,-9999,    9
   461, 56851,20180209,-9999,    9
   461, 56851,20180210,-9999,    9
   461, 56851,20180211,-9999,    9
   461, 56851,20180212,-9999,    9
   461, 56851,20180213,-9999,    9
   461, 56851,20180214,-9999,    9
   461, 56851,20180215,-9999,    9
   461, 56851,20180216,-9999,    9
   461, 56851,20180217,-9999,    9
   461, 56851,20180218,-9999,    9
   461, 56851,20180219,-9999,    9
   461, 56851,20180220,-9999,    9
   461, 56851,20180221,-9999,    9
   461, 56851,20180222,-9999,    9
   461, 56851,20180223,-9999,    9
   461, 56851,20180224,-9999,    9
   461, 56851,20180225,-9999,    9
   461, 56851,20180226,-9999,    9
   461, 56851,20180227,-9999,    9
   461, 56851,20180228,-9999,    9
   461, 56851,20180301,-9999,    9
   461, 56851,20180302,-9999,    9
   461, 56851,20180303,-9999,    9
   461, 56851,20180304,-9999,    9
   461, 56851,20180305,-9999,    9
   461, 56851,20180306,-9999,    9
   461, 56851,20180307,-9999,    9
   461, 56851,20180308,-9999,    9
   461, 56851,20180309,-9999,    9
   461, 56851,20180310,-9999,    9
   461, 56851,20180311,-9999,    9
   461, 56851,20180312,-9999,    9
   461, 56851,20180313,-9999,    9
   461, 56851,20180314,-9999,    9
   461, 56851,20180315,-9999,    9
   461, 56851,20180316,-9999,    9
   461, 56851,20180317,-9999,    9
   461, 56851,20180318,-9999,    9
   461, 56851,20180319,-9999,    9
   461, 56851,20180320,-9999,    9
   461, 56851,20180321,-9999,    9
   461, 56851,20180322,-9999,    9
   461, 56851,20180323,-9999,    9
   461, 56851,20180324,-9999,    9
   461, 56851,20180325,-9999,    9
   461, 56851,20180326,-9999,    9
   461, 56851,20180327,-9999,    9
   461, 56851,20180328,-9999,    9
   461, 56851,20180329,-9999,    9
   461, 56851,20180330,-9999,    9
   461, 56851,20180331,-9999,    9
   461, 56851,20180401,-9999,    9
   461, 56851,20180402,-9999,    9
   461, 56851,20180403,-9999,    9
   461, 56851,20180404,-9999,    9
   461, 56851,20180405,-9999,    9
   461, 56851,20180406,-9999,    9
   461, 56851,20180407,-9999,    9
   461, 56851,20180408,-9999,    9
   461, 56851,20180409,-9999,    9
   461, 56851,20180410,-9999,    9
   461, 56851,20180411,-9999,    9
   461, 56851,20180412,-9999,    9
   461, 56851,20180413,-9999,    9
   461, 56851,20180414,-9999,    9
   461, 56851,20180415,-9999,    9
   461, 56851,20180416,-9999,    9
   461, 56851,20180417,-9999,    9
   461, 56851,20180418,-9999,    9
   461, 56851,20180419,-9999,    9
   461, 56851,20180420,-9999,    9
   461, 56851,20180421,-9999,    9
   461, 56851,20180422,-9999,    9
   461, 56851,20180423,-9999,    9
   461, 56851,20180424,-9999,    9
   461, 56851,20180425,-9999,    9
   461, 56851,20180426,-9999,    9
   461, 56851,20180427,-9999,    9
   461, 56851,20180428,-9999,    9
   461, 56851,20180429,-9999,    9
   461, 56851,20180430,-9999,    9
   461, 56851,20180501,-9999,    9
   461, 56851,20180502,-9999,    9
   461, 56851,20180503,-9999,    9
   461, 56851,20180504,-9999,    9
   461, 56851,20180505,-9999,    9
   461, 56851,20180506,-9999,    9
   461, 56851,20180507,-9999,    9
   461, 56851,20180508,-9999,    9
   461, 56851,20180509,-9999,    9
   461, 56851,20180510,-9999,    9
   461, 56851,20180511,-9999,    9
   461, 56851,20180512,-9999,    9
   461, 56851,20180513,-9999,    9
   461, 56851,20180514,-9999,    9
   461, 56851,20180515,-9999,    9
   461, 56851,20180516,-9999,    9
   461, 56851,20180517,-9999,    9
   461, 56851,20180518,-9999,    9
   461, 56851,20180519,-9999,    9
   461, 56851,20180520,-9999,    9
   461, 56851,20180521,-9999,    9
   461, 56851,20180522,-9999,    9
   461, 56851,20180523,-9999,    9
   461, 56851,20180524,-9999,    9
   461, 56851,20180525,-9999,    9
   461, 56851,20180526,-9999,    9
   461, 56851,20180527,-9999,    9
   461, 56851,20180528,-9999,    9
   461, 56851,20180529,-9999,    9
   461, 56851,20180530,-9999,    9
   461, 56851,20180531,-9999,    9
   461, 56851,20180601,-9999,    9
   461, 56851,20180602,-9999,    9
   461, 56851,20180603,-9999,    9
   461, 56851,20180604,-9999,    9
   461, 56851,20180605,-9999,    9
   461, 56851,20180606,-9999,    9
   461, 56851,20180607,-9999,    9
   461, 56851,20180608,-9999,    9
   461, 56851,20180609,-9999,    9
   461, 56851,20180610,-9999,    9
   461, 56851,20180611,-9999,    9
   461, 56851,20180612,-9999,    9
   461, 56851,20180613,-9999,    9
   461, 56851,20180614,-9999,    9
   461, 56851,20180615,-9999,    9
   461, 56851,20180616,-9999,    9
   461, 56851,20180617,-9999,    9
   461, 56851,20180618,-9999,    9
   461, 56851,20180619,-9999,    9
   461, 56851,20180620,-9999,    9
   461, 56851,20180621,-9999,    9
   461, 56851,20180622,-9999,    9
   461, 56851,20180623,-9999,    9
   461, 56851,20180624,-9999,    9
   461, 56851,20180625,-9999,    9
   461, 56851,20180626,-9999,    9
   461, 56851,20180627,-9999,    9
   461, 56851,20180628,-9999,    9
   461, 56851,20180629,-9999,    9
   461, 56851,20180630,-9999,    9
   461, 56851,20180701,-9999,    9
   461, 56851,20180702,-9999,    9
   461, 56851,20180703,-9999,    9
   461, 56851,20180704,-9999,    9
   461, 56851,20180705,-9999,    9
   461, 56851,20180706,-9999,    9
   461, 56851,20180707,-9999,    9
   461, 56851,20180708,-9999,    9
   461, 56851,20180709,-9999,    9
   461, 56851,20180710,-9999,    9
   461, 56851,20180711,-9999,    9
   461, 56851,20180712,-9999,    9
   461, 56851,20180713,-9999,    9
   461, 56851,20180714,-9999,    9
   461, 56851,20180715,-9999,    9
   461, 56851,20180716,-9999,    9
   461, 56851,20180717,-9999,    9
   461, 56851,20180718,-9999,    9
   461, 56851,20180719,-9999,    9
   461, 56851,20180720,-9999,    9
   461, 56851,20180721,-9999,    9
   461, 56851,20180722,-9999,    9
   461, 56851,20180723,-9999,    9
   461, 56851,20180724,-9999,    9
   461, 56851,20180725,-9999,    9
   461, 56851,20180726,-9999,    9
   461, 56851,20180727,-9999,    9
   461, 56851,20180728,-9999,    9
   461, 56851,20180729,-9999,    9
   461, 56851,20180730,-9999,    9
   461, 56851,20180731,-9999,    9
   461, 56851,20180801,-9999,    9
   461, 56851,20180802,-9999,    9
   461, 56851,20180803,-9999,    9
   461, 56851,20180804,-9999,    9
   461, 56851,20180805,-9999,    9
   461, 56851,20180806,-9999,    9
   461, 56851,20180807,-9999,    9
   461, 56851,20180808,-9999,    9
   461, 56851,20180809,-9999,    9
   461, 56851,20180810,-9999,    9
   461, 56851,20180811,-9999,    9
   461, 56851,20180812,-9999,    9
   461, 56851,20180813,-9999,    9
   461, 56851,20180814,-9999,    9
   461, 56851,20180815,-9999,    9
   461, 56851,20180816,-9999,    9
   461, 56851,20180817,-9999,    9
   461, 56851,20180818,-9999,    9
   461, 56851,20180819,-9999,    9
   461, 56851,20180820,-9999,    9
   461, 56851,20180821,-9999,    9
   461, 56851,20180822,-9999,    9
   461, 56851,20180823,-9999,    9
   461, 56851,20180824,-9999,    9
   461, 56851,20180825,-9999,    9
   461, 56851,20180826,-9999,    9
   461, 56851,20180827,-9999,    9
   461, 56851,20180828,-9999,    9
   461, 56851,20180829,-9999,    9
   461, 56851,20180830,-9999,    9
   461, 56851,20180831,-9999,    9
   461, 56851,20180901,-9999,    9
   461, 56851,20180902,-9999,    9
   461, 56851,20180903,-9999,    9
   461, 56851,20180904,-9999,    9
   461, 56851,20180905,-9999,    9
   461, 56851,20180906,-9999,    9
   461, 56851,20180907,-9999,    9
   461, 56851,20180908,-9999,    9
   461, 56851,20180909,-9999,    9
   461, 56851,20180910,-9999,    9
   461, 56851,20180911,-9999,    9
   461, 56851,20180912,-9999,    9
   461, 56851,20180913,-9999,    9
   461, 56851,20180914,-9999,    9
   461, 56851,20180915,-9999,    9
   461, 56851,20180916,-9999,    9
   461, 56851,20180917,-9999,    9
   461, 56851,20180918,-9999,    9
   461, 56851,20180919,-9999,    9
   461, 56851,20180920,-9999,    9
   461, 56851,20180921,-9999,    9
   461, 56851,20180922,-9999,    9
   461, 56851,20180923,-9999,    9
   461, 56851,20180924,-9999,    9
   461, 56851,20180925,-9999,    9
   461, 56851,20180926,-9999,    9
   461, 56851,20180927,-9999,    9
   461, 56851,20180928,-9999,    9
   461, 56851,20180929,-9999,    9
   461, 56851,20180930,-9999,    9
   461, 56851,20181001,-9999,    9
   461, 56851,20181002,-9999,    9
   461, 56851,20181003,-9999,    9
   461, 56851,20181004,-9999,    9
   461, 56851,20181005,-9999,    9
   461, 56851,20181006,-9999,    9
   461, 56851,20181007,-9999,    9
   461, 56851,20181008,-9999,    9
   461, 56851,20181009,-9999,    9
   461, 56851,20181010,-9999,    9
   461, 56851,20181011,-9999,    9
   461, 56851,20181012,-9999,    9
   461, 56851,20181013,-9999,    9
   461, 56851,20181014,-9999,    9
   461, 56851,20181015,-9999,    9
   461, 56851,20181016,-9999,    9
   461, 56851,20181017,-9999,    9
   461, 56851,20181018,-9999,    9
   461, 56851,20181019,-9999,    9
   461, 56851,20181020,-9999,    9
   461, 56851,20181021,-9999,    9
   461, 56851,20181022,-9999,    9
   461, 56851,20181023,-9999,    9
   461, 56851,20181024,-9999,    9
   461, 56851,20181025,-9999,    9
   461, 56851,20181026,-9999,    9
   461, 56851,20181027,-9999,    9
   461, 56851,20181028,-9999,    9
   461, 56851,20181029,-9999,    9
   461, 56851,20181030,-9999,    9
   461, 56851,20181031,-9999,    9
   461, 56851,20181101,-9999,    9
   461, 56851,20181102,-9999,    9
   461, 56851,20181103,-9999,    9
   461, 56851,20181104,-9999,    9
   461, 56851,20181105,-9999,    9
   461, 56851,20181106,-9999,    9
   461, 56851,20181107,-9999,    9
   461, 56851,20181108,-9999,    9
   461, 56851,20181109,-9999,    9
   461, 56851,20181110,-9999,    9
   461, 56851,20181111,-9999,    9
   461, 56851,20181112,-9999,    9
   461, 56851,20181113,-9999,    9
   461, 56851,20181114,-9999,    9
   461, 56851,20181115,-9999,    9
   461, 56851,20181116,-9999,    9
   461, 56851,20181117,-9999,    9
   461, 56851,20181118,-9999,    9
   461, 56851,20181119,-9999,    9
   461, 56851,20181120,-9999,    9
   461, 56851,20181121,-9999,    9
   461, 56851,20181122,-9999,    9
   461, 56851,20181123,-9999,    9
   461, 56851,20181124,-9999,    9
   461, 56851,20181125,-9999,    9
   461, 56851,20181126,-9999,    9
   461, 56851,20181127,-9999,    9
   461, 56851,20181128,-9999,    9
   461, 56851,20181129,-9999,    9
   461, 56851,20181130,-9999,    9
   461, 56851,20181201,-9999,    9
   461, 56851,20181202,-9999,    9
   461, 56851,20181203,-9999,    9
   461, 56851,20181204,-9999,    9
   461, 56851,20181205,-9999,    9
   461, 56851,20181206,-9999,    9
   461, 56851,20181207,-9999,    9
   461, 56851,20181208,-9999,    9
   461, 56851,20181209,-9999,    9
   461, 56851,20181210,-9999,    9
   461, 56851,20181211,-9999,    9
   461, 56851,20181212,-9999,    9
   461, 56851,20181213,-9999,    9
   461, 56851,20181214,-9999,    9
   461, 56851,20181215,-9999,    9
   461, 56851,20181216,-9999,    9
   461, 56851,20181217,-9999,    9
   461, 56851,20181218,-9999,    9
   461, 56851,20181219,-9999,    9
   461, 56851,20181220,-9999,    9
   461, 56851,20181221,-9999,    9
   461, 56851,20181222,-9999,    9
   461, 56851,20181223,-9999,    9
   461, 56851,20181224,-9999,    9
   461, 56851,20181225,-9999,    9
   461, 56851,20181226,-9999,    9
   461, 56851,20181227,-9999,    9
   461, 56851,20181228,-9999,    9
   461, 56851,20181229,-9999,    9
   461, 56851,20181230,-9999,    9
   461, 56851,20181231,-9999,    9
   461, 56851,20190101,-9999,    9
   461, 56851,20190102,-9999,    9
   461, 56851,20190103,-9999,    9
   461, 56851,20190104,-9999,    9
   461, 56851,20190105,-9999,    9
   461, 56851,20190106,-9999,    9
   461, 56851,20190107,-9999,    9
   461, 56851,20190108,-9999,    9
   461, 56851,20190109,-9999,    9
   461, 56851,20190110,-9999,    9
   461, 56851,20190111,-9999,    9
   461, 56851,20190112,-9999,    9
   461, 56851,20190113,-9999,    9
   461, 56851,20190114,-9999,    9
   461, 56851,20190115,-9999,    9
   461, 56851,20190116,-9999,    9
   461, 56851,20190117,-9999,    9
   461, 56851,20190118,-9999,    9
   461, 56851,20190119,-9999,    9
   461, 56851,20190120,-9999,    9
   461, 56851,20190121,-9999,    9
   461, 56851,20190122,-9999,    9
   461, 56851,20190123,-9999,    9
   461, 56851,20190124,-9999,    9
   461, 56851,20190125,-9999,    9
   461, 56851,20190126,-9999,    9
   461, 56851,20190127,-9999,    9
   461, 56851,20190128,-9999,    9
   461, 56851,20190129,-9999,    9
   461, 56851,20190130,-9999,    9
   461, 56851,20190131,-9999,    9
   461, 56851,20190201,-9999,    9
   461, 56851,20190202,-9999,    9
   461, 56851,20190203,-9999,    9
   461, 56851,20190204,-9999,    9
   461, 56851,20190205,-9999,    9
   461, 56851,20190206,-9999,    9
   461, 56851,20190207,-9999,    9
   461, 56851,20190208,-9999,    9
   461, 56851,20190209,-9999,    9
   461, 56851,20190210,-9999,    9
   461, 56851,20190211,-9999,    9
   461, 56851,20190212,-9999,    9
   461, 56851,20190213,-9999,    9
   461, 56851,20190214,-9999,    9
   461, 56851,20190215,-9999,    9
   461, 56851,20190216,-9999,    9
   461, 56851,20190217,-9999,    9
   461, 56851,20190218,-9999,    9
   461, 56851,20190219,-9999,    9
   461, 56851,20190220,-9999,    9
   461, 56851,20190221,-9999,    9
   461, 56851,20190222,-9999,    9
   461, 56851,20190223,-9999,    9
   461, 56851,20190224,-9999,    9
   461, 56851,20190225,-9999,    9
   461, 56851,20190226,-9999,    9
   461, 56851,20190227,-9999,    9
   461, 56851,20190228,-9999,    9
   461, 56851,20190301,-9999,    9
   461, 56851,20190302,-9999,    9
   461, 56851,20190303,-9999,    9
   461, 56851,20190304,-9999,    9
   461, 56851,20190305,-9999,    9
   461, 56851,20190306,-9999,    9
   461, 56851,20190307,-9999,    9
   461, 56851,20190308,-9999,    9
   461, 56851,20190309,-9999,    9
   461, 56851,20190310,-9999,    9
   461, 56851,20190311,-9999,    9
   461, 56851,20190312,-9999,    9
   461, 56851,20190313,-9999,    9
   461, 56851,20190314,-9999,    9
   461, 56851,20190315,-9999,    9
   461, 56851,20190316,-9999,    9
   461, 56851,20190317,-9999,    9
   461, 56851,20190318,-9999,    9
   461, 56851,20190319,-9999,    9
   461, 56851,20190320,-9999,    9
   461, 56851,20190321,-9999,    9
   461, 56851,20190322,-9999,    9
   461, 56851,20190323,-9999,    9
   461, 56851,20190324,-9999,    9
   461, 56851,20190325,-9999,    9
   461, 56851,20190326,-9999,    9
   461, 56851,20190327,-9999,    9
   461, 56851,20190328,-9999,    9
   461, 56851,20190329,-9999,    9
   461, 56851,20190330,-9999,    9
   461, 56851,20190331,-9999,    9
   461, 56851,20190401,-9999,    9
   461, 56851,20190402,-9999,    9
   461, 56851,20190403,-9999,    9
   461, 56851,20190404,-9999,    9
   461, 56851,20190405,-9999,    9
   461, 56851,20190406,-9999,    9
   461, 56851,20190407,-9999,    9
   461, 56851,20190408,-9999,    9
   461, 56851,20190409,-9999,    9
   461, 56851,20190410,-9999,    9
   461, 56851,20190411,-9999,    9
   461, 56851,20190412,-9999,    9
   461, 56851,20190413,-9999,    9
   461, 56851,20190414,-9999,    9
   461, 56851,20190415,-9999,    9
   461, 56851,20190416,-9999,    9
   461, 56851,20190417,-9999,    9
   461, 56851,20190418,-9999,    9
   461, 56851,20190419,-9999,    9
   461, 56851,20190420,-9999,    9
   461, 56851,20190421,-9999,    9
   461, 56851,20190422,-9999,    9
   461, 56851,20190423,-9999,    9
   461, 56851,20190424,-9999,    9
   461, 56851,20190425,-9999,    9
   461, 56851,20190426,-9999,    9
   461, 56851,20190427,-9999,    9
   461, 56851,20190428,-9999,    9
   461, 56851,20190429,-9999,    9
   461, 56851,20190430,-9999,    9
