EUROPEAN CLIMATE ASSESSMENT & DATASET (ECA&D), file created on: 13-05-2019
THESE DATA CAN BE USED FOR NON-COMMERCIAL RESEARCH AND EDUCATION PROVIDED THAT THE FOLLOWING SOURCE IS ACKNOWLEDGED: 

Klein Tank, A.M.G. and Coauthors, 2002. Daily dataset of 20th-century surface
air temperature and precipitation series for the European Climate Assessment.
Int. J. of Climatol., 22, 1441-1453.
Data and metadata available at http://www.ecad.eu

FILE FORMAT (MISSING VALUE CODE = -9999):

01-06 STAID: Station identifier
08-13 SOUID: Source identifier
15-22 DATE : Date YYYYMMDD
24-28 TG   : Mean temperature in 0.1 &#176;C
30-34 Q_TG : quality code for TG (0='valid'; 1='suspect'; 9='missing')

This is the blended series of station NIKSIC, MONTENEGRO (STAID: 11380)
Blended and updated with sources:75545 913459 
See files sources.txt and stations.txt for more info.

STAID, SOUID,    DATE,   TG, Q_TG
 11380, 75545,20160701,  205,    0
 11380, 75545,20160702,  215,    0
 11380, 75545,20160703,  233,    0
 11380, 75545,20160704,  239,    0
 11380, 75545,20160705,  228,    0
 11380, 75545,20160706,  220,    0
 11380, 75545,20160707,  223,    0
 11380, 75545,20160708,  219,    0
 11380, 75545,20160709,  228,    0
 11380,913459,20160710,  271,    0
 11380, 75545,20160711,  247,    0
 11380, 75545,20160712,  254,    0
 11380, 75545,20160713,  247,    0
 11380, 75545,20160714,  231,    0
 11380, 75545,20160715,  192,    0
 11380, 75545,20160716,  161,    0
 11380, 75545,20160717,  166,    0
 11380, 75545,20160718,  192,    0
 11380, 75545,20160719,  211,    0
 11380, 75545,20160720,  218,    0
 11380,913459,20160721,  213,    0
 11380, 75545,20160722,  220,    0
 11380, 75545,20160723,  233,    0
 11380, 75545,20160724,  249,    0
 11380, 75545,20160725,  259,    0
 11380, 75545,20160726,  227,    0
 11380, 75545,20160727,  222,    0
 11380, 75545,20160728,  230,    0
 11380, 75545,20160729,  228,    0
 11380, 75545,20160730,  236,    0
 11380, 75545,20160731,  238,    0
 11380, 75545,20160801,  232,    0
 11380, 75545,20160802,  228,    0
 11380, 75545,20160803,  238,    0
 11380, 75545,20160804,  225,    0
 11380, 75545,20160805,  231,    0
 11380, 75545,20160806,  228,    0
 11380, 75545,20160807,  189,    0
 11380, 75545,20160808,  210,    0
 11380, 75545,20160809,  217,    0
 11380, 75545,20160810,  216,    0
 11380, 75545,20160811,  191,    0
 11380, 75545,20160812,  171,    0
 11380, 75545,20160813,  184,    0
 11380, 75545,20160814,  178,    0
 11380, 75545,20160815,  207,    0
 11380, 75545,20160816,  219,    0
 11380, 75545,20160817,  202,    0
 11380, 75545,20160818,  211,    0
 11380, 75545,20160819,  208,    0
 11380, 75545,20160820,  220,    0
 11380, 75545,20160821,  232,    0
 11380, 75545,20160822,  186,    0
 11380, 75545,20160823,  192,    0
 11380, 75545,20160824,  213,    0
 11380, 75545,20160825,  231,    0
 11380, 75545,20160826,  224,    0
 11380, 75545,20160827,  232,    0
 11380, 75545,20160828,  213,    0
 11380, 75545,20160829,  221,    0
 11380, 75545,20160830,  226,    0
 11380, 75545,20160831,  227,    0
 11380, 75545,20160901,  217,    0
 11380, 75545,20160902,  217,    0
 11380, 75545,20160903,  215,    0
 11380, 75545,20160904,  207,    0
 11380, 75545,20160905,  175,    0
 11380, 75545,20160906,  158,    0
 11380, 75545,20160907,  183,    0
 11380, 75545,20160908,  179,    0
 11380, 75545,20160909,  194,    0
 11380, 75545,20160910,  194,    0
 11380, 75545,20160911,  193,    0
 11380, 75545,20160912,  203,    0
 11380, 75545,20160913,  192,    0
 11380, 75545,20160914,  189,    0
 11380, 75545,20160915,  182,    0
 11380, 75545,20160916,  184,    0
 11380, 75545,20160917,  169,    0
 11380, 75545,20160918,  168,    0
 11380, 75545,20160919,  153,    0
 11380, 75545,20160920,  149,    0
 11380, 75545,20160921,  149,    0
 11380, 75545,20160922,  144,    0
 11380, 75545,20160923,  131,    0
 11380, 75545,20160924,  117,    0
 11380, 75545,20160925,  141,    0
 11380, 75545,20160926,  143,    0
 11380, 75545,20160927,  139,    0
 11380, 75545,20160928,  141,    0
 11380, 75545,20160929,  143,    0
 11380, 75545,20160930,  141,    0
 11380, 75545,20161001,  144,    0
 11380, 75545,20161002,  149,    0
 11380, 75545,20161003,  162,    0
 11380, 75545,20161004,-9999,    9
 11380, 75545,20161005,  106,    0
 11380, 75545,20161006,   59,    0
 11380, 75545,20161007,   96,    0
 11380, 75545,20161008,  115,    0
 11380, 75545,20161009,   98,    0
 11380, 75545,20161010,   96,    0
 11380, 75545,20161011,  102,    0
 11380, 75545,20161012,   95,    0
 11380, 75545,20161013,   72,    0
 11380, 75545,20161014,  123,    0
 11380, 75545,20161015,  125,    0
 11380, 75545,20161016,  145,    0
 11380, 75545,20161017,  143,    0
 11380, 75545,20161018,  112,    0
 11380, 75545,20161019,  134,    0
 11380, 75545,20161020,-9999,    9
 11380, 75545,20161021,  124,    0
 11380, 75545,20161022,  136,    0
 11380, 75545,20161023,  112,    0
 11380, 75545,20161024,  145,    0
 11380, 75545,20161025,  143,    0
 11380, 75545,20161026,  160,    0
 11380, 75545,20161027,  141,    0
 11380, 75545,20161028,  108,    0
 11380, 75545,20161029,  102,    0
 11380, 75545,20161030,  117,    0
 11380, 75545,20161031,   88,    0
 11380, 75545,20161101,   88,    0
 11380, 75545,20161102,   64,    0
 11380, 75545,20161103,   81,    0
 11380, 75545,20161104,   97,    0
 11380, 75545,20161105,   95,    0
 11380, 75545,20161106,  127,    0
 11380, 75545,20161107,  137,    0
 11380, 75545,20161108,   96,    0
 11380, 75545,20161109,  100,    0
 11380, 75545,20161110,   43,    0
 11380, 75545,20161111,   70,    0
 11380, 75545,20161112,   71,    0
 11380, 75545,20161113,   50,    0
 11380, 75545,20161114,   41,    0
 11380, 75545,20161115,   32,    0
 11380, 75545,20161116,   27,    0
 11380, 75545,20161117,   50,    0
 11380, 75545,20161118,   61,    0
 11380, 75545,20161119,   97,    0
 11380, 75545,20161120,  120,    0
 11380, 75545,20161121,  109,    0
 11380,913459,20161122,  102,    0
 11380, 75545,20161123,   85,    0
 11380, 75545,20161124,   74,    0
 11380, 75545,20161125,   51,    0
 11380, 75545,20161126,   94,    0
 11380, 75545,20161127,  100,    0
 11380, 75545,20161128,   50,    0
 11380, 75545,20161129,   -5,    0
 11380, 75545,20161130,    0,    0
 11380, 75545,20161201,   39,    0
 11380, 75545,20161202,    3,    0
 11380, 75545,20161203,   37,    0
 11380, 75545,20161204,   43,    0
 11380, 75545,20161205,   27,    0
 11380, 75545,20161206,   58,    0
 11380, 75545,20161207,   45,    0
 11380, 75545,20161208,   24,    0
 11380, 75545,20161209,   29,    0
 11380, 75545,20161210,   58,    0
 11380, 75545,20161211,   38,    0
 11380, 75545,20161212,   34,    0
 11380, 75545,20161213,   26,    0
 11380, 75545,20161214,   -2,    0
 11380, 75545,20161215,   22,    0
 11380, 75545,20161216,   27,    0
 11380, 75545,20161217,   28,    0
 11380, 75545,20161218,   29,    0
 11380, 75545,20161219,   16,    0
 11380, 75545,20161220,   21,    0
 11380, 75545,20161221,   43,    0
 11380, 75545,20161222,   60,    0
 11380, 75545,20161223,   62,    0
 11380, 75545,20161224,   88,    0
 11380, 75545,20161225,   43,    0
 11380, 75545,20161226,   68,    0
 11380, 75545,20161227,   52,    0
 11380,913459,20161228,   26,    0
 11380, 75545,20161229,   -7,    0
 11380, 75545,20161230,  -20,    0
 11380, 75545,20161231,    1,    0
 11380, 75545,20170101,    7,    0
 11380, 75545,20170102,    0,    0
 11380, 75545,20170103,   18,    0
 11380, 75545,20170104,    7,    0
 11380, 75545,20170105,    0,    0
 11380, 75545,20170106,  -61,    0
 11380, 75545,20170107, -113,    0
 11380, 75545,20170108, -102,    0
 11380, 75545,20170109,  -87,    0
 11380, 75545,20170110,  -90,    0
 11380, 75545,20170111,  -85,    0
 11380, 75545,20170112,  -89,    0
 11380, 75545,20170113,  -12,    0
 11380, 75545,20170114,   12,    0
 11380, 75545,20170115,  -13,    0
 11380, 75545,20170116,   -9,    0
 11380, 75545,20170117,   16,    0
 11380, 75545,20170118,   16,    0
 11380, 75545,20170119,   19,    0
 11380, 75545,20170120,    8,    0
 11380, 75545,20170121,    6,    0
 11380, 75545,20170122,    7,    0
 11380, 75545,20170123,    7,    0
 11380, 75545,20170124,   23,    0
 11380, 75545,20170125,   27,    0
 11380, 75545,20170126,   -7,    0
 11380, 75545,20170127,  -25,    0
 11380, 75545,20170128,   -6,    0
 11380, 75545,20170129,   -4,    0
 11380, 75545,20170130,   10,    0
 11380, 75545,20170131,   16,    0
 11380, 75545,20170201,   24,    0
 11380, 75545,20170202,   41,    0
 11380, 75545,20170203,   55,    0
 11380, 75545,20170204,   80,    0
 11380, 75545,20170205,   73,    0
 11380, 75545,20170206,   86,    0
 11380, 75545,20170207,   43,    0
 11380, 75545,20170208,   54,    0
 11380, 75545,20170209,   59,    0
 11380, 75545,20170210,   69,    0
 11380, 75545,20170211,   53,    0
 11380, 75545,20170212,   40,    0
 11380, 75545,20170213,   43,    0
 11380,913459,20170214,   47,    0
 11380, 75545,20170215,   75,    0
 11380, 75545,20170216,   83,    0
 11380, 75545,20170217,-9999,    9
 11380, 75545,20170218,   48,    0
 11380, 75545,20170219,   38,    0
 11380, 75545,20170220,   28,    0
 11380, 75545,20170221,   31,    0
 11380, 75545,20170222,   48,    0
 11380, 75545,20170223,   41,    0
 11380, 75545,20170224,   61,    0
 11380, 75545,20170225,   35,    0
 11380, 75545,20170226,   69,    0
 11380, 75545,20170227,   91,    0
 11380, 75545,20170228,   84,    0
 11380, 75545,20170301,   88,    0
 11380, 75545,20170302,   62,    0
 11380, 75545,20170303,   73,    0
 11380, 75545,20170304,   71,    0
 11380, 75545,20170305,   86,    0
 11380, 75545,20170306,   76,    0
 11380, 75545,20170307,   59,    0
 11380, 75545,20170308,   62,    0
 11380, 75545,20170309,  106,    0
 11380, 75545,20170310,   93,    0
 11380, 75545,20170311,   72,    0
 11380, 75545,20170312,   60,    0
 11380, 75545,20170313,   48,    0
 11380, 75545,20170314,   79,    0
 11380, 75545,20170315,   89,    0
 11380, 75545,20170316,   94,    0
 11380, 75545,20170317,  102,    0
 11380, 75545,20170318,   72,    0
 11380, 75545,20170319,   98,    0
 11380, 75545,20170320,  125,    0
 11380, 75545,20170321,  124,    0
 11380, 75545,20170322,  131,    0
 11380, 75545,20170323,  131,    0
 11380, 75545,20170324,  155,    0
 11380, 75545,20170325,  133,    0
 11380, 75545,20170326,   90,    0
 11380, 75545,20170327,   82,    0
 11380, 75545,20170328,  103,    0
 11380, 75545,20170329,  120,    0
 11380, 75545,20170330,  151,    0
 11380, 75545,20170331,  155,    0
 11380, 75545,20170401,  116,    0
 11380, 75545,20170402,-9999,    9
 11380, 75545,20170403,  118,    0
 11380, 75545,20170404,   82,    0
 11380, 75545,20170405,   81,    0
 11380, 75545,20170406,   89,    0
 11380, 75545,20170407,   60,    0
 11380, 75545,20170408,  105,    0
 11380, 75545,20170409,  113,    0
 11380, 75545,20170410,  116,    0
 11380, 75545,20170411,  121,    0
 11380, 75545,20170412,  152,    0
 11380, 75545,20170413,  123,    0
 11380, 75545,20170414,  124,    0
 11380, 75545,20170415,  104,    0
 11380, 75545,20170416,   96,    0
 11380, 75545,20170417,   96,    0
 11380, 75545,20170418,   70,    0
 11380, 75545,20170419,-9999,    9
 11380, 75545,20170420,   30,    0
 11380, 75545,20170421,   30,    0
 11380, 75545,20170422,   56,    0
 11380, 75545,20170423,   50,    0
 11380, 75545,20170424,   75,    0
 11380, 75545,20170425,  103,    0
 11380, 75545,20170426,  104,    0
 11380, 75545,20170427,  142,    0
 11380, 75545,20170428,  139,    0
 11380, 75545,20170429,  130,    0
 11380, 75545,20170430,  130,    0
 11380, 75545,20170501,  145,    0
 11380, 75545,20170502,  145,    0
 11380, 75545,20170503,  145,    0
 11380, 75545,20170504,  133,    0
 11380, 75545,20170505,  108,    0
 11380, 75545,20170506,  132,    0
 11380, 75545,20170507,  121,    0
 11380, 75545,20170508,  127,    0
 11380, 75545,20170509,  144,    0
 11380, 75545,20170510,  115,    0
 11380, 75545,20170511,  136,    0
 11380, 75545,20170512,  142,    0
 11380, 75545,20170513,  178,    0
 11380, 75545,20170514,  164,    0
 11380, 75545,20170515,  168,    0
 11380, 75545,20170516,  185,    0
 11380, 75545,20170517,  177,    0
 11380, 75545,20170518,  165,    0
 11380, 75545,20170519,  151,    0
 11380, 75545,20170520,  148,    0
 11380, 75545,20170521,  147,    0
 11380, 75545,20170522,  176,    0
 11380, 75545,20170523,  158,    0
 11380, 75545,20170524,  152,    0
 11380, 75545,20170525,  148,    0
 11380, 75545,20170526,  136,    0
 11380, 75545,20170527,  164,    0
 11380, 75545,20170528,  180,    0
 11380, 75545,20170529,  160,    0
 11380, 75545,20170530,  167,    0
 11380, 75545,20170531,  173,    0
 11380, 75545,20170601,  187,    0
 11380, 75545,20170602,  189,    0
 11380, 75545,20170603,  183,    0
 11380, 75545,20170604,  184,    0
 11380, 75545,20170605,  192,    0
 11380, 75545,20170606,  189,    0
 11380, 75545,20170607,  188,    0
 11380, 75545,20170608,  191,    0
 11380, 75545,20170609,  196,    0
 11380, 75545,20170610,  180,    0
 11380, 75545,20170611,  185,    0
 11380, 75545,20170612,  206,    0
 11380, 75545,20170613,  209,    0
 11380, 75545,20170614,  220,    0
 11380, 75545,20170615,  230,    0
 11380, 75545,20170616,  217,    0
 11380, 75545,20170617,  182,    0
 11380, 75545,20170618,  150,    0
 11380, 75545,20170619,  200,    0
 11380, 75545,20170620,  201,    0
 11380, 75545,20170621,  213,    0
 11380, 75545,20170622,  222,    0
 11380, 75545,20170623,  223,    0
 11380, 75545,20170624,  249,    0
 11380, 75545,20170625,  251,    0
 11380, 75545,20170626,  219,    0
 11380, 75545,20170627,  230,    0
 11380, 75545,20170628,  215,    0
 11380, 75545,20170629,  234,    0
 11380, 75545,20170630,  231,    0
 11380, 75545,20170701,  246,    0
 11380, 75545,20170702,  227,    0
 11380, 75545,20170703,  188,    0
 11380, 75545,20170704,  205,    0
 11380, 75545,20170705,  214,    0
 11380,913459,20170706,  235,    0
 11380, 75545,20170707,  244,    0
 11380, 75545,20170708,  251,    0
 11380, 75545,20170709,  264,    0
 11380, 75545,20170710,  242,    0
 11380, 75545,20170711,  245,    0
 11380, 75545,20170712,  252,    0
 11380, 75545,20170713,  249,    0
 11380, 75545,20170714,  255,    0
 11380, 75545,20170715,-9999,    9
 11380, 75545,20170716,-9999,    9
 11380, 75545,20170717,-9999,    9
 11380, 75545,20170718,-9999,    9
 11380, 75545,20170719,  231,    0
 11380, 75545,20170720,  233,    0
 11380, 75545,20170721,  238,    0
 11380, 75545,20170722,  237,    0
 11380, 75545,20170723,  248,    0
 11380, 75545,20170724,  250,    0
 11380, 75545,20170725,  199,    0
 11380, 75545,20170726,  187,    0
 11380, 75545,20170727,  179,    0
 11380, 75545,20170728,  207,    0
 11380, 75545,20170729,  217,    0
 11380,913459,20170730,  247,    0
 11380, 75545,20170731,  263,    0
 11380, 75545,20170801,  263,    0
 11380, 75545,20170802,  274,    0
 11380, 75545,20170803,  268,    0
 11380, 75545,20170804,  277,    0
 11380, 75545,20170805,  278,    0
 11380, 75545,20170806,  289,    0
 11380, 75545,20170807,  264,    0
 11380, 75545,20170808,  273,    0
 11380, 75545,20170809,  277,    0
 11380, 75545,20170810,  281,    0
 11380, 75545,20170811,  268,    0
 11380, 75545,20170812,  226,    0
 11380, 75545,20170813,  187,    0
 11380, 75545,20170814,  213,    0
 11380, 75545,20170815,  221,    0
 11380, 75545,20170816,  254,    0
 11380, 75545,20170817,  257,    0
 11380, 75545,20170818,  240,    0
 11380, 75545,20170819,  243,    0
 11380, 75545,20170820,  227,    0
 11380, 75545,20170821,  209,    0
 11380, 75545,20170822,  195,    0
 11380, 75545,20170823,  193,    0
 11380, 75545,20170824,  208,    0
 11380, 75545,20170825,  229,    0
 11380, 75545,20170826,  237,    0
 11380, 75545,20170827,  249,    0
 11380, 75545,20170828,  245,    0
 11380, 75545,20170829,  225,    0
 11380, 75545,20170830,  204,    0
 11380, 75545,20170831,  199,    0
 11380, 75545,20170901,  209,    0
 11380, 75545,20170902,  211,    0
 11380, 75545,20170903,  175,    0
 11380, 75545,20170904,  162,    0
 11380, 75545,20170905,  174,    0
 11380, 75545,20170906,  166,    0
 11380, 75545,20170907,  175,    0
 11380, 75545,20170908,  165,    0
 11380, 75545,20170909,  158,    0
 11380, 75545,20170910,  180,    0
 11380, 75545,20170911,-9999,    9
 11380, 75545,20170912,  166,    0
 11380, 75545,20170913,  192,    0
 11380, 75545,20170914,  158,    0
 11380, 75545,20170915,  166,    0
 11380, 75545,20170916,  172,    0
 11380, 75545,20170917,  178,    0
 11380, 75545,20170918,  173,    0
 11380, 75545,20170919,  135,    0
 11380, 75545,20170920,  134,    0
 11380, 75545,20170921,  125,    0
 11380, 75545,20170922,  115,    0
 11380, 75545,20170923,  125,    0
 11380, 75545,20170924,  139,    0
 11380, 75545,20170925,  113,    0
 11380, 75545,20170926,  159,    0
 11380, 75545,20170927,  161,    0
 11380, 75545,20170928,  155,    0
 11380, 75545,20170929,  155,    0
 11380, 75545,20170930,  127,    0
 11380, 75545,20171001,  132,    0
 11380, 75545,20171002,  129,    0
 11380, 75545,20171003,  123,    0
 11380, 75545,20171004,  145,    0
 11380, 75545,20171005,  135,    0
 11380, 75545,20171006,  134,    0
 11380, 75545,20171007,   77,    0
 11380, 75545,20171008,  106,    0
 11380, 75545,20171009,  102,    0
 11380, 75545,20171010,  109,    0
 11380, 75545,20171011,  121,    0
 11380, 75545,20171012,  130,    0
 11380, 75545,20171013,  136,    0
 11380, 75545,20171014,  150,    0
 11380, 75545,20171015,  148,    0
 11380, 75545,20171016,  156,    0
 11380, 75545,20171017,  156,    0
 11380, 75545,20171018,  154,    0
 11380, 75545,20171019,  138,    0
 11380, 75545,20171020,  129,    0
 11380, 75545,20171021,  134,    0
 11380, 75545,20171022,-9999,    9
 11380, 75545,20171023,  110,    0
 11380, 75545,20171024,   88,    0
 11380, 75545,20171025,  121,    0
 11380, 75545,20171026,  129,    0
 11380, 75545,20171027,  109,    0
 11380, 75545,20171028,   95,    0
 11380, 75545,20171029,   65,    0
 11380, 75545,20171030,   82,    0
 11380, 75545,20171031,   57,    0
 11380, 75545,20171101,   77,    0
 11380, 75545,20171102,   75,    0
 11380, 75545,20171103,   79,    0
 11380, 75545,20171104,  101,    0
 11380, 75545,20171105,   65,    0
 11380, 75545,20171106,   81,    0
 11380, 75545,20171107,   95,    0
 11380, 75545,20171108,   93,    0
 11380, 75545,20171109,   95,    0
 11380, 75545,20171110,   63,    0
 11380, 75545,20171111,   92,    0
 11380, 75545,20171112,  104,    0
 11380, 75545,20171113,  117,    0
 11380, 75545,20171114,   72,    0
 11380, 75545,20171115,   78,    0
 11380, 75545,20171116,   85,    0
 11380, 75545,20171117,  102,    0
 11380, 75545,20171118,   99,    0
 11380, 75545,20171119,   71,    0
 11380, 75545,20171120,   49,    0
 11380, 75545,20171121,   37,    0
 11380, 75545,20171122,   58,    0
 11380, 75545,20171123,   79,    0
 11380, 75545,20171124,   72,    0
 11380, 75545,20171125,   46,    0
 11380, 75545,20171126,   69,    0
 11380, 75545,20171127,   31,    0
 11380, 75545,20171128,-9999,    9
 11380, 75545,20171129,  -15,    0
 11380, 75545,20171130,   77,    0
 11380, 75545,20171201,   60,    0
 11380, 75545,20171202,   45,    0
 11380, 75545,20171203,   23,    0
 11380, 75545,20171204,   39,    0
 11380, 75545,20171205,   12,    0
 11380, 75545,20171206,   30,    0
 11380, 75545,20171207,   34,    0
 11380, 75545,20171208,    1,    0
 11380, 75545,20171209,   51,    0
 11380, 75545,20171210,   -6,    0
 11380, 75545,20171211,   31,    0
 11380, 75545,20171212,   83,    0
 11380, 75545,20171213,   92,    0
 11380, 75545,20171214,   54,    0
 11380, 75545,20171215,   68,    0
 11380, 75545,20171216,   82,    0
 11380, 75545,20171217,   28,    0
 11380, 75545,20171218,   14,    0
 11380, 75545,20171219,   -6,    0
 11380, 75545,20171220,  -12,    0
 11380, 75545,20171221,  -18,    0
 11380, 75545,20171222,    7,    0
 11380, 75545,20171223,   47,    0
 11380, 75545,20171224,   73,    0
 11380, 75545,20171225,   65,    0
 11380, 75545,20171226,    9,    0
 11380, 75545,20171227,   50,    0
 11380, 75545,20171228,   61,    0
 11380, 75545,20171229,   25,    0
 11380, 75545,20171230,   21,    0
 11380, 75545,20171231,   23,    0
 11380, 75545,20180101,   -9,    0
 11380, 75545,20180102,   32,    0
 11380, 75545,20180103,   61,    0
 11380, 75545,20180104,   46,    0
 11380, 75545,20180105,   43,    0
 11380, 75545,20180106,    0,    0
 11380, 75545,20180107,   84,    0
 11380, 75545,20180108,   54,    0
 11380, 75545,20180109,   76,    0
 11380, 75545,20180110,   74,    0
 11380, 75545,20180111,   63,    0
 11380, 75545,20180112,   68,    0
 11380, 75545,20180113,   79,    0
 11380, 75545,20180114,   24,    0
 11380, 75545,20180115,   24,    0
 11380, 75545,20180116,   19,    0
 11380, 75545,20180117,   61,    0
 11380, 75545,20180118,   36,    0
 11380, 75545,20180119,   -7,    0
 11380, 75545,20180120,   30,    0
 11380, 75545,20180121,   16,    0
 11380, 75545,20180122,    8,    0
 11380, 75545,20180123,   15,    0
 11380, 75545,20180124,   36,    0
 11380, 75545,20180125,   29,    0
 11380, 75545,20180126,   32,    0
 11380, 75545,20180127,   76,    0
 11380, 75545,20180128,   50,    0
 11380, 75545,20180129,   57,    0
 11380, 75545,20180130,   46,    0
 11380, 75545,20180131,   41,    0
 11380, 75545,20180201,   47,    0
 11380, 75545,20180202,   68,    0
 11380, 75545,20180203,   91,    0
 11380, 75545,20180204,   58,    0
 11380, 75545,20180205,  228,    0
 11380, 75545,20180206,   19,    0
 11380, 75545,20180207,   43,    0
 11380, 75545,20180208,   49,    0
 11380, 75545,20180209,   53,    0
 11380, 75545,20180210,   38,    0
 11380, 75545,20180211,   36,    0
 11380, 75545,20180212,   24,    0
 11380, 75545,20180213,   23,    0
 11380, 75545,20180214,-9999,    9
 11380, 75545,20180215,   16,    0
 11380, 75545,20180216,   51,    0
 11380, 75545,20180217,   65,    0
 11380, 75545,20180218,   47,    0
 11380, 75545,20180219,   25,    0
 11380, 75545,20180220,   25,    0
 11380, 75545,20180221,   24,    0
 11380, 75545,20180222,   56,    0
 11380, 75545,20180223,   66,    0
 11380, 75545,20180224,   48,    0
 11380, 75545,20180225,    0,    0
 11380, 75545,20180226,  -37,    0
 11380, 75545,20180227,  -54,    0
 11380, 75545,20180228,  -47,    0
 11380, 75545,20180301,  -51,    0
 11380, 75545,20180302,   28,    0
 11380, 75545,20180303,   48,    0
 11380, 75545,20180304,   41,    0
 11380, 75545,20180305,   88,    0
 11380, 75545,20180306,   79,    0
 11380, 75545,20180307,   84,    0
 11380, 75545,20180308,   67,    0
 11380, 75545,20180309,   61,    0
 11380, 75545,20180310,   68,    0
 11380, 75545,20180311,   92,    0
 11380, 75545,20180312,   98,    0
 11380, 75545,20180313,-9999,    9
 11380, 75545,20180314,   63,    0
 11380, 75545,20180315,   68,    0
 11380, 75545,20180316,   81,    0
 11380, 75545,20180317,  121,    0
 11380, 75545,20180318,   95,    0
 11380, 75545,20180319,   65,    0
 11380, 75545,20180320,   40,    0
 11380, 75545,20180321,   31,    0
 11380, 75545,20180322,   -8,    0
 11380, 75545,20180323,   -9,    0
 11380, 75545,20180324,    9,    0
 11380, 75545,20180325,   47,    0
 11380, 75545,20180326,-9999,    9
 11380, 75545,20180327,   68,    0
 11380, 75545,20180328,   60,    0
 11380, 75545,20180329,   63,    0
 11380, 75545,20180330,  100,    0
 11380, 75545,20180331,  128,    0
 11380, 75545,20180401,   63,    0
 11380, 75545,20180402,   78,    0
 11380, 75545,20180403,   87,    0
 11380, 75545,20180404,   97,    0
 11380, 75545,20180405,  116,    0
 11380, 75545,20180406,   92,    0
 11380, 75545,20180407,  144,    0
 11380, 75545,20180408,  141,    0
 11380, 75545,20180409,  132,    0
 11380, 75545,20180410,  132,    0
 11380, 75545,20180411,  115,    0
 11380, 75545,20180412,  142,    0
 11380, 75545,20180413,  149,    0
 11380, 75545,20180414,  153,    0
 11380, 75545,20180415,  174,    0
 11380, 75545,20180416,  161,    0
 11380, 75545,20180417,  125,    0
 11380, 75545,20180418,  159,    0
 11380, 75545,20180419,  170,    0
 11380, 75545,20180420,  172,    0
 11380, 75545,20180421,  144,    0
 11380, 75545,20180422,  144,    0
 11380, 75545,20180423,  164,    0
 11380, 75545,20180424,  159,    0
 11380, 75545,20180425,  159,    0
 11380, 75545,20180426,  169,    0
 11380, 75545,20180427,  185,    0
 11380, 75545,20180428,  189,    0
 11380, 75545,20180429,  189,    0
 11380, 75545,20180430,  176,    0
 11380, 75545,20180501,  174,    0
 11380, 75545,20180502,  178,    0
 11380, 75545,20180503,  179,    0
 11380, 75545,20180504,  171,    0
 11380, 75545,20180505,  168,    0
 11380, 75545,20180506,  172,    0
 11380, 75545,20180507,  185,    0
 11380, 75545,20180508,  179,    0
 11380, 75545,20180509,  152,    0
 11380, 75545,20180510,  180,    0
 11380, 75545,20180511,  170,    0
 11380, 75545,20180512,  164,    0
 11380, 75545,20180513,  163,    0
 11380, 75545,20180514,  147,    0
 11380, 75545,20180515,  136,    0
 11380, 75545,20180516,  120,    0
 11380, 75545,20180517,  123,    0
 11380, 75545,20180518,  126,    0
 11380, 75545,20180519,  159,    0
 11380, 75545,20180520,  190,    0
 11380, 75545,20180521,  187,    0
 11380, 75545,20180522,  172,    0
 11380, 75545,20180523,  185,    0
 11380, 75545,20180524,  160,    0
 11380, 75545,20180525,  182,    0
 11380, 75545,20180526,  201,    0
 11380, 75545,20180527,  195,    0
 11380, 75545,20180528,  202,    0
 11380, 75545,20180529,-9999,    9
 11380, 75545,20180530,  199,    0
 11380, 75545,20180531,  194,    0
 11380, 75545,20180601,  192,    0
 11380, 75545,20180602,  198,    0
 11380, 75545,20180603,  204,    0
 11380, 75545,20180604,  194,    0
 11380, 75545,20180605,  188,    0
 11380, 75545,20180606,  195,    0
 11380, 75545,20180607,  202,    0
 11380, 75545,20180608,  218,    0
 11380, 75545,20180609,  178,    0
 11380, 75545,20180610,  190,    0
 11380, 75545,20180611,  211,    0
 11380, 75545,20180612,  215,    0
 11380, 75545,20180613,  216,    0
 11380,913459,20180614,  181,    0
 11380, 75545,20180615,  174,    0
 11380, 75545,20180616,  197,    0
 11380, 75545,20180617,-9999,    9
 11380, 75545,20180618,  201,    0
 11380, 75545,20180619,  212,    0
 11380, 75545,20180620,  226,    0
 11380, 75545,20180621,  215,    0
 11380, 75545,20180622,  190,    0
 11380, 75545,20180623,  157,    0
 11380, 75545,20180624,  161,    0
 11380, 75545,20180625,  169,    0
 11380, 75545,20180626,  166,    0
 11380, 75545,20180627,  161,    0
 11380,913459,20180628,  186,    0
 11380, 75545,20180629,  161,    0
 11380, 75545,20180630,  205,    0
 11380, 75545,20180701,  196,    0
 11380, 75545,20180702,  207,    0
 11380, 75545,20180703,  207,    0
 11380, 75545,20180704,  213,    0
 11380, 75545,20180705,  216,    0
 11380, 75545,20180706,  224,    0
 11380, 75545,20180707,  214,    0
 11380, 75545,20180708,  219,    0
 11380, 75545,20180709,  175,    0
 11380, 75545,20180710,  184,    0
 11380, 75545,20180711,  200,    0
 11380, 75545,20180712,  213,    0
 11380, 75545,20180713,  221,    0
 11380, 75545,20180714,  224,    0
 11380, 75545,20180715,  223,    0
 11380, 75545,20180716,  224,    0
 11380, 75545,20180717,  199,    0
 11380, 75545,20180718,  195,    0
 11380, 75545,20180719,  202,    0
 11380, 75545,20180720,  223,    0
 11380, 75545,20180721,  231,    0
 11380, 75545,20180722,  218,    0
 11380, 75545,20180723,  222,    0
 11380, 75545,20180724,  214,    0
 11380, 75545,20180725,  232,    0
 11380, 75545,20180726,  229,    0
 11380, 75545,20180727,  226,    0
 11380, 75545,20180728,  194,    0
 11380, 75545,20180729,  215,    0
 11380, 75545,20180730,  237,    0
 11380,913459,20180731,  243,    0
 11380, 75545,20180801,  252,    0
 11380, 75545,20180802,  235,    0
 11380, 75545,20180803,  250,    0
 11380, 75545,20180804,  239,    0
 11380, 75545,20180805,  231,    0
 11380, 75545,20180806,  235,    0
 11380,913459,20180807,  244,    0
 11380, 75545,20180808,  246,    0
 11380, 75545,20180809,  247,    0
 11380,913459,20180810,  250,    0
 11380, 75545,20180811,  227,    0
 11380, 75545,20180812,  230,    0
 11380, 75545,20180813,  238,    0
 11380, 75545,20180814,  218,    0
 11380, 75545,20180815,  219,    0
 11380, 75545,20180816,  214,    0
 11380, 75545,20180817,  230,    0
 11380, 75545,20180818,  226,    0
 11380, 75545,20180819,  230,    0
 11380, 75545,20180820,  221,    0
 11380, 75545,20180821,  224,    0
 11380, 75545,20180822,  226,    0
 11380, 75545,20180823,  231,    0
 11380, 75545,20180824,  224,    0
 11380, 75545,20180825,  214,    0
 11380, 75545,20180826,  192,    0
 11380, 75545,20180827,  185,    0
 11380, 75545,20180828,  218,    0
 11380, 75545,20180829,  217,    0
 11380, 75545,20180830,  212,    0
 11380, 75545,20180831,  217,    0
 11380, 75545,20180901,  213,    0
 11380, 75545,20180902,  211,    0
 11380, 75545,20180903,  199,    0
 11380, 75545,20180904,  181,    0
 11380, 75545,20180905,  178,    0
 11380, 75545,20180906,  187,    0
 11380, 75545,20180907,-9999,    9
 11380, 75545,20180908,  184,    0
 11380, 75545,20180909,  201,    0
 11380, 75545,20180910,  194,    0
 11380, 75545,20180911,  190,    0
 11380, 75545,20180912,  209,    0
 11380, 75545,20180913,  200,    0
 11380, 75545,20180914,  195,    0
 11380, 75545,20180915,  207,    0
 11380, 75545,20180916,  215,    0
 11380, 75545,20180917,  193,    0
 11380, 75545,20180918,  193,    0
 11380, 75545,20180919,  205,    0
 11380, 75545,20180920,  214,    0
 11380, 75545,20180921,  211,    0
 11380, 75545,20180922,  203,    0
 11380, 75545,20180923,  205,    0
 11380, 75545,20180924,  180,    0
 11380, 75545,20180925,  114,    0
 11380, 75545,20180926,  109,    0
 11380, 75545,20180927,  133,    0
 11380, 75545,20180928,  153,    0
 11380, 75545,20180929,  152,    0
 11380, 75545,20180930,  170,    0
 11380, 75545,20181001,  134,    0
 11380, 75545,20181002,  131,    0
 11380, 75545,20181003,  156,    0
 11380, 75545,20181004,  175,    0
 11380, 75545,20181005,  151,    0
 11380, 75545,20181006,  165,    0
 11380, 75545,20181007,  153,    0
 11380, 75545,20181008,  159,    0
 11380, 75545,20181009,  171,    0
 11380, 75545,20181010,  150,    0
 11380, 75545,20181011,  143,    0
 11380, 75545,20181012,  153,    0
 11380, 75545,20181013,  154,    0
 11380, 75545,20181014,  156,    0
 11380, 75545,20181015,  149,    0
 11380, 75545,20181016,  150,    0
 11380, 75545,20181017,  151,    0
 11380, 75545,20181018,  157,    0
 11380, 75545,20181019,  160,    0
 11380, 75545,20181020,  160,    0
 11380, 75545,20181021,  119,    0
 11380, 75545,20181022,  129,    0
 11380, 75545,20181023,  134,    0
 11380, 75545,20181024,  114,    0
 11380, 75545,20181025,  109,    0
 11380, 75545,20181026,   91,    0
 11380, 75545,20181027,  137,    0
 11380, 75545,20181028,  140,    0
 11380, 75545,20181029,  149,    0
 11380, 75545,20181030,  141,    0
 11380, 75545,20181031,  127,    0
 11380, 75545,20181101,  132,    0
 11380, 75545,20181102,  151,    0
 11380, 75545,20181103,  167,    0
 11380, 75545,20181104,  144,    0
 11380, 75545,20181105,  117,    0
 11380, 75545,20181106,  130,    0
 11380, 75545,20181107,  103,    0
 11380, 75545,20181108,  118,    0
 11380, 75545,20181109,  106,    0
 11380, 75545,20181110,  106,    0
 11380, 75545,20181111,  113,    0
 11380, 75545,20181112,  113,    0
 11380, 75545,20181113,  102,    0
 11380, 75545,20181114,  111,    0
 11380, 75545,20181115,   81,    0
 11380, 75545,20181116,   81,    0
 11380, 75545,20181117,   71,    0
 11380, 75545,20181118,   38,    0
 11380, 75545,20181119,   45,    0
 11380, 75545,20181120,   81,    0
 11380, 75545,20181121,   88,    0
 11380, 75545,20181122,   85,    0
 11380, 75545,20181123,   87,    0
 11380,913459,20181124,   68,    0
 11380, 75545,20181125,   90,    0
 11380, 75545,20181126,  102,    0
 11380, 75545,20181127,   65,    0
 11380, 75545,20181128,   43,    0
 11380, 75545,20181129,   36,    0
 11380, 75545,20181130,   28,    0
 11380, 75545,20181201,   46,    0
 11380, 75545,20181202,   62,    0
 11380, 75545,20181203,   53,    0
 11380, 75545,20181204,   82,    0
 11380, 75545,20181205,   74,    0
 11380, 75545,20181206,   31,    0
 11380, 75545,20181207,   43,    0
 11380, 75545,20181208,   23,    0
 11380, 75545,20181209,-9999,    9
 11380,913459,20181210,   62,    0
 11380, 75545,20181211,   17,    0
 11380, 75545,20181212,    6,    0
 11380, 75545,20181213,   -7,    0
 11380,913459,20181214,   21,    0
 11380, 75545,20181215,   65,    0
 11380, 75545,20181216,   -7,    0
 11380, 75545,20181217,   -9,    0
 11380, 75545,20181218,   30,    0
 11380, 75545,20181219,   36,    0
 11380, 75545,20181220,    5,    0
 11380, 75545,20181221,   35,    0
 11380, 75545,20181222,   43,    0
 11380, 75545,20181223,   85,    0
 11380, 75545,20181224,   57,    0
 11380, 75545,20181225,   13,    0
 11380, 75545,20181226,   27,    0
 11380, 75545,20181227,   18,    0
 11380, 75545,20181228,   36,    0
 11380, 75545,20181229,   33,    0
 11380, 75545,20181230,   25,    0
 11380, 75545,20181231,   32,    0
 11380, 75545,20190101,   39,    0
 11380, 75545,20190102,  -15,    0
 11380, 75545,20190103,   -5,    0
 11380, 75545,20190104,  -35,    0
 11380, 75545,20190105,  -21,    0
 11380, 75545,20190106,    5,    0
 11380, 75545,20190107,  -23,    0
 11380, 75545,20190108,  -44,    0
 11380, 75545,20190109,  -20,    0
 11380, 75545,20190110,   11,    0
 11380, 75545,20190111,   -5,    0
 11380, 75545,20190112,  -42,    0
 11380, 75545,20190113,  -15,    0
 11380, 75545,20190114,  -21,    0
 11380, 75545,20190115,   -7,    0
 11380, 75545,20190116,  -45,    0
 11380, 75545,20190117,    1,    0
 11380, 75545,20190118,   20,    0
 11380, 75545,20190119,   27,    0
 11380, 75545,20190120,   25,    0
 11380, 75545,20190121,   47,    0
 11380, 75545,20190122,   28,    0
 11380, 75545,20190123,   27,    0
 11380, 75545,20190124,   43,    0
 11380, 75545,20190125,   19,    0
 11380, 75545,20190126,    2,    0
 11380, 75545,20190127,   36,    0
 11380, 75545,20190128,   40,    0
 11380, 75545,20190129,   39,    0
 11380, 75545,20190130,   27,    0
 11380, 75545,20190131,    9,    0
 11380, 75545,20190201,   34,    0
 11380, 75545,20190202,   83,    0
 11380, 75545,20190203,-9999,    9
 11380, 75545,20190204,   52,    0
 11380, 75545,20190205,   80,    0
 11380, 75545,20190206,   60,    0
 11380, 75545,20190207,   76,    0
 11380, 75545,20190208,   44,    0
 11380, 75545,20190209,   41,    0
 11380, 75545,20190210,   28,    0
 11380, 75545,20190211,-9999,    9
 11380, 75545,20190212,   27,    0
 11380, 75545,20190213,   -2,    0
 11380, 75545,20190214,   43,    0
 11380, 75545,20190215,   51,    0
 11380, 75545,20190216,   72,    0
 11380, 75545,20190217,   65,    0
 11380,913459,20190218,   61,    0
 11380,913459,20190219,   57,    0
 11380,913459,20190220,   60,    0
 11380,913459,20190221,   60,    0
 11380,913459,20190222,   51,    0
 11380,913459,20190223,  -12,    0
 11380,913459,20190224,   -3,    0
 11380,913459,20190225,   -2,    0
 11380,913459,20190226,   70,    0
 11380,913459,20190227,   50,    0
 11380,913459,20190228,   63,    0
 11380,913459,20190301,   43,    0
 11380,913459,20190302,   65,    0
 11380,913459,20190303,   65,    0
 11380,913459,20190304,   61,    0
 11380,913459,20190305,   57,    0
 11380,913459,20190306,   91,    0
 11380,913459,20190307,  106,    0
 11380,913459,20190308,   93,    0
 11380,913459,20190309,   83,    0
 11380,913459,20190310,   91,    0
 11380,913459,20190311,   81,    0
 11380,913459,20190312,   23,    0
 11380,913459,20190313,   48,    0
 11380,913459,20190314,   38,    0
 11380,913459,20190315,   59,    0
 11380,913459,20190316,   65,    0
 11380,913459,20190317,   95,    0
 11380,913459,20190318,   79,    0
 11380,913459,20190319,  113,    0
 11380,913459,20190320,   94,    0
 11380,913459,20190321,  108,    0
 11380,913459,20190322,  118,    0
 11380,913459,20190323,  134,    0
 11380,913459,20190324,  152,    0
 11380,913459,20190325,   99,    0
 11380,913459,20190326,   78,    0
 11380,913459,20190327,   87,    0
 11380,913459,20190328,   88,    0
 11380,913459,20190329,  101,    0
 11380,913459,20190330,  123,    0
 11380,913459,20190331,  148,    0
 11380,913459,20190401,  139,    0
 11380,913459,20190402,  121,    0
 11380,913459,20190403,   92,    0
 11380,913459,20190404,   83,    0
 11380,913459,20190405,   83,    0
 11380,913459,20190406,  127,    0
 11380,913459,20190407,  116,    0
 11380,913459,20190408,   94,    0
 11380,913459,20190409,  103,    0
 11380,913459,20190410,  115,    0
 11380,913459,20190411,-9999,    9
 11380,913459,20190412,   93,    0
 11380,913459,20190413,  101,    0
 11380,913459,20190414,   96,    0
 11380,913459,20190415,  105,    0
 11380,913459,20190416,  113,    0
 11380,913459,20190417,  103,    0
 11380,913459,20190418,  103,    0
 11380,913459,20190419,  112,    0
 11380,913459,20190420,  121,    0
 11380,913459,20190421,  108,    0
 11380,913459,20190422,  106,    0
 11380,913459,20190423,  129,    0
 11380,913459,20190424,  147,    0
 11380,913459,20190425,  146,    0
 11380,913459,20190426,  151,    0
 11380,913459,20190427,  143,    0
 11380,913459,20190428,  103,    0
 11380,913459,20190429,   92,    0
 11380,913459,20190430,   73,    0
