EUROPEAN CLIMATE ASSESSMENT & DATASET (ECA&D), file created on: 13-05-2019
THESE DATA CAN BE USED FOR NON-COMMERCIAL RESEARCH AND EDUCATION PROVIDED THAT THE FOLLOWING SOURCE IS ACKNOWLEDGED: 

Klein Tank, A.M.G. and Coauthors, 2002. Daily dataset of 20th-century surface
air temperature and precipitation series for the European Climate Assessment.
Int. J. of Climatol., 22, 1441-1453.
Data and metadata available at http://www.ecad.eu

FILE FORMAT (MISSING VALUE CODE = -9999):

01-06 STAID: Station identifier
08-13 SOUID: Source identifier
15-22 DATE : Date YYYYMMDD
24-28 TG   : Mean temperature in 0.1 &#176;C
30-34 Q_TG : quality code for TG (0='valid'; 1='suspect'; 9='missing')

This is the blended series of station F3-FB-1, NETHERLANDS (STAID: 10982)
Blended and updated with sources:55462 906239 
See files sources.txt and stations.txt for more info.

STAID, SOUID,    DATE,   TG, Q_TG
 10982, 55462,20130601,-9999,    9
 10982, 55462,20130602,-9999,    9
 10982, 55462,20130603,-9999,    9
 10982, 55462,20130604,-9999,    9
 10982, 55462,20130605,-9999,    9
 10982, 55462,20130606,-9999,    9
 10982, 55462,20130607,-9999,    9
 10982, 55462,20130608,-9999,    9
 10982, 55462,20130609,-9999,    9
 10982, 55462,20130610,-9999,    9
 10982, 55462,20130611,  115,    0
 10982, 55462,20130612,  130,    0
 10982, 55462,20130613,  122,    0
 10982, 55462,20130614,  118,    0
 10982, 55462,20130615,  120,    0
 10982, 55462,20130616,  119,    0
 10982, 55462,20130617,  116,    0
 10982, 55462,20130618,  128,    0
 10982, 55462,20130619,  137,    0
 10982, 55462,20130620,  125,    0
 10982, 55462,20130621,  127,    0
 10982, 55462,20130622,  128,    0
 10982, 55462,20130623,  126,    0
 10982, 55462,20130624,  126,    0
 10982, 55462,20130625,  120,    0
 10982, 55462,20130626,  123,    0
 10982, 55462,20130627,  116,    0
 10982, 55462,20130628,  121,    0
 10982, 55462,20130629,  122,    0
 10982, 55462,20130630,  132,    0
 10982,906239,20130701,  136,    0
 10982, 55462,20130702,-9999,    9
 10982,906239,20130703,  141,    0
 10982,906239,20130704,  143,    0
 10982,906239,20130705,  148,    0
 10982,906239,20130706,  157,    0
 10982,906239,20130707,  161,    0
 10982,906239,20130708,  146,    0
 10982,906239,20130709,  153,    0
 10982,906239,20130710,  137,    0
 10982,906239,20130711,  136,    0
 10982,906239,20130712,  134,    0
 10982,906239,20130713,  141,    0
 10982,906239,20130714,  143,    0
 10982,906239,20130715,  153,    0
 10982,906239,20130716,  160,    0
 10982,906239,20130717,  165,    0
 10982,906239,20130718,  172,    0
 10982,906239,20130719,  176,    0
 10982,906239,20130720,  157,    0
 10982,906239,20130721,  154,    0
 10982,906239,20130722,  156,    0
 10982,906239,20130723,  171,    0
 10982,906239,20130724,  176,    0
 10982,906239,20130725,  188,    0
 10982,906239,20130726,  194,    0
 10982,906239,20130727,  181,    0
 10982,906239,20130728,  190,    0
 10982,906239,20130729,  186,    0
 10982,906239,20130730,  174,    0
 10982,906239,20130731,  170,    0
 10982,906239,20130801,  185,    0
 10982,906239,20130802,  204,    0
 10982,906239,20130803,  184,    0
 10982,906239,20130804,  185,    0
 10982,906239,20130805,  187,    0
 10982,906239,20130806,  169,    0
 10982,906239,20130807,  167,    0
 10982,906239,20130808,  164,    0
 10982,906239,20130809,  173,    0
 10982,906239,20130810,  170,    0
 10982,906239,20130811,  160,    0
 10982,906239,20130812,  143,    0
 10982,906239,20130813,  153,    0
 10982,906239,20130814,  158,    0
 10982,906239,20130815,  173,    0
 10982,906239,20130816,  175,    0
 10982,906239,20130817,  172,    0
 10982,906239,20130818,  166,    0
 10982,906239,20130819,  166,    0
 10982,906239,20130820,  168,    0
 10982,906239,20130821,  174,    0
 10982,906239,20130822,  177,    0
 10982,906239,20130823,  180,    0
 10982,906239,20130824,  183,    0
 10982,906239,20130825,  180,    0
 10982,906239,20130826,  175,    0
 10982,906239,20130827,  174,    0
 10982,906239,20130828,  172,    0
 10982,906239,20130829,  172,    0
 10982,906239,20130830,  176,    0
 10982,906239,20130831,  160,    0
 10982,906239,20130901,  156,    0
 10982,906239,20130902,  160,    0
 10982,906239,20130903,  168,    0
 10982,906239,20130904,  179,    0
 10982,906239,20130905,  178,    0
 10982,906239,20130906,  190,    0
 10982,906239,20130907,  176,    0
 10982,906239,20130908,  160,    0
 10982,906239,20130909,  151,    0
 10982,906239,20130910,  149,    0
 10982,906239,20130911,  162,    0
 10982,906239,20130912,  158,    0
 10982,906239,20130913,  163,    0
 10982,906239,20130914,  142,    0
 10982,906239,20130915,  136,    0
 10982,906239,20130916,  117,    0
 10982,906239,20130917,  118,    0
 10982,906239,20130918,  127,    0
 10982,906239,20130919,  125,    0
 10982,906239,20130920,  129,    0
 10982,906239,20130921,  148,    0
 10982,906239,20130922,  153,    0
 10982,906239,20130923,  154,    0
 10982,906239,20130924,  137,    0
 10982,906239,20130925,  141,    0
 10982,906239,20130926,  127,    0
 10982, 55462,20130927,-9999,    9
 10982,906239,20130928,  140,    0
 10982,906239,20130929,  141,    0
 10982,906239,20130930,  133,    0
 10982,906239,20131001,  133,    0
 10982,906239,20131002,  135,    0
 10982,906239,20131003,  136,    0
 10982,906239,20131004,  146,    0
 10982,906239,20131005,  144,    0
 10982,906239,20131006,  140,    0
 10982,906239,20131007,  150,    0
 10982,906239,20131008,  146,    0
 10982,906239,20131009,  132,    0
 10982,906239,20131010,  109,    0
 10982,906239,20131011,  108,    0
 10982,906239,20131012,  134,    0
 10982,906239,20131013,  118,    0
 10982,906239,20131014,  121,    0
 10982,906239,20131015,  124,    0
 10982,906239,20131016,  130,    0
 10982,906239,20131017,  122,    0
 10982,906239,20131018,  112,    0
 10982,906239,20131019,  127,    0
 10982,906239,20131020,  141,    0
 10982,906239,20131021,  135,    0
 10982,906239,20131022,  154,    0
 10982,906239,20131023,  155,    0
 10982,906239,20131024,  122,    0
 10982,906239,20131025,  135,    0
 10982,906239,20131026,  145,    0
 10982,906239,20131027,  142,    0
 10982,906239,20131028,  131,    0
 10982,906239,20131029,  115,    0
 10982,906239,20131030,  106,    0
 10982,906239,20131031,  122,    0
 10982,906239,20131101,  121,    0
 10982,906239,20131102,  116,    0
 10982,906239,20131103,  101,    0
 10982,906239,20131104,   99,    0
 10982,906239,20131105,   95,    0
 10982,906239,20131106,   87,    0
 10982,906239,20131107,   96,    0
 10982,906239,20131108,  108,    0
 10982,906239,20131109,   79,    0
 10982,906239,20131110,   78,    0
 10982,906239,20131111,  100,    0
 10982,906239,20131112,  107,    0
 10982,906239,20131113,   98,    0
 10982,906239,20131114,   98,    0
 10982,906239,20131115,   95,    0
 10982,906239,20131116,  102,    0
 10982,906239,20131117,  106,    0
 10982,906239,20131118,  101,    0
 10982,906239,20131119,   77,    0
 10982,906239,20131120,   71,    0
 10982,906239,20131121,   68,    0
 10982,906239,20131122,   71,    0
 10982,906239,20131123,   84,    0
 10982,906239,20131124,   78,    0
 10982,906239,20131125,   67,    0
 10982,906239,20131126,   82,    0
 10982,906239,20131127,   94,    0
 10982,906239,20131128,   97,    0
 10982,906239,20131129,   85,    0
 10982,906239,20131130,   70,    0
 10982,906239,20131201,   93,    0
 10982,906239,20131202,   83,    0
 10982,906239,20131203,   86,    0
 10982,906239,20131204,   90,    0
 10982,906239,20131205,   84,    0
 10982,906239,20131206,   31,    0
 10982,906239,20131207,   50,    0
 10982,906239,20131208,   83,    0
 10982,906239,20131209,   98,    0
 10982,906239,20131210,   93,    0
 10982,906239,20131211,   88,    0
 10982,906239,20131212,   92,    0
 10982,906239,20131213,   96,    0
 10982,906239,20131214,   91,    0
 10982,906239,20131215,   96,    0
 10982,906239,20131216,  103,    0
 10982,906239,20131217,   75,    0
 10982,906239,20131218,   81,    0
 10982,906239,20131219,   89,    0
 10982,906239,20131220,   71,    0
 10982,906239,20131221,   95,    0
 10982,906239,20131222,   89,    0
 10982,906239,20131223,   80,    0
 10982,906239,20131224,   97,    0
 10982,906239,20131225,   72,    0
 10982,906239,20131226,   78,    0
 10982,906239,20131227,   88,    0
 10982,906239,20131228,   81,    0
 10982,906239,20131229,   76,    0
 10982,906239,20131230,   78,    0
 10982,906239,20131231,   85,    0
 10982,906239,20140101,   80,    0
 10982,906239,20140102,   85,    0
 10982,906239,20140103,   87,    0
 10982,906239,20140104,   83,    0
 10982,906239,20140105,   67,    0
 10982,906239,20140106,   84,    0
 10982,906239,20140107,   97,    0
 10982,906239,20140108,   85,    0
 10982,906239,20140109,   85,    0
 10982,906239,20140110,   73,    0
 10982,906239,20140111,   73,    0
 10982,906239,20140112,   68,    0
 10982,906239,20140113,   66,    0
 10982,906239,20140114,   71,    0
 10982,906239,20140115,   68,    0
 10982,906239,20140116,   72,    0
 10982,906239,20140117,   77,    0
 10982,906239,20140118,   73,    0
 10982,906239,20140119,   66,    0
 10982,906239,20140120,   49,    0
 10982,906239,20140121,   42,    0
 10982,906239,20140122,   43,    0
 10982,906239,20140123,   51,    0
 10982,906239,20140124,   38,    0
 10982,906239,20140125,   40,    0
 10982,906239,20140126,   39,    0
 10982,906239,20140127,   40,    0
 10982,906239,20140128,   48,    0
 10982,906239,20140129,   34,    0
 10982,906239,20140130,    9,    0
 10982,906239,20140131,   36,    0
 10982,906239,20140201,   63,    0
 10982,906239,20140202,   76,    0
 10982,906239,20140203,   71,    0
 10982,906239,20140204,   59,    0
 10982,906239,20140205,   69,    0
 10982,906239,20140206,   75,    0
 10982,906239,20140207,   71,    0
 10982,906239,20140208,   72,    0
 10982,906239,20140209,   77,    0
 10982,906239,20140210,   64,    0
 10982,906239,20140211,   53,    0
 10982,906239,20140212,   60,    0
 10982,906239,20140213,   60,    0
 10982,906239,20140214,   61,    0
 10982,906239,20140215,   73,    0
 10982,906239,20140216,   54,    0
 10982,906239,20140217,   71,    0
 10982,906239,20140218,   72,    0
 10982,906239,20140219,   68,    0
 10982,906239,20140220,   70,    0
 10982,906239,20140221,   67,    0
 10982,906239,20140222,   63,    0
 10982,906239,20140223,   80,    0
 10982,906239,20140224,   78,    0
 10982,906239,20140225,   80,    0
 10982,906239,20140226,   70,    0
 10982,906239,20140227,   71,    0
 10982,906239,20140228,   65,    0
 10982,906239,20140301,   59,    0
 10982,906239,20140302,   64,    0
 10982,906239,20140303,   71,    0
 10982,906239,20140304,   67,    0
 10982,906239,20140305,   67,    0
 10982,906239,20140306,   73,    0
 10982,906239,20140307,   85,    0
 10982,906239,20140308,   74,    0
 10982,906239,20140309,   88,    0
 10982,906239,20140310,   83,    0
 10982,906239,20140311,   63,    0
 10982,906239,20140312,   73,    0
 10982,906239,20140313,   65,    0
 10982,906239,20140314,   73,    0
 10982,906239,20140315,   76,    0
 10982,906239,20140316,   76,    0
 10982,906239,20140317,   78,    0
 10982,906239,20140318,   72,    0
 10982,906239,20140319,   77,    0
 10982,906239,20140320,   91,    0
 10982,906239,20140321,   71,    0
 10982,906239,20140322,   75,    0
 10982,906239,20140323,   57,    0
 10982,906239,20140324,   61,    0
 10982,906239,20140325,   64,    0
 10982,906239,20140326,   54,    0
 10982,906239,20140327,   67,    0
 10982,906239,20140328,   60,    0
 10982,906239,20140329,   68,    0
 10982,906239,20140330,   57,    0
 10982,906239,20140331,   55,    0
 10982,906239,20140401,   65,    0
 10982,906239,20140402,   68,    0
 10982,906239,20140403,   70,    0
 10982,906239,20140404,   74,    0
 10982,906239,20140405,   88,    0
 10982,906239,20140406,   90,    0
 10982,906239,20140407,   96,    0
 10982,906239,20140408,   77,    0
 10982,906239,20140409,   78,    0
 10982,906239,20140410,   80,    0
 10982,906239,20140411,   80,    0
 10982,906239,20140412,   78,    0
 10982,906239,20140413,   81,    0
 10982,906239,20140414,   68,    0
 10982,906239,20140415,   61,    0
 10982,906239,20140416,   76,    0
 10982,906239,20140417,   86,    0
 10982,906239,20140418,   73,    0
 10982,906239,20140419,   76,    0
 10982,906239,20140420,   98,    0
 10982,906239,20140421,  100,    0
 10982,906239,20140422,   94,    0
 10982,906239,20140423,  108,    0
 10982,906239,20140424,   83,    0
 10982,906239,20140425,   88,    0
 10982,906239,20140426,  100,    0
 10982,906239,20140427,  103,    0
 10982,906239,20140428,  103,    0
 10982,906239,20140429,  110,    0
 10982,906239,20140430,   88,    0
 10982,906239,20140501,   82,    0
 10982,906239,20140502,   81,    0
 10982,906239,20140503,   72,    0
 10982,906239,20140504,   81,    0
 10982,906239,20140505,  100,    0
 10982,906239,20140506,  110,    0
 10982,906239,20140507,  101,    0
 10982,906239,20140508,  103,    0
 10982,906239,20140509,  101,    0
 10982,906239,20140510,  108,    0
 10982,906239,20140511,   98,    0
 10982,906239,20140512,   96,    0
 10982,906239,20140513,   93,    0
 10982,906239,20140514,   93,    0
 10982,906239,20140515,   97,    0
 10982,906239,20140516,  110,    0
 10982,906239,20140517,  118,    0
 10982,906239,20140518,  127,    0
 10982,906239,20140519,  125,    0
 10982,906239,20140520,  141,    0
 10982,906239,20140521,  142,    0
 10982,906239,20140522,  143,    0
 10982,906239,20140523,  132,    0
 10982,906239,20140524,  113,    0
 10982,906239,20140525,  127,    0
 10982,906239,20140526,  134,    0
 10982,906239,20140527,  140,    0
 10982,906239,20140528,  111,    0
 10982,906239,20140529,  118,    0
 10982,906239,20140530,  124,    0
 10982,906239,20140531,  118,    0
 10982,906239,20140601,  117,    0
 10982,906239,20140602,  128,    0
 10982,906239,20140603,  140,    0
 10982,906239,20140604,  147,    0
 10982,906239,20140605,  128,    0
 10982,906239,20140606,  127,    0
 10982,906239,20140607,  125,    0
 10982,906239,20140608,  153,    0
 10982,906239,20140609,  153,    0
 10982,906239,20140610,  162,    0
 10982,906239,20140611,  150,    0
 10982,906239,20140612,  150,    0
 10982,906239,20140613,  150,    0
 10982,906239,20140614,  135,    0
 10982,906239,20140615,  131,    0
 10982,906239,20140616,  136,    0
 10982,906239,20140617,  134,    0
 10982,906239,20140618,  136,    0
 10982,906239,20140619,  135,    0
 10982,906239,20140620,  129,    0
 10982,906239,20140621,  129,    0
 10982,906239,20140622,  129,    0
 10982,906239,20140623,  136,    0
 10982,906239,20140624,  132,    0
 10982,906239,20140625,  136,    0
 10982,906239,20140626,  148,    0
 10982,906239,20140627,  148,    0
 10982,906239,20140628,  134,    0
 10982,906239,20140629,  143,    0
 10982,906239,20140630,  135,    0
 10982,906239,20140701,  137,    0
 10982,906239,20140702,  142,    0
 10982,906239,20140703,  158,    0
 10982,906239,20140704,  179,    0
 10982,906239,20140705,  172,    0
 10982,906239,20140706,  166,    0
 10982,906239,20140707,  165,    0
 10982,906239,20140708,  158,    0
 10982,906239,20140709,  152,    0
 10982,906239,20140710,  184,    0
 10982,906239,20140711,  190,    0
 10982,906239,20140712,  187,    0
 10982,906239,20140713,  167,    0
 10982,906239,20140714,  172,    0
 10982,906239,20140715,  170,    0
 10982,906239,20140716,  173,    0
 10982,906239,20140717,  175,    0
 10982,906239,20140718,  173,    0
 10982,906239,20140719,  196,    0
 10982,906239,20140720,  201,    0
 10982,906239,20140721,  182,    0
 10982,906239,20140722,  198,    0
 10982,906239,20140723,  201,    0
 10982,906239,20140724,  205,    0
 10982,906239,20140725,  207,    0
 10982,906239,20140726,  211,    0
 10982,906239,20140727,  201,    0
 10982,906239,20140728,  188,    0
 10982,906239,20140729,  187,    0
 10982,906239,20140730,  187,    0
 10982,906239,20140731,  186,    0
 10982,906239,20140801,  201,    0
 10982,906239,20140802,  208,    0
 10982,906239,20140803,  195,    0
 10982,906239,20140804,  193,    0
 10982,906239,20140805,  193,    0
 10982,906239,20140806,  200,    0
 10982,906239,20140807,  185,    0
 10982,906239,20140808,  177,    0
 10982,906239,20140809,  190,    0
 10982,906239,20140810,  190,    0
 10982,906239,20140811,  165,    0
 10982,906239,20140812,  165,    0
 10982,906239,20140813,  150,    0
 10982,906239,20140814,  160,    0
 10982,906239,20140815,  153,    0
 10982,906239,20140816,  149,    0
 10982,906239,20140817,  149,    0
 10982,906239,20140818,  130,    0
 10982,906239,20140819,  132,    0
 10982,906239,20140820,  127,    0
 10982,906239,20140821,  130,    0
 10982,906239,20140822,  133,    0
 10982,906239,20140823,  136,    0
 10982,906239,20140824,  129,    0
 10982,906239,20140825,  134,    0
 10982,906239,20140826,  144,    0
 10982,906239,20140827,  153,    0
 10982,906239,20140828,  165,    0
 10982,906239,20140829,  166,    0
 10982,906239,20140830,  156,    0
 10982,906239,20140831,  156,    0
 10982, 55462,20140901,  156,    0
 10982, 55462,20140902,  163,    0
 10982, 55462,20140903,  169,    0
 10982, 55462,20140904,  171,    0
 10982, 55462,20140905,  173,    0
 10982, 55462,20140906,  167,    0
 10982, 55462,20140907,  146,    0
 10982, 55462,20140908,  145,    0
 10982, 55462,20140909,  144,    0
 10982, 55462,20140910,  150,    0
 10982, 55462,20140911,  159,    0
 10982, 55462,20140912,  157,    0
 10982, 55462,20140913,  158,    0
 10982, 55462,20140914,  163,    0
 10982, 55462,20140915,  167,    0
 10982, 55462,20140916,  175,    0
 10982, 55462,20140917,  176,    0
 10982, 55462,20140918,  171,    0
 10982, 55462,20140919,  171,    0
 10982, 55462,20140920,  163,    0
 10982, 55462,20140921,  146,    0
 10982, 55462,20140922,  140,    0
 10982, 55462,20140923,  148,    0
 10982, 55462,20140924,  141,    0
 10982, 55462,20140925,  149,    0
 10982, 55462,20140926,  159,    0
 10982, 55462,20140927,  155,    0
 10982, 55462,20140928,  162,    0
 10982, 55462,20140929,  162,    0
 10982, 55462,20140930,  160,    0
 10982, 55462,20141001,  161,    0
 10982, 55462,20141002,  154,    0
 10982, 55462,20141003,  165,    0
 10982, 55462,20141004,  157,    0
 10982, 55462,20141005,  133,    0
 10982, 55462,20141006,  152,    0
 10982, 55462,20141007,  135,    0
 10982, 55462,20141008,  146,    0
 10982, 55462,20141009,  155,    0
 10982, 55462,20141010,  150,    0
 10982, 55462,20141011,  143,    0
 10982, 55462,20141012,  138,    0
 10982, 55462,20141013,  136,    0
 10982, 55462,20141014,  143,    0
 10982, 55462,20141015,  133,    0
 10982, 55462,20141016,  139,    0
 10982, 55462,20141017,  150,    0
 10982, 55462,20141018,  164,    0
 10982, 55462,20141019,  163,    0
 10982, 55462,20141020,  138,    0
 10982, 55462,20141021,  125,    0
 10982, 55462,20141022,  117,    0
 10982, 55462,20141023,  139,    0
 10982, 55462,20141024,  144,    0
 10982, 55462,20141025,  135,    0
 10982, 55462,20141026,  142,    0
 10982, 55462,20141027,  149,    0
 10982, 55462,20141028,  147,    0
 10982, 55462,20141029,  116,    0
 10982, 55462,20141030,  131,    0
 10982, 55462,20141031,  154,    0
 10982, 55462,20141101,  153,    0
 10982, 55462,20141102,  144,    0
 10982, 55462,20141103,  125,    0
 10982, 55462,20141104,  115,    0
 10982, 55462,20141105,  119,    0
 10982, 55462,20141106,  118,    0
 10982, 55462,20141107,  112,    0
 10982, 55462,20141108,  126,    0
 10982, 55462,20141109,  127,    0
 10982, 55462,20141110,  119,    0
 10982, 55462,20141111,  126,    0
 10982, 55462,20141112,  126,    0
 10982, 55462,20141113,  129,    0
 10982, 55462,20141114,  120,    0
 10982, 55462,20141115,  121,    0
 10982, 55462,20141116,  115,    0
 10982, 55462,20141117,  120,    0
 10982, 55462,20141118,  113,    0
 10982, 55462,20141119,  103,    0
 10982, 55462,20141120,  107,    0
 10982, 55462,20141121,   95,    0
 10982, 55462,20141122,  105,    0
 10982, 55462,20141123,  115,    0
 10982, 55462,20141124,  107,    0
 10982, 55462,20141125,  111,    0
 10982, 55462,20141126,   88,    0
 10982, 55462,20141127,   83,    0
 10982, 55462,20141128,   76,    0
 10982, 55462,20141129,   70,    0
 10982, 55462,20141130,   59,    0
 10982, 55462,20141201,   63,    0
 10982, 55462,20141202,   71,    0
 10982, 55462,20141203,   84,    0
 10982, 55462,20141204,   65,    0
 10982, 55462,20141205,   78,    0
 10982, 55462,20141206,   85,    0
 10982, 55462,20141207,   89,    0
 10982, 55462,20141208,   76,    0
 10982, 55462,20141209,   83,    0
 10982, 55462,20141210,   82,    0
 10982, 55462,20141211,   69,    0
 10982, 55462,20141212,   69,    0
 10982, 55462,20141213,   72,    0
 10982, 55462,20141214,   85,    0
 10982, 55462,20141215,-9999,    9
 10982, 55462,20141216,-9999,    9
 10982,906239,20141217,  120,    1
 10982,906239,20141218,  161,    0
 10982,906239,20141219,  136,    1
 10982, 55462,20141220,-9999,    9
 10982, 55462,20141221,-9999,    9
 10982, 55462,20141222,-9999,    9
 10982, 55462,20141223,-9999,    9
 10982, 55462,20141224,-9999,    9
 10982, 55462,20141225,-9999,    9
 10982, 55462,20141226,-9999,    9
 10982, 55462,20141227,-9999,    9
 10982, 55462,20141228,-9999,    9
 10982, 55462,20141229,-9999,    9
 10982, 55462,20141230,-9999,    9
 10982, 55462,20141231,-9999,    9
 10982, 55462,20150101,-9999,    9
 10982, 55462,20150102,-9999,    9
 10982, 55462,20150103,-9999,    9
 10982, 55462,20150104,-9999,    9
 10982, 55462,20150105,-9999,    9
 10982, 55462,20150106,   77,    0
 10982, 55462,20150107,   77,    0
 10982, 55462,20150108,   83,    0
 10982, 55462,20150109,   84,    0
 10982, 55462,20150110,   85,    0
 10982, 55462,20150111,   69,    0
 10982, 55462,20150112,   81,    0
 10982, 55462,20150113,   69,    0
 10982, 55462,20150114,   58,    0
 10982, 55462,20150115,   78,    0
 10982, 55462,20150116,   63,    0
 10982, 55462,20150117,   51,    0
 10982, 55462,20150118,   44,    0
 10982, 55462,20150119,   48,    0
 10982, 55462,20150120,   43,    0
 10982, 55462,20150121,   40,    0
 10982, 55462,20150122,   39,    0
 10982, 55462,20150123,   47,    0
 10982, 55462,20150124,   64,    0
 10982, 55462,20150125,   65,    0
 10982, 55462,20150126,   69,    0
 10982, 55462,20150127,   66,    0
 10982, 55462,20150128,   56,    0
 10982, 55462,20150129,   26,    0
 10982, 55462,20150130,   40,    0
 10982, 55462,20150131,   54,    0
 10982, 55462,20150201,   53,    0
 10982, 55462,20150202,   46,    0
 10982, 55462,20150203,   48,    0
 10982, 55462,20150204,   40,    0
 10982, 55462,20150205,   31,    0
 10982, 55462,20150206,   43,    0
 10982, 55462,20150207,   65,    0
 10982, 55462,20150208,   62,    0
 10982, 55462,20150209,   67,    0
 10982, 55462,20150210,   64,    0
 10982, 55462,20150211,   48,    0
 10982, 55462,20150212,   49,    0
 10982, 55462,20150213,   56,    0
 10982, 55462,20150214,   57,    0
 10982, 55462,20150215,   45,    0
 10982, 55462,20150216,   44,    0
 10982, 55462,20150217,   60,    0
 10982, 55462,20150218,   64,    0
 10982, 55462,20150219,   61,    0
 10982, 55462,20150220,   54,    0
 10982, 55462,20150221,   48,    0
 10982, 55462,20150222,   49,    0
 10982, 55462,20150223,   59,    0
 10982, 55462,20150224,   60,    0
 10982, 55462,20150225,   46,    0
 10982, 55462,20150226,   60,    0
 10982, 55462,20150227,   56,    0
 10982, 55462,20150228,   60,    0
 10982, 55462,20150301,   64,    0
 10982, 55462,20150302,   49,    0
 10982, 55462,20150303,   48,    0
 10982, 55462,20150304,   60,    0
 10982, 55462,20150305,   63,    0
 10982, 55462,20150306,   66,    0
 10982, 55462,20150307,   75,    0
 10982, 55462,20150308,   69,    0
 10982,906239,20150309,   63,    0
 10982, 55462,20150310,-9999,    9
 10982, 55462,20150311,   60,    0
 10982, 55462,20150312,   63,    0
 10982, 55462,20150313,   46,    0
 10982, 55462,20150314,   55,    0
 10982, 55462,20150315,   57,    0
 10982, 55462,20150316,   63,    0
 10982, 55462,20150317,   65,    0
 10982, 55462,20150318,   61,    0
 10982, 55462,20150319,   58,    0
 10982, 55462,20150320,   54,    0
 10982, 55462,20150321,   55,    0
 10982, 55462,20150322,   42,    0
 10982, 55462,20150323,   54,    0
 10982, 55462,20150324,   56,    0
 10982, 55462,20150325,   46,    0
 10982, 55462,20150326,   51,    0
 10982, 55462,20150327,   60,    0
 10982, 55462,20150328,   68,    0
 10982, 55462,20150329,   65,    0
 10982, 55462,20150330,   58,    0
 10982, 55462,20150331,   62,    0
 10982, 55462,20150401,   54,    0
 10982, 55462,20150402,   52,    0
 10982, 55462,20150403,   58,    0
 10982, 55462,20150404,   54,    0
 10982, 55462,20150405,   59,    0
 10982, 55462,20150406,   62,    0
 10982, 55462,20150407,   64,    0
 10982, 55462,20150408,   57,    0
 10982, 55462,20150409,   47,    0
 10982, 55462,20150410,   55,    0
 10982, 55462,20150411,   79,    0
 10982, 55462,20150412,   70,    0
 10982, 55462,20150413,   68,    0
 10982, 55462,20150414,   81,    0
 10982, 55462,20150415,   77,    0
 10982, 55462,20150416,   70,    0
 10982, 55462,20150417,   69,    0
 10982, 55462,20150418,   68,    0
 10982, 55462,20150419,   72,    0
 10982, 55462,20150420,   75,    0
 10982, 55462,20150421,   73,    0
 10982, 55462,20150422,   76,    0
 10982, 55462,20150423,   68,    0
 10982, 55462,20150424,   75,    0
 10982, 55462,20150425,   86,    0
 10982, 55462,20150426,   76,    0
 10982, 55462,20150427,   61,    0
 10982, 55462,20150428,   67,    0
 10982, 55462,20150429,   76,    0
 10982, 55462,20150430,   74,    0
 10982, 55462,20150501,   72,    0
 10982, 55462,20150502,   67,    0
 10982, 55462,20150503,   83,    0
 10982, 55462,20150504,   94,    0
 10982, 55462,20150505,  105,    0
 10982, 55462,20150506,   96,    0
 10982, 55462,20150507,   83,    0
 10982, 55462,20150508,   83,    0
 10982, 55462,20150509,   91,    0
 10982, 55462,20150510,   90,    0
 10982, 55462,20150511,  108,    0
 10982, 55462,20150512,  101,    0
 10982, 55462,20150513,   88,    0
 10982, 55462,20150514,   77,    0
 10982, 55462,20150515,   72,    0
 10982, 55462,20150516,   92,    0
 10982, 55462,20150517,   93,    0
 10982, 55462,20150518,   90,    0
 10982, 55462,20150519,   86,    0
 10982, 55462,20150520,   88,    0
 10982, 55462,20150521,   93,    0
 10982, 55462,20150522,  100,    0
 10982, 55462,20150523,   91,    0
 10982, 55462,20150524,   93,    0
 10982, 55462,20150525,   94,    0
 10982, 55462,20150526,   94,    0
 10982, 55462,20150527,  102,    0
 10982, 55462,20150528,  101,    0
 10982, 55462,20150529,   90,    0
 10982, 55462,20150530,   96,    0
 10982, 55462,20150531,  107,    0
 10982, 55462,20150601,  103,    0
 10982, 55462,20150602,  111,    0
 10982, 55462,20150603,  107,    0
 10982, 55462,20150604,  116,    0
 10982, 55462,20150605,  132,    0
 10982, 55462,20150606,  116,    0
 10982, 55462,20150607,  108,    0
 10982, 55462,20150608,   98,    0
 10982, 55462,20150609,   98,    0
 10982, 55462,20150610,  101,    0
 10982, 55462,20150611,  112,    0
 10982, 55462,20150612,  126,    0
 10982, 55462,20150613,  128,    0
 10982, 55462,20150614,  107,    0
 10982, 55462,20150615,  108,    0
 10982, 55462,20150616,  117,    0
 10982, 55462,20150617,  126,    0
 10982, 55462,20150618,  116,    0
 10982, 55462,20150619,  110,    0
 10982, 55462,20150620,  112,    0
 10982, 55462,20150621,  122,    0
 10982, 55462,20150622,  117,    0
 10982, 55462,20150623,  114,    0
 10982, 55462,20150624,  115,    0
 10982, 55462,20150625,  129,    0
 10982, 55462,20150626,  140,    0
 10982, 55462,20150627,  134,    0
 10982, 55462,20150628,  144,    0
 10982, 55462,20150629,  141,    0
 10982, 55462,20150630,  152,    0
 10982, 55462,20150701,  163,    0
 10982, 55462,20150702,  176,    0
 10982, 55462,20150703,  153,    0
 10982, 55462,20150704,  161,    0
 10982, 55462,20150705,  159,    0
 10982, 55462,20150706,  149,    0
 10982, 55462,20150707,  159,    0
 10982, 55462,20150708,  138,    0
 10982, 55462,20150709,  122,    0
 10982, 55462,20150710,  139,    0
 10982, 55462,20150711,  155,    0
 10982, 55462,20150712,  152,    0
 10982, 55462,20150713,  151,    0
 10982, 55462,20150714,  145,    0
 10982, 55462,20150715,  145,    0
 10982, 55462,20150716,  141,    0
 10982, 55462,20150717,  156,    0
 10982, 55462,20150718,  152,    0
 10982, 55462,20150719,  150,    0
 10982, 55462,20150720,  149,    0
 10982, 55462,20150721,  159,    0
 10982, 55462,20150722,  152,    0
 10982, 55462,20150723,  149,    0
 10982, 55462,20150724,  152,    0
 10982, 55462,20150725,  128,    0
 10982, 55462,20150726,  135,    0
 10982, 55462,20150727,  148,    0
 10982, 55462,20150728,  143,    0
 10982, 55462,20150729,  135,    0
 10982, 55462,20150730,  129,    0
 10982, 55462,20150731,-9999,    9
 10982, 55462,20150801,-9999,    9
 10982, 55462,20150802,-9999,    9
 10982, 55462,20150803,  166,    0
 10982, 55462,20150804,  161,    0
 10982, 55462,20150805,  162,    0
 10982, 55462,20150806,  171,    0
 10982, 55462,20150807,  157,    0
 10982, 55462,20150808,  154,    0
 10982, 55462,20150809,  165,    0
 10982, 55462,20150810,  174,    0
 10982, 55462,20150811,  163,    0
 10982, 55462,20150812,  157,    0
 10982, 55462,20150813,  164,    0
 10982, 55462,20150814,  177,    0
 10982, 55462,20150815,  168,    0
 10982, 55462,20150816,  155,    0
 10982, 55462,20150817,  163,    0
 10982, 55462,20150818,  170,    0
 10982, 55462,20150819,  171,    0
 10982, 55462,20150820,  178,    0
 10982, 55462,20150821,  182,    0
 10982, 55462,20150822,  189,    0
 10982, 55462,20150823,  184,    0
 10982, 55462,20150824,  174,    0
 10982, 55462,20150825,  164,    0
 10982, 55462,20150826,  175,    0
 10982, 55462,20150827,  163,    0
 10982, 55462,20150828,  163,    0
 10982, 55462,20150829,  167,    0
 10982, 55462,20150830,  170,    0
 10982, 55462,20150831,  156,    0
 10982, 55462,20150901,  149,    0
 10982, 55462,20150902,  141,    0
 10982, 55462,20150903,  142,    0
 10982, 55462,20150904,  151,    0
 10982, 55462,20150905,  133,    0
 10982, 55462,20150906,  132,    0
 10982, 55462,20150907,  138,    0
 10982, 55462,20150908,  142,    0
 10982, 55462,20150909,  153,    0
 10982, 55462,20150910,  156,    0
 10982, 55462,20150911,  156,    0
 10982, 55462,20150912,  159,    0
 10982, 55462,20150913,  159,    0
 10982, 55462,20150914,  158,    0
 10982, 55462,20150915,  138,    0
 10982, 55462,20150916,  151,    0
 10982, 55462,20150917,  147,    0
 10982, 55462,20150918,  147,    0
 10982, 55462,20150919,  140,    0
 10982, 55462,20150920,  139,    0
 10982, 55462,20150921,  145,    0
 10982, 55462,20150922,  137,    0
 10982, 55462,20150923,  140,    0
 10982, 55462,20150924,  145,    0
 10982, 55462,20150925,-9999,    9
 10982, 55462,20150926,-9999,    9
 10982, 55462,20150927,-9999,    9
 10982, 55462,20150928,  139,    0
 10982, 55462,20150929,  146,    0
 10982, 55462,20150930,  147,    0
 10982, 55462,20151001,  133,    0
 10982, 55462,20151002,  137,    0
 10982, 55462,20151003,  145,    0
 10982, 55462,20151004,  146,    0
 10982, 55462,20151005,  151,    0
 10982, 55462,20151006,  149,    0
 10982, 55462,20151007,  156,    0
 10982, 55462,20151008,  132,    0
 10982, 55462,20151009,  130,    0
 10982, 55462,20151010,  127,    0
 10982, 55462,20151011,  112,    0
 10982, 55462,20151012,  105,    0
 10982, 55462,20151013,  102,    0
 10982, 55462,20151014,  115,    0
 10982, 55462,20151015,  119,    0
 10982, 55462,20151016,  120,    0
 10982, 55462,20151017,  119,    0
 10982, 55462,20151018,  125,    0
 10982, 55462,20151019,  122,    0
 10982, 55462,20151020,  119,    0
 10982, 55462,20151021,  129,    0
 10982, 55462,20151022,  136,    0
 10982, 55462,20151023,  125,    0
 10982, 55462,20151024,  129,    0
 10982, 55462,20151025,  116,    0
 10982, 55462,20151026,  126,    0
 10982, 55462,20151027,  119,    0
 10982, 55462,20151028,  117,    0
 10982, 55462,20151029,  133,    0
 10982, 55462,20151030,  134,    0
 10982, 55462,20151031,  125,    0
 10982, 55462,20151101,  125,    0
 10982, 55462,20151102,  115,    0
 10982, 55462,20151103,  117,    0
 10982, 55462,20151104,  138,    0
 10982, 55462,20151105,  135,    0
 10982, 55462,20151106,  138,    0
 10982, 55462,20151107,  136,    0
 10982, 55462,20151108,  131,    0
 10982, 55462,20151109,  127,    0
 10982, 55462,20151110,  147,    0
 10982, 55462,20151111,  137,    0
 10982, 55462,20151112,  130,    0
 10982, 55462,20151113,  111,    0
 10982, 55462,20151114,   99,    0
 10982, 55462,20151115,  118,    0
 10982, 55462,20151116,  121,    0
 10982, 55462,20151117,  116,    0
 10982, 55462,20151118,  114,    0
 10982, 55462,20151119,  109,    0
 10982, 55462,20151120,   84,    0
 10982, 55462,20151121,   69,    0
 10982, 55462,20151122,   66,    0
 10982, 55462,20151123,   79,    0
 10982, 55462,20151124,   90,    0
 10982, 55462,20151125,   82,    0
 10982, 55462,20151126,   93,    0
 10982, 55462,20151127,  108,    0
 10982, 55462,20151128,   82,    0
 10982, 55462,20151129,   92,    0
 10982, 55462,20151130,   75,    0
 10982, 55462,20151201,   92,    0
 10982, 55462,20151202,  114,    0
 10982, 55462,20151203,  109,    0
 10982, 55462,20151204,  102,    0
 10982, 55462,20151205,  112,    0
 10982, 55462,20151206,  108,    0
 10982, 55462,20151207,  102,    0
 10982, 55462,20151208,  109,    0
 10982, 55462,20151209,   96,    0
 10982, 55462,20151210,   98,    0
 10982, 55462,20151211,   81,    0
 10982, 55462,20151212,   72,    0
 10982, 55462,20151213,   78,    0
 10982, 55462,20151214,   89,    0
 10982, 55462,20151215,   92,    0
 10982, 55462,20151216,   99,    0
 10982, 55462,20151217,  114,    0
 10982, 55462,20151218,  107,    0
 10982, 55462,20151219,  116,    0
 10982, 55462,20151220,  113,    0
 10982, 55462,20151221,   96,    0
 10982, 55462,20151222,  108,    0
 10982, 55462,20151223,   96,    0
 10982, 55462,20151224,   98,    0
 10982, 55462,20151225,   86,    0
 10982, 55462,20151226,  111,    0
 10982, 55462,20151227,   92,    0
 10982, 55462,20151228,   89,    0
 10982, 55462,20151229,   99,    0
 10982, 55462,20151230,   95,    0
 10982, 55462,20151231,   91,    0
 10982, 55462,20160101,   76,    0
 10982, 55462,20160102,   62,    0
 10982, 55462,20160103,   35,    0
 10982, 55462,20160104,   30,    0
 10982, 55462,20160105,   27,    0
 10982, 55462,20160106,   21,    0
 10982, 55462,20160107,   40,    0
 10982, 55462,20160108,   57,    0
 10982, 55462,20160109,   81,    0
 10982, 55462,20160110,   79,    0
 10982, 55462,20160111,   70,    0
 10982, 55462,20160112,   66,    0
 10982, 55462,20160113,   59,    0
 10982, 55462,20160114,   54,    0
 10982, 55462,20160115,   44,    0
 10982, 55462,20160116,   37,    0
 10982, 55462,20160117,   32,    0
 10982, 55462,20160118,   40,    0
 10982, 55462,20160119,   47,    0
 10982, 55462,20160120,   43,    0
 10982, 55462,20160121,   53,    0
 10982, 55462,20160122,   60,    0
 10982, 55462,20160123,   80,    0
 10982, 55462,20160124,   83,    0
 10982, 55462,20160125,   93,    0
 10982, 55462,20160126,   85,    0
 10982, 55462,20160127,   92,    0
 10982, 55462,20160128,   72,    0
 10982, 55462,20160129,   90,    0
 10982, 55462,20160130,   66,    0
 10982, 55462,20160131,   62,    0
 10982, 55462,20160201,   86,    0
 10982, 55462,20160202,   73,    0
 10982, 55462,20160203,   54,    0
 10982, 55462,20160204,   56,    0
 10982, 55462,20160205,   77,    0
 10982, 55462,20160206,   85,    0
 10982, 55462,20160207,   77,    0
 10982, 55462,20160208,   73,    0
 10982, 55462,20160209,   60,    0
 10982, 55462,20160210,   60,    0
 10982, 55462,20160211,   58,    0
 10982, 55462,20160212,   48,    0
 10982, 55462,20160213,   41,    0
 10982, 55462,20160214,   33,    0
 10982, 55462,20160215,   45,    0
 10982, 55462,20160216,   52,    0
 10982, 55462,20160217,   30,    0
 10982, 55462,20160218,   48,    0
 10982, 55462,20160219,   61,    0
 10982, 55462,20160220,   71,    0
 10982, 55462,20160221,   68,    0
 10982, 55462,20160222,   62,    0
 10982, 55462,20160223,   52,    0
 10982, 55462,20160224,   35,    0
 10982, 55462,20160225,   38,    0
 10982, 55462,20160226,   43,    0
 10982, 55462,20160227,   48,    0
 10982, 55462,20160228,   51,    0
 10982, 55462,20160229,   47,    0
 10982, 55462,20160301,   54,    0
 10982, 55462,20160302,   50,    0
 10982, 55462,20160303,   52,    0
 10982, 55462,20160304,   47,    0
 10982, 55462,20160305,   45,    0
 10982, 55462,20160306,   40,    0
 10982, 55462,20160307,   42,    0
 10982, 55462,20160308,   53,    0
 10982, 55462,20160309,   56,    0
 10982, 55462,20160310,   55,    0
 10982, 55462,20160311,   49,    0
 10982, 55462,20160312,   46,    0
 10982, 55462,20160313,   50,    0
 10982, 55462,20160314,   56,    0
 10982, 55462,20160315,   64,    0
 10982, 55462,20160316,   55,    0
 10982, 55462,20160317,   45,    0
 10982, 55462,20160318,   60,    0
 10982, 55462,20160319,   60,    0
 10982, 55462,20160320,   67,    0
 10982, 55462,20160321,   68,    0
 10982, 55462,20160322,   67,    0
 10982, 55462,20160323,   64,    0
 10982, 55462,20160324,   65,    0
 10982, 55462,20160325,   67,    0
 10982, 55462,20160326,   81,    0
 10982, 55462,20160327,   75,    0
 10982, 55462,20160328,   73,    0
 10982, 55462,20160329,   67,    0
 10982, 55462,20160330,   58,    0
 10982, 55462,20160331,   61,    0
 10982, 55462,20160401,   61,    0
 10982, 55462,20160402,   79,    0
 10982, 55462,20160403,   80,    0
 10982, 55462,20160404,   79,    0
 10982, 55462,20160405,   80,    0
 10982, 55462,20160406,   70,    0
 10982, 55462,20160407,   67,    0
 10982, 55462,20160408,   67,    0
 10982, 55462,20160409,   78,    0
 10982, 55462,20160410,   79,    0
 10982, 55462,20160411,   79,    0
 10982, 55462,20160412,   79,    0
 10982, 55462,20160413,   86,    0
 10982, 55462,20160414,   80,    0
 10982, 55462,20160415,   70,    0
 10982, 55462,20160416,   53,    0
 10982, 55462,20160417,   67,    0
 10982, 55462,20160418,   80,    0
 10982, 55462,20160419,   74,    0
 10982, 55462,20160420,   69,    0
 10982, 55462,20160421,   74,    0
 10982, 55462,20160422,   65,    0
 10982, 55462,20160423,   48,    0
 10982, 55462,20160424,   51,    0
 10982, 55462,20160425,   44,    0
 10982, 55462,20160426,   49,    0
 10982, 55462,20160427,   58,    0
 10982, 55462,20160428,   57,    0
 10982, 55462,20160429,   60,    0
 10982, 55462,20160430,   68,    0
 10982, 55462,20160501,   77,    0
 10982, 55462,20160502,   86,    0
 10982, 55462,20160503,   81,    0
 10982, 55462,20160504,   90,    0
 10982, 55462,20160505,  100,    0
 10982, 55462,20160506,  105,    0
 10982, 55462,20160507,  125,    0
 10982, 55462,20160508,  127,    0
 10982, 55462,20160509,  130,    0
 10982, 55462,20160510,  126,    0
 10982, 55462,20160511,  127,    0
 10982, 55462,20160512,  118,    0
 10982, 55462,20160513,   88,    0
 10982, 55462,20160514,   74,    0
 10982, 55462,20160515,   75,    0
 10982, 55462,20160516,   85,    0
 10982, 55462,20160517,   96,    0
 10982, 55462,20160518,  107,    0
 10982, 55462,20160519,  112,    0
 10982, 55462,20160520,  112,    0
 10982, 55462,20160521,  119,    0
 10982, 55462,20160522,  112,    0
 10982, 55462,20160523,   98,    0
 10982, 55462,20160524,   93,    0
 10982, 55462,20160525,  103,    0
 10982, 55462,20160526,  104,    0
 10982, 55462,20160527,  112,    0
 10982, 55462,20160528,  120,    0
 10982, 55462,20160529,  125,    0
 10982, 55462,20160530,  117,    0
 10982, 55462,20160531,  129,    0
 10982, 55462,20160601,  124,    0
 10982, 55462,20160602,  107,    0
 10982, 55462,20160603,  145,    0
 10982, 55462,20160604,  144,    0
 10982, 55462,20160605,  104,    0
 10982, 55462,20160606,  100,    0
 10982, 55462,20160607,  102,    0
 10982, 55462,20160608,  111,    0
 10982, 55462,20160609,  108,    0
 10982, 55462,20160610,  111,    0
 10982, 55462,20160611,  122,    0
 10982, 55462,20160612,  126,    0
 10982, 55462,20160613,  131,    0
 10982, 55462,20160614,  132,    0
 10982, 55462,20160615,  141,    0
 10982, 55462,20160616,-9999,    9
 10982, 55462,20160617,  140,    0
 10982, 55462,20160618,  128,    0
 10982, 55462,20160619,  126,    0
 10982, 55462,20160620,  138,    0
 10982, 55462,20160621,  138,    0
 10982, 55462,20160622,  146,    0
 10982, 55462,20160623,  160,    0
 10982, 55462,20160624,  154,    0
 10982, 55462,20160625,  151,    0
 10982, 55462,20160626,  143,    0
 10982, 55462,20160627,  145,    0
 10982, 55462,20160628,  147,    0
 10982, 55462,20160629,  143,    0
 10982, 55462,20160630,  142,    0
 10982, 55462,20160701,  145,    0
 10982, 55462,20160702,  138,    0
 10982, 55462,20160703,  140,    0
 10982, 55462,20160704,  146,    0
 10982, 55462,20160705,  142,    0
 10982, 55462,20160706,  137,    0
 10982, 55462,20160707,  150,    0
 10982, 55462,20160708,  152,    0
 10982, 55462,20160709,-9999,    9
 10982, 55462,20160710,-9999,    9
 10982, 55462,20160711,  156,    0
 10982, 55462,20160712,  144,    0
 10982, 55462,20160713,  144,    0
 10982, 55462,20160714,  142,    0
 10982, 55462,20160715,  145,    0
 10982, 55462,20160716,  156,    0
 10982, 55462,20160717,  153,    0
 10982, 55462,20160718,  161,    0
 10982, 55462,20160719,  178,    0
 10982, 55462,20160720,  185,    0
 10982, 55462,20160721,  168,    0
 10982, 55462,20160722,  161,    0
 10982, 55462,20160723,  169,    0
 10982, 55462,20160724,  175,    0
 10982, 55462,20160725,  175,    0
 10982, 55462,20160726,  170,    0
 10982, 55462,20160727,  168,    0
 10982, 55462,20160728,  167,    0
 10982, 55462,20160729,  168,    0
 10982, 55462,20160730,  161,    0
 10982, 55462,20160731,  160,    0
 10982, 55462,20160801,  156,    0
 10982, 55462,20160802,  169,    0
 10982, 55462,20160803,  179,    0
 10982, 55462,20160804,  172,    0
 10982, 55462,20160805,  165,    0
 10982, 55462,20160806,  162,    0
 10982, 55462,20160807,  179,    0
 10982, 55462,20160808,  154,    0
 10982, 55462,20160809,  129,    0
 10982, 55462,20160810,  130,    0
 10982, 55462,20160811,  146,    0
 10982, 55462,20160812,  167,    0
 10982, 55462,20160813,-9999,    9
 10982, 55462,20160814,-9999,    9
 10982, 55462,20160815,  150,    0
 10982, 55462,20160816,  152,    0
 10982, 55462,20160817,  158,    0
 10982, 55462,20160818,  153,    0
 10982, 55462,20160819,  169,    0
 10982, 55462,20160820,  175,    0
 10982, 55462,20160821,  171,    0
 10982, 55462,20160822,  172,    0
 10982, 55462,20160823,  181,    0
 10982, 55462,20160824,  203,    0
 10982, 55462,20160825,  182,    0
 10982, 55462,20160826,  176,    0
 10982, 55462,20160827,-9999,    9
 10982, 55462,20160828,-9999,    9
 10982, 55462,20160829,  161,    0
 10982, 55462,20160830,  176,    0
 10982, 55462,20160831,  181,    0
 10982, 55462,20160901,  167,    0
 10982, 55462,20160902,  171,    0
 10982, 55462,20160903,  161,    0
 10982, 55462,20160904,  172,    0
 10982, 55462,20160905,  177,    0
 10982, 55462,20160906,  179,    0
 10982, 55462,20160907,  191,    0
 10982, 55462,20160908,  188,    0
 10982, 55462,20160909,  182,    0
 10982, 55462,20160910,  187,    0
 10982, 55462,20160911,  169,    0
 10982, 55462,20160912,  191,    0
 10982, 55462,20160913,  199,    0
 10982, 55462,20160914,  201,    0
 10982, 55462,20160915,  197,    0
 10982, 55462,20160916,  187,    0
 10982, 55462,20160917,  182,    0
 10982, 55462,20160918,  172,    0
 10982, 55462,20160919,  172,    0
 10982, 55462,20160920,  172,    0
 10982, 55462,20160921,  177,    0
 10982, 55462,20160922,  178,    0
 10982, 55462,20160923,  161,    0
 10982, 55462,20160924,  177,    0
 10982, 55462,20160925,  179,    0
 10982, 55462,20160926,  161,    0
 10982, 55462,20160927,  175,    0
 10982, 55462,20160928,  171,    0
 10982, 55462,20160929,  164,    0
 10982, 55462,20160930,  146,    0
 10982, 55462,20161001,  141,    0
 10982, 55462,20161002,  140,    0
 10982, 55462,20161003,  155,    0
 10982, 55462,20161004,  149,    0
 10982, 55462,20161005,  131,    0
 10982, 55462,20161006,  124,    0
 10982, 55462,20161007,  130,    0
 10982, 55462,20161008,  123,    0
 10982, 55462,20161009,  114,    0
 10982, 55462,20161010,  121,    0
 10982, 55462,20161011,  122,    0
 10982, 55462,20161012,  116,    0
 10982, 55462,20161013,  121,    0
 10982, 55462,20161014,  116,    0
 10982, 55462,20161015,  131,    0
 10982, 55462,20161016,  149,    0
 10982, 55462,20161017,  145,    0
 10982, 55462,20161018,  116,    0
 10982, 55462,20161019,  118,    0
 10982, 55462,20161020,  123,    0
 10982, 55462,20161021,  115,    0
 10982, 55462,20161022,  103,    0
 10982, 55462,20161023,   99,    0
 10982, 55462,20161024,  112,    0
 10982, 55462,20161025,  115,    0
 10982, 55462,20161026,  132,    0
 10982, 55462,20161027,  137,    0
 10982, 55462,20161028,  127,    0
 10982, 55462,20161029,  121,    0
 10982,906239,20161030,  126,    0
 10982, 55462,20161031,  132,    0
 10982, 55462,20161101,  109,    0
 10982, 55462,20161102,   98,    0
 10982, 55462,20161103,  103,    0
 10982, 55462,20161104,  104,    0
 10982, 55462,20161105,   95,    0
 10982, 55462,20161106,   81,    0
 10982, 55462,20161107,   57,    0
 10982, 55462,20161108,   42,    0
 10982, 55462,20161109,   60,    0
 10982, 55462,20161110,   73,    0
 10982, 55462,20161111,   75,    0
 10982, 55462,20161112,   75,    0
 10982, 55462,20161113,   92,    0
 10982, 55462,20161114,  109,    0
 10982, 55462,20161115,  119,    0
 10982, 55462,20161116,  108,    0
 10982, 55462,20161117,   93,    0
 10982, 55462,20161118,   71,    0
 10982, 55462,20161119,   79,    0
 10982, 55462,20161120,   84,    0
 10982, 55462,20161121,  109,    0
 10982, 55462,20161122,  118,    0
 10982, 55462,20161123,   97,    0
 10982, 55462,20161124,   88,    0
 10982, 55462,20161125,   90,    0
 10982, 55462,20161126,   92,    0
 10982, 55462,20161127,   90,    0
 10982, 55462,20161128,   72,    0
 10982, 55462,20161129,   78,    0
 10982, 55462,20161130,   94,    0
 10982, 55462,20161201,  102,    0
 10982, 55462,20161202,   84,    0
 10982, 55462,20161203,   76,    0
 10982, 55462,20161204,   71,    0
 10982, 55462,20161205,   73,    0
 10982, 55462,20161206,   76,    0
 10982, 55462,20161207,  109,    0
 10982, 55462,20161208,  106,    0
 10982, 55462,20161209,  106,    0
 10982, 55462,20161210,  102,    0
 10982, 55462,20161211,   95,    0
 10982, 55462,20161212,   96,    0
 10982, 55462,20161213,   93,    0
 10982, 55462,20161214,   98,    0
 10982, 55462,20161215,   87,    0
 10982, 55462,20161216,   83,    0
 10982, 55462,20161217,   88,    0
 10982, 55462,20161218,   89,    0
 10982, 55462,20161219,   84,    0
 10982, 55462,20161220,   59,    0
 10982, 55462,20161221,   89,    0
 10982, 55462,20161222,   88,    0
 10982, 55462,20161223,   93,    0
 10982, 55462,20161224,   86,    0
 10982, 55462,20161225,  104,    0
 10982, 55462,20161226,   81,    0
 10982, 55462,20161227,   85,    0
 10982, 55462,20161228,   74,    0
 10982, 55462,20161229,   84,    0
 10982, 55462,20161230,   84,    0
 10982, 55462,20161231,   91,    0
 10982, 55462,20170101,   72,    0
 10982, 55462,20170102,   62,    0
 10982, 55462,20170103,   78,    0
 10982, 55462,20170104,   62,    0
 10982, 55462,20170105,   31,    0
 10982, 55462,20170106,   45,    0
 10982, 55462,20170107,   77,    0
 10982, 55462,20170108,   77,    0
 10982, 55462,20170109,   79,    0
 10982, 55462,20170110,   76,    0
 10982, 55462,20170111,   78,    0
 10982, 55462,20170112,   55,    0
 10982, 55462,20170113,   52,    0
 10982, 55462,20170114,   36,    0
 10982, 55462,20170115,   46,    0
 10982, 55462,20170116,   45,    0
 10982, 55462,20170117,   49,    0
 10982, 55462,20170118,   62,    0
 10982, 55462,20170119,   68,    0
 10982, 55462,20170120,   65,    0
 10982, 55462,20170121,   63,    0
 10982, 55462,20170122,   50,    0
 10982, 55462,20170123,   59,    0
 10982, 55462,20170124,   66,    0
 10982, 55462,20170125,   45,    0
 10982, 55462,20170126,   26,    0
 10982, 55462,20170127,   42,    0
 10982, 55462,20170128,   72,    0
 10982, 55462,20170129,   60,    0
 10982, 55462,20170130,   54,    0
 10982, 55462,20170131,   52,    0
 10982, 55462,20170201,   42,    0
 10982, 55462,20170202,   73,    0
 10982, 55462,20170203,   76,    0
 10982, 55462,20170204,   66,    0
 10982, 55462,20170205,   56,    0
 10982, 55462,20170206,   46,    0
 10982, 55462,20170207,   33,    0
 10982, 55462,20170208,   13,    0
 10982, 55462,20170209,   12,    0
 10982, 55462,20170210,   13,    0
 10982, 55462,20170211,   25,    0
 10982, 55462,20170212,   26,    0
 10982, 55462,20170213,   40,    0
 10982, 55462,20170214,   48,    0
 10982, 55462,20170215,   66,    0
 10982, 55462,20170216,   69,    0
 10982, 55462,20170217,   62,    0
 10982, 55462,20170218,   52,    0
 10982, 55462,20170219,   68,    0
 10982, 55462,20170220,   79,    0
 10982, 55462,20170221,   69,    0
 10982, 55462,20170222,   73,    0
 10982, 55462,20170223,   53,    0
 10982, 55462,20170224,   48,    0
 10982, 55462,20170225,   65,    0
 10982, 55462,20170226,   73,    0
 10982, 55462,20170227,   67,    0
 10982, 55462,20170228,   53,    0
 10982, 55462,20170301,   60,    0
 10982, 55462,20170302,   63,    0
 10982, 55462,20170303,   63,    0
 10982, 55462,20170304,   67,    0
 10982, 55462,20170305,   66,    0
 10982, 55462,20170306,   52,    0
 10982, 55462,20170307,   40,    0
 10982, 55462,20170308,   63,    0
 10982, 55462,20170309,   70,    0
 10982, 55462,20170310,   66,    0
 10982, 55462,20170311,   66,    0
 10982, 55462,20170312,   64,    0
 10982, 55462,20170313,   66,    0
 10982, 55462,20170314,   78,    0
 10982, 55462,20170315,   69,    0
 10982, 55462,20170316,   74,    0
 10982, 55462,20170317,   65,    0
 10982, 55462,20170318,   61,    0
 10982, 55462,20170319,   75,    0
 10982, 55462,20170320,   74,    0
 10982, 55462,20170321,   64,    0
 10982, 55462,20170322,   68,    0
 10982, 55462,20170323,   60,    0
 10982, 55462,20170324,   57,    0
 10982, 55462,20170325,   65,    0
 10982, 55462,20170326,   62,    0
 10982, 55462,20170327,   48,    0
 10982, 55462,20170328,   37,    0
 10982, 55462,20170329,   72,    0
 10982, 55462,20170330,   91,    0
 10982, 55462,20170331,   93,    0
 10982, 55462,20170401,   82,    0
 10982, 55462,20170402,   72,    0
 10982, 55462,20170403,   63,    0
 10982, 55462,20170404,   76,    0
 10982, 55462,20170405,   76,    0
 10982, 55462,20170406,   73,    0
 10982, 55462,20170407,   77,    0
 10982, 55462,20170408,   79,    0
 10982, 55462,20170409,   89,    0
 10982, 55462,20170410,   76,    0
 10982, 55462,20170411,   77,    0
 10982, 55462,20170412,   79,    0
 10982, 55462,20170413,   74,    0
 10982, 55462,20170414,   79,    0
 10982, 55462,20170415,   73,    0
 10982, 55462,20170416,   70,    0
 10982, 55462,20170417,   59,    0
 10982, 55462,20170418,   57,    0
 10982, 55462,20170419,   58,    0
 10982, 55462,20170420,   75,    0
 10982, 55462,20170421,   83,    0
 10982, 55462,20170422,   63,    0
 10982, 55462,20170423,   65,    0
 10982, 55462,20170424,   64,    0
 10982, 55462,20170425,   54,    0
 10982, 55462,20170426,   64,    0
 10982, 55462,20170427,   66,    0
 10982, 55462,20170428,   65,    0
 10982, 55462,20170429,   68,    0
 10982, 55462,20170430,   84,    0
 10982, 55462,20170501,   88,    0
 10982, 55462,20170502,   87,    0
 10982, 55462,20170503,   92,    0
 10982, 55462,20170504,   89,    0
 10982, 55462,20170505,   87,    0
 10982, 55462,20170506,   86,    0
 10982, 55462,20170507,   78,    0
 10982, 55462,20170508,   80,    0
 10982, 55462,20170509,   73,    0
 10982, 55462,20170510,   79,    0
 10982, 55462,20170511,   88,    0
 10982, 55462,20170512,   98,    0
 10982, 55462,20170513,  108,    0
 10982, 55462,20170514,  106,    0
 10982, 55462,20170515,  111,    0
 10982, 55462,20170516,  119,    0
 10982, 55462,20170517,  123,    0
 10982, 55462,20170518,  103,    0
 10982, 55462,20170519,  102,    0
 10982, 55462,20170520,  106,    0
 10982, 55462,20170521,  107,    0
 10982, 55462,20170522,  113,    0
 10982, 55462,20170523,  116,    0
 10982, 55462,20170524,  116,    0
 10982, 55462,20170525,  121,    0
 10982, 55462,20170526,  104,    0
 10982, 55462,20170527,  141,    0
 10982, 55462,20170528,  130,    0
 10982, 55462,20170529,  114,    0
 10982, 55462,20170530,  126,    0
 10982, 55462,20170531,  120,    0
 10982, 55462,20170601,  126,    0
 10982, 55462,20170602,  144,    0
 10982, 55462,20170603,  144,    0
 10982, 55462,20170604,  134,    0
 10982, 55462,20170605,  141,    0
 10982, 55462,20170606,  138,    0
 10982, 55462,20170607,  121,    0
 10982, 55462,20170608,  126,    0
 10982, 55462,20170609,  129,    0
 10982, 55462,20170610,  135,    0
 10982, 55462,20170611,  138,    0
 10982, 55462,20170612,  134,    0
 10982, 55462,20170613,  128,    0
 10982, 55462,20170614,  138,    0
 10982, 55462,20170615,  146,    0
 10982, 55462,20170616,  134,    0
 10982, 55462,20170617,  145,    0
 10982, 55462,20170618,  159,    0
 10982, 55462,20170619,  166,    0
 10982, 55462,20170620,  140,    0
 10982, 55462,20170621,  140,    0
 10982, 55462,20170622,  156,    0
 10982, 55462,20170623,  150,    0
 10982, 55462,20170624,  147,    0
 10982, 55462,20170625,  142,    0
 10982, 55462,20170626,  133,    0
 10982, 55462,20170627,  130,    0
 10982, 55462,20170628,  140,    0
 10982, 55462,20170629,  152,    0
 10982, 55462,20170630,  144,    0
 10982, 55462,20170701,  143,    0
 10982, 55462,20170702,  146,    0
 10982, 55462,20170703,  146,    0
 10982, 55462,20170704,  132,    0
 10982, 55462,20170705,  133,    0
 10982, 55462,20170706,  151,    0
 10982, 55462,20170707,  157,    0
 10982, 55462,20170708,  148,    0
 10982, 55462,20170709,  158,    0
 10982, 55462,20170710,  165,    0
 10982, 55462,20170711,  151,    0
 10982, 55462,20170712,  141,    0
 10982, 55462,20170713,  147,    0
 10982, 55462,20170714,  150,    0
 10982, 55462,20170715,  155,    0
 10982, 55462,20170716,  160,    0
 10982, 55462,20170717,  155,    0
 10982, 55462,20170718,  156,    0
 10982, 55462,20170719,  172,    0
 10982, 55462,20170720,  171,    0
 10982, 55462,20170721,  164,    0
 10982, 55462,20170722,  170,    0
 10982, 55462,20170723,  163,    0
 10982, 55462,20170724,  164,    0
 10982, 55462,20170725,  165,    0
 10982, 55462,20170726,  166,    0
 10982, 55462,20170727,  161,    0
 10982, 55462,20170728,  163,    0
 10982, 55462,20170729,  166,    0
 10982, 55462,20170730,  168,    0
 10982, 55462,20170731,  169,    0
 10982, 55462,20170801,  172,    0
 10982, 55462,20170802,  173,    0
 10982, 55462,20170803,  176,    0
 10982, 55462,20170804,  167,    0
 10982, 55462,20170805,  154,    0
 10982, 55462,20170806,  159,    0
 10982, 55462,20170807,  165,    0
 10982, 55462,20170808,  165,    0
 10982, 55462,20170809,  160,    0
 10982, 55462,20170810,  156,    0
 10982, 55462,20170811,  160,    0
 10982, 55462,20170812,  161,    0
 10982, 55462,20170813,  156,    0
 10982, 55462,20170814,  174,    0
 10982, 55462,20170815,  176,    0
 10982, 55462,20170816,  174,    0
 10982, 55462,20170817,  175,    0
 10982, 55462,20170818,  171,    0
 10982, 55462,20170819,  158,    0
 10982, 55462,20170820,  156,    0
 10982, 55462,20170821,  154,    0
 10982, 55462,20170822,  157,    0
 10982, 55462,20170823,  167,    0
 10982, 55462,20170824,  167,    0
 10982, 55462,20170825,  170,    0
 10982, 55462,20170826,  172,    0
 10982, 55462,20170827,  165,    0
 10982, 55462,20170828,  175,    0
 10982, 55462,20170829,  169,    0
 10982, 55462,20170830,  149,    0
 10982, 55462,20170831,  149,    0
 10982, 55462,20170901,  154,    0
 10982, 55462,20170902,  149,    0
 10982, 55462,20170903,  154,    0
 10982, 55462,20170904,  175,    0
 10982, 55462,20170905,  174,    0
 10982, 55462,20170906,  154,    0
 10982, 55462,20170907,  158,    0
 10982, 55462,20170908,  152,    0
 10982, 55462,20170909,  151,    0
 10982, 55462,20170910,  156,    0
 10982, 55462,20170911,  150,    0
 10982, 55462,20170912,  148,    0
 10982, 55462,20170913,  141,    0
 10982, 55462,20170914,  135,    0
 10982, 55462,20170915,  139,    0
 10982, 55462,20170916,  143,    0
 10982, 55462,20170917,  145,    0
 10982, 55462,20170918,  144,    0
 10982, 55462,20170919,  140,    0
 10982, 55462,20170920,  150,    0
 10982, 55462,20170921,  164,    0
 10982, 55462,20170922,  148,    0
 10982, 55462,20170923,  150,    0
 10982, 55462,20170924,  156,    0
 10982, 55462,20170925,  162,    0
 10982, 55462,20170926,  161,    0
 10982, 55462,20170927,  158,    0
 10982, 55462,20170928,  160,    0
 10982, 55462,20170929,  161,    0
 10982, 55462,20170930,  150,    0
 10982, 55462,20171001,  156,    0
 10982, 55462,20171002,  152,    0
 10982, 55462,20171003,  138,    0
 10982, 55462,20171004,  135,    0
 10982, 55462,20171005,  123,    0
 10982, 55462,20171006,  124,    0
 10982, 55462,20171007,  130,    0
 10982, 55462,20171008,  122,    0
 10982, 55462,20171009,  130,    0
 10982, 55462,20171010,  144,    0
 10982, 55462,20171011,  150,    0
 10982, 55462,20171012,  133,    0
 10982, 55462,20171013,  154,    0
 10982, 55462,20171014,  157,    0
 10982, 55462,20171015,  157,    0
 10982, 55462,20171016,  159,    0
 10982, 55462,20171017,  141,    0
 10982, 55462,20171018,  127,    0
 10982, 55462,20171019,  148,    0
 10982, 55462,20171020,  146,    0
 10982, 55462,20171021,  142,    0
 10982, 55462,20171022,  128,    0
 10982, 55462,20171023,  136,    0
 10982, 55462,20171024,  146,    0
 10982, 55462,20171025,  137,    0
 10982, 55462,20171026,  130,    0
 10982, 55462,20171027,  118,    0
 10982, 55462,20171028,  127,    0
 10982, 55462,20171029,  102,    0
 10982, 55462,20171030,   95,    0
 10982, 55462,20171031,  120,    0
 10982, 55462,20171101,  130,    0
 10982, 55462,20171102,  114,    0
 10982, 55462,20171103,  112,    0
 10982, 55462,20171104,  122,    0
 10982, 55462,20171105,   96,    0
 10982, 55462,20171106,   93,    0
 10982, 55462,20171107,  101,    0
 10982, 55462,20171108,   96,    0
 10982, 55462,20171109,  111,    0
 10982, 55462,20171110,   90,    0
 10982, 55462,20171111,   81,    0
 10982, 55462,20171112,   85,    0
 10982, 55462,20171113,   85,    0
 10982, 55462,20171114,  104,    0
 10982, 55462,20171115,  107,    0
 10982, 55462,20171116,  108,    0
 10982, 55462,20171117,   93,    0
 10982, 55462,20171118,   82,    0
 10982, 55462,20171119,   88,    0
 10982, 55462,20171120,   81,    0
 10982, 55462,20171121,  102,    0
 10982, 55462,20171122,  126,    0
 10982, 55462,20171123,  109,    0
 10982, 55462,20171124,   78,    0
 10982, 55462,20171125,   71,    0
 10982, 55462,20171126,   75,    0
 10982, 55462,20171127,   83,    0
 10982, 55462,20171128,   72,    0
 10982, 55462,20171129,   67,    0
 10982, 55462,20171130,   53,    0
 10982, 55462,20171201,   63,    0
 10982, 55462,20171202,   79,    0
 10982, 55462,20171203,   89,    0
 10982, 55462,20171204,   90,    0
 10982, 55462,20171205,   91,    0
 10982, 55462,20171206,   97,    0
 10982, 55462,20171207,   92,    0
 10982, 55462,20171208,   55,    0
 10982, 55462,20171209,   47,    0
 10982, 55462,20171210,   36,    0
 10982, 55462,20171211,   45,    0
 10982, 55462,20171212,   61,    0
 10982, 55462,20171213,   72,    0
 10982, 55462,20171214,   64,    0
 10982, 55462,20171215,   69,    0
 10982, 55462,20171216,   59,    0
 10982, 55462,20171217,   69,    0
 10982, 55462,20171218,   82,    0
 10982, 55462,20171219,   83,    0
 10982, 55462,20171220,   85,    0
 10982, 55462,20171221,   83,    0
 10982, 55462,20171222,   79,    0
 10982, 55462,20171223,   92,    0
 10982, 55462,20171224,   93,    0
 10982, 55462,20171225,   92,    0
 10982, 55462,20171226,   60,    0
 10982, 55462,20171227,   53,    0
 10982, 55462,20171228,   53,    0
 10982, 55462,20171229,   53,    0
 10982, 55462,20171230,   64,    0
 10982, 55462,20171231,   89,    0
 10982, 55462,20180101,   72,    0
 10982, 55462,20180102,   70,    0
 10982, 55462,20180103,   76,    0
 10982, 55462,20180104,   66,    0
 10982, 55462,20180105,   64,    0
 10982, 55462,20180106,   58,    0
 10982, 55462,20180107,   50,    0
 10982, 55462,20180108,   50,    0
 10982, 55462,20180109,   51,    0
 10982, 55462,20180110,   66,    0
 10982, 55462,20180111,   71,    0
 10982, 55462,20180112,   55,    0
 10982, 55462,20180113,   51,    0
 10982, 55462,20180114,   37,    0
 10982, 55462,20180115,   64,    0
 10982, 55462,20180116,   53,    0
 10982, 55462,20180117,   46,    0
 10982, 55462,20180118,   46,    0
 10982, 55462,20180119,   51,    0
 10982, 55462,20180120,   44,    0
 10982, 55462,20180121,   51,    0
 10982, 55462,20180122,   59,    0
 10982, 55462,20180123,   72,    0
 10982, 55462,20180124,   78,    0
 10982, 55462,20180125,   66,    0
 10982, 55462,20180126,   63,    0
 10982, 55462,20180127,   66,    0
 10982, 55462,20180128,   77,    0
 10982, 55462,20180129,   74,    0
 10982, 55462,20180130,   60,    0
 10982, 55462,20180131,   57,    0
 10982, 55462,20180201,   55,    0
 10982, 55462,20180202,   45,    0
 10982, 55462,20180203,   22,    0
 10982, 55462,20180204,   21,    0
 10982, 55462,20180205,   18,    0
 10982, 55462,20180206,   21,    0
 10982, 55462,20180207,   34,    0
 10982, 55462,20180208,   45,    0
 10982, 55462,20180209,   50,    0
 10982, 55462,20180210,   51,    0
 10982, 55462,20180211,   47,    0
 10982, 55462,20180212,   42,    0
 10982, 55462,20180213,   49,    0
 10982, 55462,20180214,   42,    0
 10982, 55462,20180215,   48,    0
 10982, 55462,20180216,   53,    0
 10982, 55462,20180217,   50,    0
 10982, 55462,20180218,   53,    0
 10982, 55462,20180219,   52,    0
 10982, 55462,20180220,   46,    0
 10982, 55462,20180221,   40,    0
 10982, 55462,20180222,   37,    0
 10982, 55462,20180223,   26,    0
 10982, 55462,20180224,   20,    0
 10982, 55462,20180225,    3,    0
 10982, 55462,20180226,  -13,    0
 10982, 55462,20180227,  -23,    0
 10982, 55462,20180228,  -37,    0
 10982, 55462,20180301,  -18,    0
 10982, 55462,20180302,   -9,    0
 10982, 55462,20180303,  -12,    0
 10982, 55462,20180304,   11,    0
 10982, 55462,20180305,   30,    0
 10982, 55462,20180306,   36,    0
 10982, 55462,20180307,   42,    0
 10982, 55462,20180308,   42,    0
 10982, 55462,20180309,   44,    0
 10982, 55462,20180310,   49,    0
 10982, 55462,20180311,   50,    0
 10982, 55462,20180312,   38,    0
 10982, 55462,20180313,   45,    0
 10982, 55462,20180314,   42,    0
 10982, 55462,20180315,   34,    0
 10982, 55462,20180316,   13,    0
 10982, 55462,20180317,  -10,    0
 10982, 55462,20180318,    0,    0
 10982, 55462,20180319,   22,    0
 10982, 55462,20180320,   40,    0
 10982, 55462,20180321,   41,    0
 10982, 55462,20180322,   47,    0
 10982, 55462,20180323,   46,    0
 10982, 55462,20180324,   45,    0
 10982, 55462,20180325,   42,    0
 10982, 55462,20180326,   44,    0
 10982, 55462,20180327,   29,    0
 10982, 55462,20180328,   38,    0
 10982, 55462,20180329,   43,    0
 10982, 55462,20180330,   32,    0
 10982, 55462,20180331,   33,    0
 10982, 55462,20180401,   33,    0
 10982, 55462,20180402,   30,    0
 10982, 55462,20180403,   61,    0
 10982, 55462,20180404,   62,    0
 10982, 55462,20180405,   49,    0
 10982, 55462,20180406,   54,    0
 10982, 55462,20180407,   68,    0
 10982, 55462,20180408,   62,    0
 10982, 55462,20180409,   45,    0
 10982, 55462,20180410,   60,    0
 10982, 55462,20180411,   55,    0
 10982, 55462,20180412,   58,    0
 10982, 55462,20180413,   59,    0
 10982, 55462,20180414,   59,    0
 10982, 55462,20180415,   52,    0
 10982, 55462,20180416,   70,    0
 10982, 55462,20180417,   85,    0
 10982, 55462,20180418,  100,    0
 10982, 55462,20180419,  126,    0
 10982, 55462,20180420,  100,    0
 10982, 55462,20180421,   82,    0
 10982, 55462,20180422,   94,    0
 10982, 55462,20180423,   83,    0
 10982, 55462,20180424,   78,    0
 10982, 55462,20180425,   71,    0
 10982, 55462,20180426,   78,    0
 10982, 55462,20180427,   75,    0
 10982, 55462,20180428,   68,    0
 10982, 55462,20180429,   65,    0
 10982, 55462,20180430,   68,    0
 10982, 55462,20180501,   72,    0
 10982, 55462,20180502,   84,    0
 10982, 55462,20180503,   76,    0
 10982, 55462,20180504,   84,    0
 10982, 55462,20180505,   98,    0
 10982, 55462,20180506,  116,    0
 10982, 55462,20180507,  130,    0
 10982, 55462,20180508,  131,    0
 10982, 55462,20180509,  124,    0
 10982, 55462,20180510,  106,    0
 10982, 55462,20180511,  103,    0
 10982, 55462,20180512,  120,    0
 10982, 55462,20180513,  123,    0
 10982, 55462,20180514,  130,    0
 10982, 55462,20180515,  137,    0
 10982, 55462,20180516,  100,    0
 10982, 55462,20180517,   87,    0
 10982, 55462,20180518,   91,    0
 10982, 55462,20180519,   93,    0
 10982, 55462,20180520,   99,    0
 10982, 55462,20180521,  125,    0
 10982, 55462,20180522,  120,    0
 10982, 55462,20180523,   99,    0
 10982, 55462,20180524,  130,    0
 10982, 55462,20180525,  141,    0
 10982, 55462,20180526,  147,    0
 10982, 55462,20180527,  148,    0
 10982, 55462,20180528,  145,    0
 10982, 55462,20180529,  146,    0
 10982, 55462,20180530,  153,    0
 10982, 55462,20180531,  149,    0
 10982, 55462,20180601,  167,    0
 10982, 55462,20180602,  157,    0
 10982, 55462,20180603,  140,    0
 10982, 55462,20180604,  140,    0
 10982, 55462,20180605,  131,    0
 10982, 55462,20180606,  153,    0
 10982, 55462,20180607,  158,    0
 10982, 55462,20180608,  145,    0
 10982, 55462,20180609,  141,    0
 10982, 55462,20180610,  135,    0
 10982, 55462,20180611,  129,    0
 10982, 55462,20180612,  131,    0
 10982, 55462,20180613,  135,    0
 10982, 55462,20180614,  150,    0
 10982, 55462,20180615,  143,    0
 10982, 55462,20180616,  145,    0
 10982, 55462,20180617,  141,    0
 10982, 55462,20180618,  148,    0
 10982, 55462,20180619,  139,    0
 10982, 55462,20180620,  151,    0
 10982, 55462,20180621,  117,    0
 10982, 55462,20180622,  118,    0
 10982, 55462,20180623,  121,    0
 10982, 55462,20180624,  125,    0
 10982, 55462,20180625,  126,    0
 10982, 55462,20180626,  125,    0
 10982, 55462,20180627,  129,    0
 10982, 55462,20180628,  129,    0
 10982, 55462,20180629,  141,    0
 10982, 55462,20180630,  153,    0
 10982, 55462,20180701,  162,    0
 10982, 55462,20180702,  163,    0
 10982, 55462,20180703,  144,    0
 10982, 55462,20180704,  146,    0
 10982, 55462,20180705,  150,    0
 10982, 55462,20180706,  144,    0
 10982, 55462,20180707,  149,    0
 10982, 55462,20180708,  162,    0
 10982, 55462,20180709,  147,    0
 10982, 55462,20180710,  158,    0
 10982, 55462,20180711,  155,    0
 10982, 55462,20180712,  151,    0
 10982, 55462,20180713,  151,    0
 10982, 55462,20180714,  160,    0
 10982, 55462,20180715,  178,    0
 10982, 55462,20180716,  181,    0
 10982, 55462,20180717,  182,    0
 10982, 55462,20180718,  173,    0
 10982, 55462,20180719,  171,    0
 10982, 55462,20180720,  183,    0
 10982, 55462,20180721,  188,    0
 10982, 55462,20180722,  181,    0
 10982, 55462,20180723,  190,    0
 10982, 55462,20180724,  199,    0
 10982, 55462,20180725,  194,    0
 10982, 55462,20180726,  209,    0
 10982, 55462,20180727,  226,    0
 10982, 55462,20180728,-9999,    9
 10982, 55462,20180729,-9999,    9
 10982, 55462,20180730,  199,    0
 10982, 55462,20180731,  185,    0
 10982, 55462,20180801,  199,    0
 10982, 55462,20180802,  194,    0
 10982, 55462,20180803,  196,    0
 10982, 55462,20180804,  183,    0
 10982, 55462,20180805,  179,    0
 10982, 55462,20180806,  196,    0
 10982, 55462,20180807,  208,    0
 10982, 55462,20180808,  198,    0
 10982, 55462,20180809,  186,    0
 10982, 55462,20180810,  160,    0
 10982, 55462,20180811,  163,    0
 10982, 55462,20180812,  176,    0
 10982, 55462,20180813,  181,    0
 10982, 55462,20180814,  179,    0
 10982, 55462,20180815,  186,    0
 10982, 55462,20180816,  179,    0
 10982, 55462,20180817,  173,    0
 10982, 55462,20180818,  182,    0
 10982, 55462,20180819,  183,    0
 10982, 55462,20180820,  170,    0
 10982, 55462,20180821,  178,    0
 10982, 55462,20180822,  184,    0
 10982, 55462,20180823,  169,    0
 10982, 55462,20180824,  149,    0
 10982, 55462,20180825,  142,    0
 10982, 55462,20180826,  150,    0
 10982, 55462,20180827,  164,    0
 10982, 55462,20180828,  168,    0
 10982, 55462,20180829,  168,    0
 10982, 55462,20180830,  157,    0
 10982, 55462,20180831,  152,    0
 10982, 55462,20180901,  161,    0
 10982, 55462,20180902,  169,    0
 10982, 55462,20180903,  173,    0
 10982, 55462,20180904,  176,    0
 10982, 55462,20180905,  173,    0
 10982, 55462,20180906,  161,    0
 10982, 55462,20180907,  139,    0
 10982, 55462,20180908,  155,    0
 10982, 55462,20180909,  168,    0
 10982, 55462,20180910,  158,    0
 10982, 55462,20180911,  161,    0
 10982, 55462,20180912,  144,    0
 10982, 55462,20180913,  151,    0
 10982, 55462,20180914,  153,    0
 10982, 55462,20180915,  141,    0
 10982, 55462,20180916,  168,    0
 10982, 55462,20180917,-9999,    9
 10982, 55462,20180918,-9999,    9
 10982, 55462,20180919,-9999,    9
 10982, 55462,20180920,-9999,    9
 10982, 55462,20180921,  140,    0
 10982, 55462,20180922,  128,    0
 10982, 55462,20180923,  120,    0
 10982, 55462,20180924,  117,    0
 10982, 55462,20180925,  134,    0
 10982, 55462,20180926,  151,    0
 10982, 55462,20180927,  147,    0
 10982, 55462,20180928,  119,    0
 10982, 55462,20180929,  127,    0
 10982, 55462,20180930,  122,    0
 10982, 55462,20181001,  101,    0
 10982, 55462,20181002,  123,    0
 10982, 55462,20181003,  121,    0
 10982, 55462,20181004,  143,    0
 10982, 55462,20181005,  138,    0
 10982, 55462,20181006,  105,    0
 10982, 55462,20181007,  113,    0
 10982, 55462,20181008,  136,    0
 10982, 55462,20181009,  142,    0
 10982, 55462,20181010,  153,    0
 10982, 55462,20181011,  161,    0
 10982, 55462,20181012,  165,    0
 10982, 55462,20181013,  175,    0
 10982, 55462,20181014,  152,    0
 10982, 55462,20181015,  121,    0
 10982, 55462,20181016,  140,    0
 10982, 55462,20181017,  140,    0
 10982, 55462,20181018,  121,    0
 10982, 55462,20181019,  124,    0
 10982, 55462,20181020,  132,    0
 10982, 55462,20181021,  137,    0
 10982, 55462,20181022,  117,    0
 10982, 55462,20181023,  128,    0
 10982, 55462,20181024,  124,    0
 10982, 55462,20181025,  120,    0
 10982, 55462,20181026,  102,    0
 10982, 55462,20181027,   87,    0
 10982, 55462,20181028,   70,    0
 10982, 55462,20181029,   74,    0
 10982, 55462,20181030,   91,    0
 10982, 55462,20181031,-9999,    9
 10982, 55462,20181101,-9999,    9
 10982, 55462,20181102,  101,    0
 10982, 55462,20181103,  113,    0
 10982, 55462,20181104,  114,    0
 10982, 55462,20181105,  118,    0
 10982, 55462,20181106,  132,    0
 10982, 55462,20181107,  131,    0
 10982, 55462,20181108,  122,    0
 10982, 55462,20181109,  118,    0
 10982, 55462,20181110,  127,    0
 10982, 55462,20181111,  123,    0
 10982, 55462,20181112,  125,    0
 10982, 55462,20181113,  119,    0
 10982, 55462,20181114,  123,    0
 10982, 55462,20181115,  118,    0
 10982, 55462,20181116,  103,    0
 10982, 55462,20181117,  103,    0
 10982, 55462,20181118,   98,    0
 10982, 55462,20181119,   81,    0
 10982, 55462,20181120,   73,    0
 10982, 55462,20181121,   70,    0
 10982, 55462,20181122,   66,    0
 10982, 55462,20181123,   73,    0
 10982, 55462,20181124,   76,    0
 10982, 55462,20181125,   67,    0
 10982, 55462,20181126,   74,    0
 10982, 55462,20181127,   62,    0
 10982, 55462,20181128,   80,    0
 10982, 55462,20181129,  114,    0
 10982, 55462,20181130,  103,    0
 10982, 55462,20181201,   95,    0
 10982, 55462,20181202,  108,    0
 10982, 55462,20181203,   99,    0
 10982, 55462,20181204,   82,    0
 10982, 55462,20181205,   86,    0
 10982,906239,20181206,   91,    0
 10982, 55462,20181207,-9999,    9
 10982, 55462,20181208,-9999,    9
 10982, 55462,20181209,-9999,    9
 10982,906239,20181210,   59,    0
 10982, 55462,20181211,   78,    0
 10982, 55462,20181212,   68,    0
 10982, 55462,20181213,   53,    0
 10982, 55462,20181214,   49,    0
 10982, 55462,20181215,   33,    0
 10982, 55462,20181216,   52,    0
 10982, 55462,20181217,   69,    0
 10982, 55462,20181218,   85,    0
 10982, 55462,20181219,   87,    0
 10982, 55462,20181220,   85,    0
 10982, 55462,20181221,   82,    0
 10982, 55462,20181222,   86,    0
 10982, 55462,20181223,   82,    0
 10982, 55462,20181224,   74,    0
 10982, 55462,20181225,   76,    0
 10982, 55462,20181226,   90,    0
 10982, 55462,20181227,   88,    0
 10982, 55462,20181228,   89,    0
 10982, 55462,20181229,   91,    0
 10982, 55462,20181230,   87,    0
 10982, 55462,20181231,   93,    0
 10982, 55462,20190101,   79,    0
 10982, 55462,20190102,   64,    0
 10982, 55462,20190103,   62,    0
 10982, 55462,20190104,   73,    0
 10982, 55462,20190105,   82,    0
 10982, 55462,20190106,   74,    0
 10982, 55462,20190107,   84,    0
 10982, 55462,20190108,   77,    0
 10982, 55462,20190109,   68,    0
 10982, 55462,20190110,   69,    0
 10982, 55462,20190111,   81,    0
 10982, 55462,20190112,   83,    0
 10982, 55462,20190113,   83,    0
 10982, 55462,20190114,   58,    0
 10982, 55462,20190115,   83,    0
 10982, 55462,20190116,   80,    0
 10982, 55462,20190117,   50,    0
 10982, 55462,20190118,   56,    0
 10982, 55462,20190119,   44,    0
 10982, 55462,20190120,   51,    0
 10982, 55462,20190121,   61,    0
 10982, 55462,20190122,   46,    0
 10982, 55462,20190123,   43,    0
 10982, 55462,20190124,   41,    0
 10982, 55462,20190125,   51,    0
 10982, 55462,20190126,-9999,    9
 10982, 55462,20190127,-9999,    9
 10982, 55462,20190128,-9999,    9
 10982, 55462,20190129,-9999,    9
 10982, 55462,20190130,-9999,    9
 10982, 55462,20190131,   31,    0
 10982, 55462,20190201,   34,    0
 10982, 55462,20190202,   40,    0
 10982, 55462,20190203,   52,    0
 10982, 55462,20190204,-9999,    9
 10982, 55462,20190205,-9999,    9
 10982, 55462,20190206,-9999,    9
 10982, 55462,20190207,-9999,    9
 10982, 55462,20190208,-9999,    9
 10982, 55462,20190209,-9999,    9
 10982, 55462,20190210,-9999,    9
 10982, 55462,20190211,-9999,    9
 10982, 55462,20190212,-9999,    9
 10982, 55462,20190213,   73,    0
 10982, 55462,20190214,   71,    0
 10982, 55462,20190215,   76,    0
 10982, 55462,20190216,   78,    0
 10982, 55462,20190217,   79,    0
 10982, 55462,20190218,   77,    0
 10982, 55462,20190219,   72,    0
 10982, 55462,20190220,   74,    0
 10982, 55462,20190221,   78,    0
 10982, 55462,20190222,   73,    0
 10982, 55462,20190223,   70,    0
 10982, 55462,20190224,   77,    0
 10982, 55462,20190225,   76,    0
 10982, 55462,20190226,   88,    0
 10982, 55462,20190227,   82,    0
 10982, 55462,20190228,   60,    0
 10982, 55462,20190301,   56,    0
 10982, 55462,20190302,   69,    0
 10982, 55462,20190303,   78,    0
 10982, 55462,20190304,   68,    0
 10982, 55462,20190305,   68,    0
 10982, 55462,20190306,   76,    0
 10982, 55462,20190307,   72,    0
 10982, 55462,20190308,   66,    0
 10982, 55462,20190309,   68,    0
 10982, 55462,20190310,   54,    0
 10982, 55462,20190311,   56,    0
 10982, 55462,20190312,   65,    0
 10982, 55462,20190313,   68,    0
 10982, 55462,20190314,   71,    0
 10982, 55462,20190315,   75,    0
 10982, 55462,20190316,   72,    0
 10982, 55462,20190317,   61,    0
 10982,906239,20190318,   55,    0
 10982, 55462,20190319,   67,    0
 10982, 55462,20190320,   79,    0
 10982, 55462,20190321,   76,    0
 10982, 55462,20190322,   68,    0
 10982, 55462,20190323,   71,    0
 10982, 55462,20190324,   67,    0
 10982, 55462,20190325,   67,    0
 10982, 55462,20190326,   70,    0
 10982, 55462,20190327,   74,    0
 10982, 55462,20190328,   78,    0
 10982, 55462,20190329,   79,    0
 10982, 55462,20190330,   75,    0
 10982, 55462,20190331,   59,    0
 10982, 55462,20190401,   57,    0
 10982, 55462,20190402,   78,    0
 10982, 55462,20190403,   68,    0
 10982, 55462,20190404,   71,    0
 10982, 55462,20190405,   65,    0
 10982, 55462,20190406,   70,    0
 10982, 55462,20190407,   84,    0
 10982, 55462,20190408,   75,    0
 10982, 55462,20190409,   61,    0
 10982, 55462,20190410,   53,    0
 10982, 55462,20190411,   49,    0
 10982, 55462,20190412,   48,    0
 10982, 55462,20190413,   51,    0
 10982, 55462,20190414,   58,    0
 10982, 55462,20190415,   69,    0
 10982, 55462,20190416,   68,    0
 10982, 55462,20190417,   86,    0
 10982, 55462,20190418,   90,    0
 10982, 55462,20190419,   92,    0
 10982, 55462,20190420,  100,    0
 10982, 55462,20190421,  105,    0
 10982, 55462,20190422,  104,    0
 10982, 55462,20190423,  103,    0
 10982, 55462,20190424,  105,    0
 10982, 55462,20190425,   98,    0
 10982, 55462,20190426,   99,    0
 10982, 55462,20190427,   94,    0
 10982, 55462,20190428,   89,    0
 10982, 55462,20190429,   85,    0
 10982, 55462,20190430,   81,    0
