EUROPEAN CLIMATE ASSESSMENT & DATASET (ECA&D), file created on: 13-05-2019
THESE DATA CAN BE USED FOR NON-COMMERCIAL RESEARCH AND EDUCATION PROVIDED THAT THE FOLLOWING SOURCE IS ACKNOWLEDGED: 

Klein Tank, A.M.G. and Coauthors, 2002. Daily dataset of 20th-century surface
air temperature and precipitation series for the European Climate Assessment.
Int. J. of Climatol., 22, 1441-1453.
Data and metadata available at http://www.ecad.eu

FILE FORMAT (MISSING VALUE CODE = -9999):

01-06 STAID: Station identifier
08-13 SOUID: Source identifier
15-22 DATE : Date YYYYMMDD
24-28 TG   : Mean temperature in 0.1 &#176;C
30-34 Q_TG : quality code for TG (0='valid'; 1='suspect'; 9='missing')

This is the blended series of station CRANWELL, UNITED KINGDOM (STAID: 11104)
Blended and updated with sources:56847 903379 
See files sources.txt and stations.txt for more info.

STAID, SOUID,    DATE,   TG, Q_TG
 11104, 56847,20130101,   44,    0
 11104, 56847,20130102,   63,    0
 11104, 56847,20130103,   81,    0
 11104, 56847,20130104,   92,    0
 11104, 56847,20130105,   94,    0
 11104, 56847,20130106,   73,    0
 11104, 56847,20130107,   70,    0
 11104, 56847,20130108,   92,    1
 11104, 56847,20130109,   52,    1
 11104, 56847,20130110,    8,    0
 11104, 56847,20130111,   19,    0
 11104, 56847,20130112,   21,    1
 11104, 56847,20130113,    0,    0
 11104, 56847,20130114,   -2,    0
 11104, 56847,20130115,   -3,    1
 11104, 56847,20130116,  -60,    0
 11104, 56847,20130117,  -56,    0
 11104, 56847,20130118,  -40,    0
 11104, 56847,20130119,   -7,    0
 11104, 56847,20130120,    4,    1
 11104, 56847,20130121,  -16,    0
 11104, 56847,20130122,  -12,    0
 11104, 56847,20130123,  -32,    0
 11104, 56847,20130124,    5,    0
 11104, 56847,20130125,  -26,    0
 11104, 56847,20130126,   39,    0
 11104, 56847,20130127,   46,    0
 11104, 56847,20130128,   53,    0
 11104, 56847,20130129,   81,    0
 11104, 56847,20130130,   77,    0
 11104, 56847,20130131,   70,    0
 11104, 56847,20130201,   60,    1
 11104, 56847,20130202,   28,    0
 11104, 56847,20130203,   37,    0
 11104, 56847,20130204,   65,    1
 11104, 56847,20130205,   27,    0
 11104, 56847,20130206,   29,    0
 11104, 56847,20130207,   22,    0
 11104, 56847,20130208,   26,    0
 11104, 56847,20130209,   31,    0
 11104, 56847,20130210,   16,    1
 11104, 56847,20130211,    6,    0
 11104, 56847,20130212,   10,    0
 11104, 56847,20130213,   12,    0
 11104, 56847,20130214,   41,    0
 11104, 56847,20130215,   61,    0
 11104, 56847,20130216,   58,    0
 11104, 56847,20130217,   29,    0
 11104, 56847,20130218,   40,    0
 11104, 56847,20130219,   19,    0
 11104, 56847,20130220,   15,    0
 11104, 56847,20130221,   11,    0
 11104, 56847,20130222,    5,    0
 11104, 56847,20130223,   10,    0
 11104, 56847,20130224,   11,    0
 11104, 56847,20130225,   18,    0
 11104, 56847,20130226,   30,    0
 11104, 56847,20130227,   48,    0
 11104, 56847,20130228,   35,    0
 11104, 56847,20130301,   37,    0
 11104, 56847,20130302,   55,    0
 11104, 56847,20130303,   41,    0
 11104, 56847,20130304,   25,    0
 11104, 56847,20130305,   29,    0
 11104, 56847,20130306,   31,    0
 11104, 56847,20130307,   61,    1
 11104, 56847,20130308,   48,    1
 11104, 56847,20130309,   37,    1
 11104, 56847,20130310,   10,    0
 11104, 56847,20130311,  -12,    0
 11104, 56847,20130312,    3,    0
 11104, 56847,20130313,   28,    0
 11104, 56847,20130314,   16,    0
 11104, 56847,20130315,   43,    0
 11104, 56847,20130316,   59,    1
 11104, 56847,20130317,   22,    0
 11104, 56847,20130318,   26,    0
 11104, 56847,20130319,   15,    0
 11104, 56847,20130320,   17,    0
 11104, 56847,20130321,   20,    0
 11104, 56847,20130322,   14,    1
 11104, 56847,20130323,   -2,    0
 11104, 56847,20130324,   -4,    0
 11104, 56847,20130325,    4,    0
 11104, 56847,20130326,   21,    0
 11104, 56847,20130327,   13,    0
 11104, 56847,20130328,   11,    0
 11104, 56847,20130329,   16,    0
 11104, 56847,20130330,   18,    0
 11104, 56847,20130331,   15,    0
 11104, 56847,20130401,   18,    0
 11104, 56847,20130402,   27,    0
 11104, 56847,20130403,   30,    0
 11104, 56847,20130404,   30,    0
 11104, 56847,20130405,   34,    0
 11104, 56847,20130406,   50,    0
 11104, 56847,20130407,   41,    0
 11104, 56847,20130408,   30,    0
 11104, 56847,20130409,   47,    0
 11104, 56847,20130410,   68,    0
 11104, 56847,20130411,   51,    0
 11104, 56847,20130412,   81,    0
 11104, 56847,20130413,   83,    0
 11104, 56847,20130414,  150,    0
 11104, 56847,20130415,  132,    0
 11104, 56847,20130416,  133,    0
 11104, 56847,20130417,  114,    0
 11104, 56847,20130418,  116,    1
 11104, 56847,20130419,   78,    0
 11104, 56847,20130420,   68,    0
 11104, 56847,20130421,   63,    0
 11104, 56847,20130422,   86,    0
 11104, 56847,20130423,  120,    0
 11104, 56847,20130424,  125,    0
 11104, 56847,20130425,  144,    1
 11104, 56847,20130426,   89,    0
 11104, 56847,20130427,   63,    0
 11104, 56847,20130428,   70,    0
 11104, 56847,20130429,   85,    0
 11104, 56847,20130430,   74,    0
 11104, 56847,20130501,   76,    0
 11104, 56847,20130502,   99,    0
 11104, 56847,20130503,   99,    0
 11104, 56847,20130504,  118,    0
 11104, 56847,20130505,  129,    0
 11104, 56847,20130506,  134,    0
 11104, 56847,20130507,  136,    0
 11104, 56847,20130508,  129,    0
 11104, 56847,20130509,   99,    0
 11104, 56847,20130510,  130,    1
 11104, 56847,20130511,   88,    0
 11104, 56847,20130512,   89,    0
 11104, 56847,20130513,  106,    0
 11104, 56847,20130514,   79,    0
 11104, 56847,20130515,   83,    0
 11104, 56847,20130516,   78,    0
 11104, 56847,20130517,   83,    0
 11104, 56847,20130518,  101,    0
 11104, 56847,20130519,  106,    0
 11104, 56847,20130520,  139,    1
 11104, 56847,20130521,  111,    0
 11104, 56847,20130522,  120,    1
 11104, 56847,20130523,   64,    0
 11104, 56847,20130524,   73,    0
 11104, 56847,20130525,   98,    0
 11104, 56847,20130526,  122,    0
 11104, 56847,20130527,  118,    0
 11104, 56847,20130528,  109,    0
 11104, 56847,20130529,   98,    0
 11104, 56847,20130530,  114,    0
 11104, 56847,20130531,  155,    0
 11104, 56847,20130601,  132,    0
 11104, 56847,20130602,  120,    0
 11104, 56847,20130603,  119,    0
 11104, 56847,20130604,  111,    0
 11104, 56847,20130605,  112,    0
 11104, 56847,20130606,  130,    0
 11104, 56847,20130607,  117,    0
 11104, 56847,20130608,  103,    0
 11104, 56847,20130609,  124,    0
 11104, 56847,20130610,  112,    0
 11104, 56847,20130611,  126,    0
 11104, 56847,20130612,  167,    0
 11104, 56847,20130613,  155,    0
 11104, 56847,20130614,  133,    0
 11104, 56847,20130615,  128,    0
 11104, 56847,20130616,  143,    0
 11104, 56847,20130617,  137,    0
 11104, 56847,20130618,  152,    0
 11104, 56847,20130619,  179,    0
 11104, 56847,20130620,  168,    0
 11104, 56847,20130621,  166,    0
 11104, 56847,20130622,  145,    0
 11104, 56847,20130623,  138,    0
 11104, 56847,20130624,  136,    0
 11104, 56847,20130625,  127,    0
 11104, 56847,20130626,  151,    0
 11104, 56847,20130627,  139,    0
 11104, 56847,20130628,  148,    0
 11104, 56847,20130629,  148,    0
 11104, 56847,20130630,  178,    1
 11104, 56847,20130701,  144,    0
 11104, 56847,20130702,  126,    0
 11104, 56847,20130703,  167,    0
 11104, 56847,20130704,  168,    0
 11104, 56847,20130705,  169,    0
 11104, 56847,20130706,  184,    0
 11104, 56847,20130707,  194,    1
 11104, 56847,20130708,  158,    0
 11104, 56847,20130709,  178,    1
 11104, 56847,20130710,  142,    0
 11104, 56847,20130711,  150,    0
 11104, 56847,20130712,  181,    0
 11104, 56847,20130713,  223,    0
 11104, 56847,20130714,  200,    0
 11104, 56847,20130715,  197,    0
 11104, 56847,20130716,  207,    0
 11104, 56847,20130717,  204,    0
 11104, 56847,20130718,  203,    0
 11104, 56847,20130719,  199,    0
 11104, 56847,20130720,  177,    0
 11104, 56847,20130721,  159,    0
 11104, 56847,20130722,  212,    0
 11104, 56847,20130723,  203,    0
 11104, 56847,20130724,  213,    0
 11104, 56847,20130725,  209,    0
 11104, 56847,20130726,  196,    0
 11104, 56847,20130727,  197,    0
 11104, 56847,20130728,  203,    0
 11104, 56847,20130729,  194,    0
 11104, 56847,20130730,  181,    0
 11104, 56847,20130731,  168,    0
 11104, 56847,20130801,  233,    0
 11104, 56847,20130802,  209,    0
 11104, 56847,20130803,  190,    0
 11104, 56847,20130804,  170,    0
 11104, 56847,20130805,  194,    1
 11104, 56847,20130806,  144,    0
 11104, 56847,20130807,  142,    0
 11104, 56847,20130808,  160,    0
 11104, 56847,20130809,  184,    0
 11104, 56847,20130810,  146,    0
 11104, 56847,20130811,  164,    0
 11104, 56847,20130812,  157,    0
 11104, 56847,20130813,  142,    0
 11104, 56847,20130814,  168,    0
 11104, 56847,20130815,  203,    0
 11104, 56847,20130816,  196,    0
 11104, 56847,20130817,  166,    0
 11104, 56847,20130818,  182,    0
 11104, 56847,20130819,  164,    0
 11104, 56847,20130820,  172,    0
 11104, 56847,20130821,  178,    0
 11104, 56847,20130822,  202,    0
 11104, 56847,20130823,  203,    0
 11104, 56847,20130824,  183,    0
 11104, 56847,20130825,  179,    0
 11104, 56847,20130826,  189,    0
 11104, 56847,20130827,  167,    0
 11104, 56847,20130828,  172,    0
 11104, 56847,20130829,  174,    0
 11104, 56847,20130830,  188,    1
 11104, 56847,20130831,  135,    0
 11104, 56847,20130901,  140,    0
 11104, 56847,20130902,  167,    0
 11104, 56847,20130903,  181,    0
 11104, 56847,20130904,  199,    0
 11104, 56847,20130905,  188,    1
 11104, 56847,20130906,  152,    0
 11104, 56847,20130907,  124,    0
 11104, 56847,20130908,  114,    0
 11104, 56847,20130909,  122,    0
 11104, 56847,20130910,  117,    0
 11104, 56847,20130911,  136,    0
 11104, 56847,20130912,  153,    0
 11104, 56847,20130913,  155,    0
 11104, 56847,20130914,  122,    0
 11104, 56847,20130915,  108,    0
 11104, 56847,20130916,  101,    0
 11104, 56847,20130917,  100,    0
 11104, 56847,20130918,  103,    0
 11104, 56847,20130919,  126,    0
 11104, 56847,20130920,  143,    0
 11104, 56847,20130921,  148,    0
 11104, 56847,20130922,  186,    1
 11104, 56847,20130923,  136,    0
 11104, 56847,20130924,  179,    1
 11104, 56847,20130925,  147,    0
 11104, 56847,20130926,  133,    0
 11104, 56847,20130927,  135,    0
 11104, 56847,20130928,  132,    0
 11104, 56847,20130929,  133,    0
 11104, 56847,20130930,  139,    0
 11104, 56847,20131001,  133,    0
 11104, 56847,20131002,  134,    0
 11104, 56847,20131003,  152,    0
 11104, 56847,20131004,  175,    0
 11104, 56847,20131005,  156,    0
 11104, 56847,20131006,  142,    0
 11104, 56847,20131007,  155,    0
 11104, 56847,20131008,  156,    1
 11104, 56847,20131009,  126,    1
 11104, 56847,20131010,   90,    0
 11104, 56847,20131011,  105,    0
 11104, 56847,20131012,  119,    0
 11104, 56847,20131013,  114,    0
 11104, 56847,20131014,   99,    0
 11104, 56847,20131015,  114,    0
 11104, 56847,20131016,   90,    0
 11104, 56847,20131017,  115,    0
 11104, 56847,20131018,  101,    0
 11104, 56847,20131019,  134,    0
 11104, 56847,20131020,  133,    0
 11104, 56847,20131021,  135,    0
 11104, 56847,20131022,  146,    0
 11104, 56847,20131023,  138,    0
 11104, 56847,20131024,  102,    0
 11104, 56847,20131025,  134,    0
 11104, 56847,20131026,  146,    0
 11104, 56847,20131027,  118,    0
 11104, 56847,20131028,  106,    0
 11104, 56847,20131029,   91,    0
 11104, 56847,20131030,   82,    0
 11104, 56847,20131031,   97,    0
 11104, 56847,20131101,   94,    0
 11104, 56847,20131102,   90,    0
 11104, 56847,20131103,   79,    0
 11104, 56847,20131104,   55,    0
 11104, 56847,20131105,   63,    0
 11104, 56847,20131106,   74,    0
 11104, 56847,20131107,   72,    0
 11104, 56847,20131108,   74,    0
 11104, 56847,20131109,   49,    0
 11104, 56847,20131110,   48,    0
 11104, 56847,20131111,   65,    0
 11104, 56847,20131112,   91,    1
 11104, 56847,20131113,   50,    0
 11104, 56847,20131114,   71,    0
 11104, 56847,20131115,   58,    0
 11104, 56847,20131116,   70,    0
 11104, 56847,20131117,   75,    0
 11104, 56847,20131118,   69,    1
 11104, 56847,20131119,   29,    0
 11104, 56847,20131120,   23,    0
 11104, 56847,20131121,   50,    0
 11104, 56847,20131122,   38,    0
 11104, 56847,20131123,   30,    0
 11104, 56847,20131124,   43,    0
 11104, 56847,20131125,   43,    0
 11104, 56847,20131126,   36,    0
 11104, 56847,20131127,   62,    0
 11104, 56847,20131128,   65,    0
 11104, 56847,20131129,   75,    0
 11104, 56847,20131130,   59,    0
 11104, 56847,20131201,   45,    0
 11104, 56847,20131202,   55,    0
 11104, 56847,20131203,   48,    0
 11104, 56847,20131204,   58,    0
 11104, 56847,20131205,   57,    1
 11104, 56847,20131206,   34,    0
 11104, 56847,20131207,   56,    0
 11104, 56847,20131208,   71,    0
 11104, 56847,20131209,   83,    0
 11104, 56847,20131210,   49,    0
 11104, 56847,20131211,   34,    0
 11104, 56847,20131212,   44,    0
 11104, 56847,20131213,   73,    0
 11104, 56847,20131214,   68,    0
 11104, 56847,20131215,   87,    0
 11104, 56847,20131216,   90,    1
 11104, 56847,20131217,   49,    0
 11104, 56847,20131218,   55,    0
 11104, 56847,20131219,   51,    0
 11104, 56847,20131220,   53,    0
 11104, 56847,20131221,   79,    1
 11104, 56847,20131222,   61,    0
 11104, 56847,20131223,   67,    0
 11104, 56847,20131224,   50,    0
 11104, 56847,20131225,   38,    0
 11104, 56847,20131226,   41,    0
 11104, 56847,20131227,   58,    0
 11104, 56847,20131228,   44,    0
 11104, 56847,20131229,   55,    0
 11104, 56847,20131230,   56,    0
 11104, 56847,20131231,   50,    0
 11104, 56847,20140101,   58,    0
 11104, 56847,20140102,   70,    0
 11104, 56847,20140103,   65,    0
 11104, 56847,20140104,   59,    0
 11104, 56847,20140105,   65,    0
 11104, 56847,20140106,   67,    0
 11104, 56847,20140107,   85,    0
 11104, 56847,20140108,   85,    1
 11104, 56847,20140109,   71,    0
 11104, 56847,20140110,   49,    0
 11104, 56847,20140111,   46,    0
 11104, 56847,20140112,   16,    0
 11104, 56847,20140113,   30,    0
 11104, 56847,20140114,   45,    0
 11104, 56847,20140115,   61,    0
 11104, 56847,20140116,   68,    0
 11104, 56847,20140117,   63,    0
 11104, 56847,20140118,   45,    0
 11104, 56847,20140119,   60,    0
 11104, 56847,20140120,   17,    0
 11104, 56847,20140121,    5,    0
 11104, 56847,20140122,   38,    0
 11104, 56847,20140123,   49,    0
 11104, 56847,20140124,   33,    0
 11104, 56847,20140125,   55,    0
 11104, 56847,20140126,   51,    0
 11104, 56847,20140127,   42,    0
 11104, 56847,20140128,   49,    0
 11104, 56847,20140129,   46,    1
 11104, 56847,20140130,   29,    0
 11104, 56847,20140131,   46,    0
 11104, 56847,20140201,   47,    0
 11104, 56847,20140202,   59,    0
 11104, 56847,20140203,   33,    0
 11104, 56847,20140204,   50,    0
 11104, 56847,20140205,   59,    0
 11104, 56847,20140206,   66,    0
 11104, 56847,20140207,   55,    0
 11104, 56847,20140208,   57,    0
 11104, 56847,20140209,   67,    0
 11104, 56847,20140210,   18,    0
 11104, 56847,20140211,   26,    0
 11104, 56847,20140212,   37,    0
 11104, 56847,20140213,   46,    0
 11104, 56847,20140214,   55,    0
 11104, 56847,20140215,   57,    0
 11104, 56847,20140216,   54,    0
 11104, 56847,20140217,   44,    0
 11104, 56847,20140218,   71,    0
 11104, 56847,20140219,   74,    0
 11104, 56847,20140220,   91,    1
 11104, 56847,20140221,   55,    0
 11104, 56847,20140222,   71,    0
 11104, 56847,20140223,   88,    0
 11104, 56847,20140224,   90,    0
 11104, 56847,20140225,   79,    0
 11104, 56847,20140226,   69,    0
 11104, 56847,20140227,   67,    0
 11104, 56847,20140228,   23,    0
 11104, 56847,20140301,   45,    0
 11104, 56847,20140302,   46,    0
 11104, 56847,20140303,   58,    0
 11104, 56847,20140304,   47,    0
 11104, 56847,20140305,   62,    0
 11104, 56847,20140306,   82,    0
 11104, 56847,20140307,  114,    0
 11104, 56847,20140308,   70,    0
 11104, 56847,20140309,  101,    1
 11104, 56847,20140310,   74,    0
 11104, 56847,20140311,   68,    0
 11104, 56847,20140312,   66,    0
 11104, 56847,20140313,   63,    0
 11104, 56847,20140314,   75,    0
 11104, 56847,20140315,   98,    0
 11104, 56847,20140316,  103,    0
 11104, 56847,20140317,  105,    0
 11104, 56847,20140318,   90,    0
 11104, 56847,20140319,  108,    0
 11104, 56847,20140320,   97,    0
 11104, 56847,20140321,   68,    0
 11104, 56847,20140322,   61,    0
 11104, 56847,20140323,   58,    0
 11104, 56847,20140324,   38,    0
 11104, 56847,20140325,   68,    0
 11104, 56847,20140326,   45,    0
 11104, 56847,20140327,   54,    0
 11104, 56847,20140328,   76,    0
 11104, 56847,20140329,  104,    0
 11104, 56847,20140330,  113,    0
 11104, 56847,20140331,  113,    0
 11104, 56847,20140401,  113,    0
 11104, 56847,20140402,   93,    0
 11104, 56847,20140403,   89,    0
 11104, 56847,20140404,  111,    0
 11104, 56847,20140405,  104,    0
 11104, 56847,20140406,  136,    0
 11104, 56847,20140407,  134,    1
 11104, 56847,20140408,   88,    0
 11104, 56847,20140409,  105,    0
 11104, 56847,20140410,   93,    0
 11104, 56847,20140411,  107,    0
 11104, 56847,20140412,   87,    0
 11104, 56847,20140413,   89,    0
 11104, 56847,20140414,   99,    0
 11104, 56847,20140415,   77,    0
 11104, 56847,20140416,   78,    0
 11104, 56847,20140417,  103,    0
 11104, 56847,20140418,   70,    0
 11104, 56847,20140419,   73,    0
 11104, 56847,20140420,   92,    0
 11104, 56847,20140421,  129,    0
 11104, 56847,20140422,  121,    0
 11104, 56847,20140423,  117,    0
 11104, 56847,20140424,  112,    1
 11104, 56847,20140425,   88,    0
 11104, 56847,20140426,  110,    0
 11104, 56847,20140427,  107,    0
 11104, 56847,20140428,  122,    0
 11104, 56847,20140429,  123,    0
 11104, 56847,20140430,  124,    0
 11104, 56847,20140501,  103,    0
 11104, 56847,20140502,   94,    0
 11104, 56847,20140503,   76,    0
 11104, 56847,20140504,  111,    0
 11104, 56847,20140505,  115,    0
 11104, 56847,20140506,  140,    0
 11104, 56847,20140507,  123,    0
 11104, 56847,20140508,  119,    0
 11104, 56847,20140509,  127,    0
 11104, 56847,20140510,  127,    0
 11104, 56847,20140511,  115,    0
 11104, 56847,20140512,  117,    0
 11104, 56847,20140513,   92,    0
 11104, 56847,20140514,  117,    0
 11104, 56847,20140515,  130,    0
 11104, 56847,20140516,  159,    0
 11104, 56847,20140517,  156,    0
 11104, 56847,20140518,  160,    0
 11104, 56847,20140519,  158,    0
 11104, 56847,20140520,  158,    0
 11104, 56847,20140521,  147,    0
 11104, 56847,20140522,  119,    0
 11104, 56847,20140523,  134,    0
 11104, 56847,20140524,  113,    0
 11104, 56847,20140525,  124,    0
 11104, 56847,20140526,   92,    0
 11104, 56847,20140527,  119,    0
 11104, 56847,20140528,  109,    0
 11104, 56847,20140529,  124,    0
 11104, 56847,20140530,  123,    0
 11104, 56847,20140531,  127,    0
 11104, 56847,20140601,  144,    0
 11104, 56847,20140602,  161,    0
 11104, 56847,20140603,  156,    1
 11104, 56847,20140604,  129,    0
 11104, 56847,20140605,  137,    0
 11104, 56847,20140606,  133,    0
 11104, 56847,20140607,  151,    0
 11104, 56847,20140608,  170,    0
 11104, 56847,20140609,  168,    0
 11104, 56847,20140610,  176,    0
 11104, 56847,20140611,  158,    0
 11104, 56847,20140612,  174,    0
 11104, 56847,20140613,  176,    0
 11104, 56847,20140614,  169,    1
 11104, 56847,20140615,  145,    0
 11104, 56847,20140616,  131,    0
 11104, 56847,20140617,  145,    0
 11104, 56847,20140618,  174,    1
 11104, 56847,20140619,  143,    0
 11104, 56847,20140620,  175,    0
 11104, 56847,20140621,  155,    0
 11104, 56847,20140622,  169,    0
 11104, 56847,20140623,  174,    0
 11104, 56847,20140624,  165,    0
 11104, 56847,20140625,  135,    0
 11104, 56847,20140626,  134,    0
 11104, 56847,20140627,  136,    0
 11104, 56847,20140628,  132,    0
 11104, 56847,20140629,  123,    0
 11104, 56847,20140630,  146,    0
 11104, 56847,20140701,  147,    0
 11104, 56847,20140702,  156,    0
 11104, 56847,20140703,  187,    0
 11104, 56847,20140704,  192,    0
 11104, 56847,20140705,  180,    0
 11104, 56847,20140706,  167,    0
 11104, 56847,20140707,  152,    0
 11104, 56847,20140708,  161,    0
 11104, 56847,20140709,  167,    0
 11104, 56847,20140710,  152,    0
 11104, 56847,20140711,  177,    0
 11104, 56847,20140712,  196,    0
 11104, 56847,20140713,  193,    0
 11104, 56847,20140714,  175,    0
 11104, 56847,20140715,  180,    0
 11104, 56847,20140716,  177,    0
 11104, 56847,20140717,  197,    0
 11104, 56847,20140718,  203,    0
 11104, 56847,20140719,  222,    0
 11104, 56847,20140720,  203,    0
 11104, 56847,20140721,  208,    0
 11104, 56847,20140722,  189,    0
 11104, 56847,20140723,  192,    0
 11104, 56847,20140724,  206,    0
 11104, 56847,20140725,  200,    0
 11104, 56847,20140726,  215,    0
 11104, 56847,20140727,  196,    0
 11104, 56847,20140728,  178,    0
 11104, 56847,20140729,  187,    0
 11104, 56847,20140730,  172,    0
 11104, 56847,20140731,  180,    0
 11104, 56847,20140801,  200,    0
 11104, 56847,20140802,  190,    0
 11104, 56847,20140803,  174,    0
 11104, 56847,20140804,  178,    0
 11104, 56847,20140805,  177,    0
 11104, 56847,20140806,  203,    0
 11104, 56847,20140807,  187,    0
 11104, 56847,20140808,  175,    0
 11104, 56847,20140809,  181,    0
 11104, 56847,20140810,  159,    0
 11104, 56847,20140811,  169,    0
 11104, 56847,20140812,  158,    0
 11104, 56847,20140813,  160,    0
 11104, 56847,20140814,  151,    0
 11104, 56847,20140815,  156,    0
 11104, 56847,20140816,  147,    0
 11104, 56847,20140817,  159,    0
 11104, 56847,20140818,  145,    0
 11104, 56847,20140819,  134,    0
 11104, 56847,20140820,  126,    0
 11104, 56847,20140821,  129,    0
 11104, 56847,20140822,  140,    0
 11104, 56847,20140823,  121,    0
 11104, 56847,20140824,  127,    0
 11104, 56847,20140825,  125,    0
 11104, 56847,20140826,  152,    0
 11104, 56847,20140827,  144,    0
 11104, 56847,20140828,  173,    0
 11104, 56847,20140829,  161,    0
 11104, 56847,20140830,  163,    0
 11104, 56847,20140831,  158,    0
 11104, 56847,20140901,  150,    0
 11104, 56847,20140902,  152,    0
 11104, 56847,20140903,  163,    0
 11104, 56847,20140904,  165,    0
 11104, 56847,20140905,  162,    0
 11104, 56847,20140906,  146,    0
 11104, 56847,20140907,  139,    0
 11104, 56847,20140908,  139,    0
 11104, 56847,20140909,  143,    0
 11104, 56847,20140910,  145,    0
 11104, 56847,20140911,  133,    0
 11104, 56847,20140912,  146,    0
 11104, 56847,20140913,  146,    0
 11104, 56847,20140914,  155,    0
 11104, 56847,20140915,  165,    0
 11104, 56847,20140916,  152,    0
 11104, 56847,20140917,  160,    0
 11104, 56847,20140918,  190,    1
 11104, 56847,20140919,  157,    0
 11104, 56847,20140920,  157,    0
 11104, 56847,20140921,  124,    0
 11104, 56847,20140922,  127,    0
 11104, 56847,20140923,  136,    0
 11104, 56847,20140924,  146,    0
 11104, 56847,20140925,  134,    0
 11104, 56847,20140926,  167,    0
 11104, 56847,20140927,  126,    0
 11104, 56847,20140928,  174,    0
 11104, 56847,20140929,  160,    0
 11104, 56847,20140930,  164,    0
 11104, 56847,20141001,  156,    0
 11104, 56847,20141002,  140,    0
 11104, 56847,20141003,  154,    1
 11104, 56847,20141004,  128,    0
 11104, 56847,20141005,  102,    0
 11104, 56847,20141006,   79,    0
 11104, 56847,20141007,   90,    0
 11104, 56847,20141008,   85,    0
 11104, 56847,20141009,  117,    0
 11104, 56847,20141010,  130,    0
 11104, 56847,20141011,   98,    0
 11104, 56847,20141012,   96,    0
 11104, 56847,20141013,  107,    0
 11104, 56847,20141014,  121,    0
 11104, 56847,20141015,  123,    0
 11104, 56847,20141016,  136,    0
 11104, 56847,20141017,  134,    0
 11104, 56847,20141018,  170,    0
 11104, 56847,20141019,  167,    1
 11104, 56847,20141020,  123,    1
 11104, 56847,20141021,  112,    0
 11104, 56847,20141022,   93,    0
 11104, 56847,20141023,  124,    0
 11104, 56847,20141024,  146,    1
 11104, 56847,20141025,   96,    0
 11104, 56847,20141026,  124,    0
 11104, 56847,20141027,  139,    0
 11104, 56847,20141028,  144,    1
 11104, 56847,20141029,  113,    0
 11104, 56847,20141030,  135,    0
 11104, 56847,20141031,  157,    0
 11104, 56847,20141101,  146,    1
 11104, 56847,20141102,  127,    1
 11104, 56847,20141103,   93,    0
 11104, 56847,20141104,   54,    0
 11104, 56847,20141105,   63,    0
 11104, 56847,20141106,   53,    0
 11104, 56847,20141107,   89,    0
 11104, 56847,20141108,   84,    0
 11104, 56847,20141109,   78,    0
 11104, 56847,20141110,   63,    0
 11104, 56847,20141111,   86,    0
 11104, 56847,20141112,  103,    0
 11104, 56847,20141113,   76,    0
 11104, 56847,20141114,   99,    1
 11104, 56847,20141115,   50,    0
 11104, 56847,20141116,   78,    0
 11104, 56847,20141117,   87,    0
 11104, 56847,20141118,   90,    0
 11104, 56847,20141119,   76,    0
 11104, 56847,20141120,   60,    0
 11104, 56847,20141121,   70,    0
 11104, 56847,20141122,  104,    1
 11104, 56847,20141123,   72,    0
 11104, 56847,20141124,   41,    0
 11104, 56847,20141125,   31,    0
 11104, 56847,20141126,   40,    0
 11104, 56847,20141127,   84,    0
 11104, 56847,20141128,   75,    0
 11104, 56847,20141129,   92,    0
 11104, 56847,20141130,   77,    1
 11104, 56847,20141201,   70,    1
 11104, 56847,20141202,   63,    0
 11104, 56847,20141203,   42,    0
 11104, 56847,20141204,   31,    0
 11104, 56847,20141205,   46,    0
 11104, 56847,20141206,   34,    0
 11104, 56847,20141207,   37,    0
 11104, 56847,20141208,   35,    0
 11104, 56847,20141209,   52,    0
 11104, 56847,20141210,   42,    0
 11104, 56847,20141211,   36,    0
 11104, 56847,20141212,   35,    0
 11104, 56847,20141213,   15,    0
 11104, 56847,20141214,   42,    0
 11104, 56847,20141215,   52,    0
 11104, 56847,20141216,   59,    0
 11104, 56847,20141217,   82,    0
 11104, 56847,20141218,  117,    1
 11104, 56847,20141219,   71,    0
 11104, 56847,20141220,   66,    0
 11104, 56847,20141221,   90,    0
 11104, 56847,20141222,  101,    0
 11104, 56847,20141223,  110,    1
 11104, 56847,20141224,   58,    0
 11104, 56847,20141225,   51,    1
 11104, 56847,20141226,   21,    0
 11104, 56847,20141227,   11,    0
 11104, 56847,20141228,    5,    0
 11104, 56847,20141229,   -8,    0
 11104, 56847,20141230,   -1,    0
 11104, 56847,20141231,   20,    0
 11104, 56847,20150101,   46,    0
 11104, 56847,20150102,   66,    1
 11104, 56847,20150103,   31,    0
 11104, 56847,20150104,   13,    0
 11104, 56847,20150105,   38,    0
 11104, 56847,20150106,   65,    0
 11104, 56847,20150107,   57,    0
 11104, 56847,20150108,   72,    0
 11104, 56847,20150109,   97,    0
 11104, 56847,20150110,  100,    1
 11104, 56847,20150111,   56,    0
 11104, 56847,20150112,   72,    1
 11104, 56847,20150113,   54,    0
 11104, 56847,20150114,   53,    0
 11104, 56847,20150115,   42,    0
 11104, 56847,20150116,   43,    0
 11104, 56847,20150117,   17,    0
 11104, 56847,20150118,   10,    0
 11104, 56847,20150119,   -1,    0
 11104, 56847,20150120,  -14,    0
 11104, 56847,20150121,    1,    0
 11104, 56847,20150122,   23,    0
 11104, 56847,20150123,    7,    0
 11104, 56847,20150124,   25,    0
 11104, 56847,20150125,   52,    0
 11104, 56847,20150126,   55,    0
 11104, 56847,20150127,   51,    0
 11104, 56847,20150128,   67,    1
 11104, 56847,20150129,   22,    0
 11104, 56847,20150130,   21,    0
 11104, 56847,20150131,   16,    0
 11104, 56847,20150201,   23,    0
 11104, 56847,20150202,   -9,    0
 11104, 56847,20150203,   14,    0
 11104, 56847,20150204,   17,    0
 11104, 56847,20150205,   15,    0
 11104, 56847,20150206,   18,    0
 11104, 56847,20150207,   26,    0
 11104, 56847,20150208,   49,    0
 11104, 56847,20150209,   49,    1
 11104, 56847,20150210,   14,    0
 11104, 56847,20150211,   30,    0
 11104, 56847,20150212,   31,    0
 11104, 56847,20150213,   38,    0
 11104, 56847,20150214,   58,    0
 11104, 56847,20150215,   59,    0
 11104, 56847,20150216,   37,    0
 11104, 56847,20150217,   50,    0
 11104, 56847,20150218,   58,    0
 11104, 56847,20150219,   63,    1
 11104, 56847,20150220,   37,    0
 11104, 56847,20150221,   37,    0
 11104, 56847,20150222,   32,    0
 11104, 56847,20150223,   44,    0
 11104, 56847,20150224,   45,    0
 11104, 56847,20150225,   59,    0
 11104, 56847,20150226,   81,    0
 11104, 56847,20150227,   42,    0
 11104, 56847,20150228,   65,    0
 11104, 56847,20150301,   72,    0
 11104, 56847,20150302,   43,    0
 11104, 56847,20150303,   48,    0
 11104, 56847,20150304,   56,    0
 11104, 56847,20150305,   50,    0
 11104, 56847,20150306,   83,    0
 11104, 56847,20150307,  112,    0
 11104, 56847,20150308,   93,    0
 11104, 56847,20150309,   37,    0
 11104, 56847,20150310,   72,    0
 11104, 56847,20150311,   42,    0
 11104, 56847,20150312,   83,    0
 11104, 56847,20150313,   76,    0
 11104, 56847,20150314,   57,    0
 11104, 56847,20150315,   55,    0
 11104, 56847,20150316,   64,    0
 11104, 56847,20150317,   40,    0
 11104, 56847,20150318,   33,    0
 11104, 56847,20150319,   40,    0
 11104, 56847,20150320,   74,    1
 11104, 56847,20150321,   58,    0
 11104, 56847,20150322,   67,    0
 11104, 56847,20150323,   53,    0
 11104, 56847,20150324,   48,    0
 11104, 56847,20150325,   51,    0
 11104, 56847,20150326,   53,    0
 11104, 56847,20150327,   61,    0
 11104, 56847,20150328,   88,    0
 11104, 56847,20150329,   92,    0
 11104, 56847,20150330,   71,    0
 11104, 56847,20150331,   83,    0
 11104, 56847,20150401,   58,    0
 11104, 56847,20150402,   70,    0
 11104, 56847,20150403,   72,    0
 11104, 56847,20150404,   74,    0
 11104, 56847,20150405,   83,    0
 11104, 56847,20150406,   85,    0
 11104, 56847,20150407,   99,    0
 11104, 56847,20150408,   88,    0
 11104, 56847,20150409,  100,    0
 11104, 56847,20150410,  119,    0
 11104, 56847,20150411,   94,    0
 11104, 56847,20150412,  102,    0
 11104, 56847,20150413,   81,    0
 11104, 56847,20150414,  134,    0
 11104, 56847,20150415,  125,    0
 11104, 56847,20150416,  101,    0
 11104, 56847,20150417,   95,    0
 11104, 56847,20150418,   77,    0
 11104, 56847,20150419,   87,    0
 11104, 56847,20150420,   74,    0
 11104, 56847,20150421,   97,    0
 11104, 56847,20150422,   94,    0
 11104, 56847,20150423,  104,    0
 11104, 56847,20150424,  123,    0
 11104, 56847,20150425,  130,    0
 11104, 56847,20150426,   92,    0
 11104, 56847,20150427,   69,    0
 11104, 56847,20150428,   74,    0
 11104, 56847,20150429,   93,    0
 11104, 56847,20150430,   79,    0
 11104, 56847,20150501,   64,    0
 11104, 56847,20150502,   61,    0
 11104, 56847,20150503,  130,    0
 11104, 56847,20150504,  133,    0
 11104, 56847,20150505,  130,    1
 11104, 56847,20150506,  102,    0
 11104, 56847,20150507,   94,    0
 11104, 56847,20150508,  101,    0
 11104, 56847,20150509,  118,    0
 11104, 56847,20150510,  120,    0
 11104, 56847,20150511,  158,    0
 11104, 56847,20150512,  128,    0
 11104, 56847,20150513,  105,    0
 11104, 56847,20150514,   75,    0
 11104, 56847,20150515,  108,    0
 11104, 56847,20150516,  117,    0
 11104, 56847,20150517,  104,    0
 11104, 56847,20150518,  100,    0
 11104, 56847,20150519,   90,    0
 11104, 56847,20150520,   99,    0
 11104, 56847,20150521,  120,    0
 11104, 56847,20150522,  154,    0
 11104, 56847,20150523,  128,    0
 11104, 56847,20150524,  120,    0
 11104, 56847,20150525,  108,    0
 11104, 56847,20150526,  130,    0
 11104, 56847,20150527,  112,    0
 11104, 56847,20150528,  125,    0
 11104, 56847,20150529,   98,    0
 11104, 56847,20150530,  107,    0
 11104, 56847,20150531,  119,    0
 11104, 56847,20150601,   99,    0
 11104, 56847,20150602,  146,    0
 11104, 56847,20150603,  134,    0
 11104, 56847,20150604,  143,    0
 11104, 56847,20150605,  165,    0
 11104, 56847,20150606,  127,    0
 11104, 56847,20150607,  126,    0
 11104, 56847,20150608,  115,    0
 11104, 56847,20150609,   94,    0
 11104, 56847,20150610,  108,    0
 11104, 56847,20150611,  133,    0
 11104, 56847,20150612,  146,    1
 11104, 56847,20150613,  127,    0
 11104, 56847,20150614,  134,    0
 11104, 56847,20150615,  115,    0
 11104, 56847,20150616,  155,    0
 11104, 56847,20150617,  172,    0
 11104, 56847,20150618,  136,    0
 11104, 56847,20150619,  123,    0
 11104, 56847,20150620,  157,    0
 11104, 56847,20150621,  154,    0
 11104, 56847,20150622,  130,    0
 11104, 56847,20150623,  130,    0
 11104, 56847,20150624,  150,    0
 11104, 56847,20150625,  167,    0
 11104, 56847,20150626,  170,    0
 11104, 56847,20150627,  172,    0
 11104, 56847,20150628,  176,    0
 11104, 56847,20150629,  178,    0
 11104, 56847,20150630,  201,    0
 11104, 56847,20150701,  235,    0
 11104, 56847,20150702,  210,    0
 11104, 56847,20150703,  165,    0
 11104, 56847,20150704,  204,    0
 11104, 56847,20150705,  180,    0
 11104, 56847,20150706,  147,    0
 11104, 56847,20150707,  184,    1
 11104, 56847,20150708,  147,    0
 11104, 56847,20150709,  148,    0
 11104, 56847,20150710,  181,    0
 11104, 56847,20150711,  190,    0
 11104, 56847,20150712,  183,    0
 11104, 56847,20150713,  173,    0
 11104, 56847,20150714,  183,    0
 11104, 56847,20150715,  176,    0
 11104, 56847,20150716,  158,    0
 11104, 56847,20150717,  182,    0
 11104, 56847,20150718,  167,    0
 11104, 56847,20150719,  168,    0
 11104, 56847,20150720,  168,    0
 11104, 56847,20150721,  182,    0
 11104, 56847,20150722,  173,    0
 11104, 56847,20150723,  145,    0
 11104, 56847,20150724,  139,    0
 11104, 56847,20150725,  146,    0
 11104, 56847,20150726,  119,    0
 11104, 56847,20150727,  151,    0
 11104, 56847,20150728,  150,    0
 11104, 56847,20150729,  136,    0
 11104, 56847,20150730,  123,    0
 11104, 56847,20150731,  143,    0
 11104, 56847,20150801,  163,    0
 11104, 56847,20150802,  174,    0
 11104, 56847,20150803,  192,    0
 11104, 56847,20150804,  163,    0
 11104, 56847,20150805,  172,    0
 11104, 56847,20150806,  186,    0
 11104, 56847,20150807,  156,    0
 11104, 56847,20150808,  195,    0
 11104, 56847,20150809,  176,    0
 11104, 56847,20150810,  203,    0
 11104, 56847,20150811,  159,    0
 11104, 56847,20150812,  161,    0
 11104, 56847,20150813,  155,    0
 11104, 56847,20150814,  160,    0
 11104, 56847,20150815,  156,    0
 11104, 56847,20150816,  140,    0
 11104, 56847,20150817,  145,    0
 11104, 56847,20150818,  147,    0
 11104, 56847,20150819,  173,    0
 11104, 56847,20150820,  179,    0
 11104, 56847,20150821,  207,    0
 11104, 56847,20150822,  207,    0
 11104, 56847,20150823,  207,    1
 11104, 56847,20150824,  147,    0
 11104, 56847,20150825,  143,    0
 11104, 56847,20150826,  175,    0
 11104, 56847,20150827,  164,    0
 11104, 56847,20150828,  151,    0
 11104, 56847,20150829,  165,    0
 11104, 56847,20150830,  163,    1
 11104, 56847,20150831,  137,    0
 11104, 56847,20150901,  149,    0
 11104, 56847,20150902,  134,    0
 11104, 56847,20150903,  124,    0
 11104, 56847,20150904,  120,    0
 11104, 56847,20150905,  116,    0
 11104, 56847,20150906,  127,    0
 11104, 56847,20150907,  120,    0
 11104, 56847,20150908,  103,    0
 11104, 56847,20150909,  136,    0
 11104, 56847,20150910,  154,    0
 11104, 56847,20150911,  148,    0
 11104, 56847,20150912,  164,    0
 11104, 56847,20150913,  128,    0
 11104, 56847,20150914,  110,    0
 11104, 56847,20150915,  137,    0
 11104, 56847,20150916,  123,    0
 11104, 56847,20150917,  121,    0
 11104, 56847,20150918,  136,    0
 11104, 56847,20150919,  138,    0
 11104, 56847,20150920,  143,    0
 11104, 56847,20150921,  130,    0
 11104, 56847,20150922,  122,    0
 11104, 56847,20150923,  124,    0
 11104, 56847,20150924,  143,    0
 11104, 56847,20150925,  122,    0
 11104, 56847,20150926,  118,    0
 11104, 56847,20150927,  111,    0
 11104, 56847,20150928,  116,    0
 11104, 56847,20150929,  121,    0
 11104, 56847,20150930,  132,    0
 11104, 56847,20151001,  135,    0
 11104, 56847,20151002,  123,    0
 11104, 56847,20151003,  105,    0
 11104, 56847,20151004,  119,    0
 11104, 56847,20151005,  111,    0
 11104, 56847,20151006,  155,    1
 11104, 56847,20151007,  137,    0
 11104, 56847,20151008,  106,    0
 11104, 56847,20151009,  132,    0
 11104, 56847,20151010,   98,    0
 11104, 56847,20151011,  111,    0
 11104, 56847,20151012,   92,    0
 11104, 56847,20151013,   92,    0
 11104, 56847,20151014,   90,    0
 11104, 56847,20151015,   98,    0
 11104, 56847,20151016,  111,    0
 11104, 56847,20151017,  106,    0
 11104, 56847,20151018,  111,    0
 11104, 56847,20151019,  112,    0
 11104, 56847,20151020,  102,    0
 11104, 56847,20151021,  117,    0
 11104, 56847,20151022,  131,    1
 11104, 56847,20151023,   86,    0
 11104, 56847,20151024,  104,    0
 11104, 56847,20151025,   79,    0
 11104, 56847,20151026,   75,    0
 11104, 56847,20151027,  107,    0
 11104, 56847,20151028,  115,    0
 11104, 56847,20151029,   96,    0
 11104, 56847,20151030,  128,    0
 11104, 56847,20151031,  110,    0
 11104, 56847,20151101,  117,    1
 11104, 56847,20151102,   62,    0
 11104, 56847,20151103,   77,    0
 11104, 56847,20151104,  104,    0
 11104, 56847,20151105,  120,    0
 11104, 56847,20151106,  143,    0
 11104, 56847,20151107,  136,    0
 11104, 56847,20151108,  100,    0
 11104, 56847,20151109,  109,    0
 11104, 56847,20151110,  139,    0
 11104, 56847,20151111,  135,    0
 11104, 56847,20151112,  110,    1
 11104, 56847,20151113,   84,    0
 11104, 56847,20151114,   98,    0
 11104, 56847,20151115,  115,    0
 11104, 56847,20151116,  108,    0
 11104, 56847,20151117,  106,    0
 11104, 56847,20151118,  106,    1
 11104, 56847,20151119,   92,    1
 11104, 56847,20151120,   65,    1
 11104, 56847,20151121,   21,    0
 11104, 56847,20151122,   10,    0
 11104, 56847,20151123,   35,    0
 11104, 56847,20151124,   45,    0
 11104, 56847,20151125,   70,    0
 11104, 56847,20151126,   75,    0
 11104, 56847,20151127,   93,    1
 11104, 56847,20151128,   55,    0
 11104, 56847,20151129,   75,    0
 11104, 56847,20151130,   75,    0
 11104, 56847,20151201,   80,    0
 11104, 56847,20151202,   95,    0
 11104, 56847,20151203,  113,    0
 11104, 56847,20151204,   83,    0
 11104, 56847,20151205,  102,    0
 11104, 56847,20151206,  121,    0
 11104, 56847,20151207,  101,    0
 11104, 56847,20151208,  112,    1
 11104, 56847,20151209,   62,    0
 11104, 56847,20151210,   82,    1
 11104, 56847,20151211,   64,    0
 11104, 56847,20151212,   75,    1
 11104, 56847,20151213,   35,    0
 11104, 56847,20151214,   43,    0
 11104, 56847,20151215,   96,    0
 11104, 56847,20151216,  105,    0
 11104, 56847,20151217,  119,    0
 11104, 56847,20151218,  127,    0
 11104, 56847,20151219,  130,    1
 11104, 56847,20151220,  109,    0
 11104, 56847,20151221,   93,    0
 11104, 56847,20151222,  103,    0
 11104, 56847,20151223,   87,    0
 11104, 56847,20151224,   90,    0
 11104, 56847,20151225,   86,    0
 11104, 56847,20151226,   93,    0
 11104, 56847,20151227,   92,    0
 11104, 56847,20151228,   89,    0
 11104, 56847,20151229,  103,    0
 11104, 56847,20151230,   94,    1
 11104, 56847,20151231,   71,    0
 11104, 56847,20160101,   32,    0
 11104, 56847,20160102,   42,    0
 11104, 56847,20160103,   64,    0
 11104, 56847,20160104,   42,    0
 11104, 56847,20160105,   56,    0
 11104, 56847,20160106,   50,    0
 11104, 56847,20160107,   60,    0
 11104, 56847,20160108,   44,    0
 11104, 56847,20160109,   48,    0
 11104, 56847,20160110,   53,    1
 11104, 56847,20160111,   22,    0
 11104, 56847,20160112,   38,    0
 11104, 56847,20160113,   32,    1
 11104, 56847,20160114,   19,    0
 11104, 56847,20160115,   25,    0
 11104, 56847,20160116,   12,    0
 11104, 56847,20160117,    0,    0
 11104, 56847,20160118,    6,    0
 11104, 56847,20160119,    1,    0
 11104, 56847,20160120,   36,    0
 11104, 56847,20160121,   -6,    0
 11104, 56847,20160122,   38,    0
 11104, 56847,20160123,   84,    0
 11104, 56847,20160124,  100,    0
 11104, 56847,20160125,  106,    0
 11104, 56847,20160126,   90,    0
 11104, 56847,20160127,  116,    1
 11104, 56847,20160128,   66,    0
 11104, 56847,20160129,   76,    1
 11104, 56847,20160130,   50,    0
 11104, 56847,20160131,   75,    0
 11104, 56847,20160201,   94,    1
 11104, 56847,20160202,   70,    0
 11104, 56847,20160203,   48,    0
 11104, 56847,20160204,   64,    0
 11104, 56847,20160205,   94,    0
 11104, 56847,20160206,   74,    0
 11104, 56847,20160207,   60,    0
 11104, 56847,20160208,   66,    0
 11104, 56847,20160209,   44,    0
 11104, 56847,20160210,   56,    0
 11104, 56847,20160211,   32,    0
 11104, 56847,20160212,   20,    0
 11104, 56847,20160213,   14,    0
 11104, 56847,20160214,   34,    0
 11104, 56847,20160215,   24,    0
 11104, 56847,20160216,   16,    0
 11104, 56847,20160217,   27,    0
 11104, 56847,20160218,   42,    0
 11104, 56847,20160219,   37,    0
 11104, 56847,20160220,   71,    0
 11104, 56847,20160221,  106,    1
 11104, 56847,20160222,   64,    0
 11104, 56847,20160223,   50,    0
 11104, 56847,20160224,   20,    0
 11104, 56847,20160225,   28,    0
 11104, 56847,20160226,   30,    0
 11104, 56847,20160227,   28,    0
 11104, 56847,20160228,   41,    0
 11104, 56847,20160229,   30,    0
 11104, 56847,20160301,   73,    1
 11104, 56847,20160302,   38,    0
 11104, 56847,20160303,   42,    0
 11104, 56847,20160304,   34,    0
 11104, 56847,20160305,   40,    0
 11104, 56847,20160306,   31,    0
 11104, 56847,20160307,   28,    0
 11104, 56847,20160308,   28,    0
 11104, 56847,20160309,   40,    0
 11104, 56847,20160310,   66,    0
 11104, 56847,20160311,   31,    0
 11104, 56847,20160312,   48,    0
 11104, 56847,20160313,   44,    0
 11104, 56847,20160314,   50,    0
 11104, 56847,20160315,   54,    0
 11104, 56847,20160316,   72,    0
 11104, 56847,20160317,   51,    0
 11104, 56847,20160318,   35,    0
 11104, 56847,20160319,   58,    0
 11104, 56847,20160320,   80,    0
 11104, 56847,20160321,   65,    0
 11104, 56847,20160322,   65,    0
 11104, 56847,20160323,   76,    0
 11104, 56847,20160324,   60,    0
 11104, 56847,20160325,   85,    0
 11104, 56847,20160326,   86,    0
 11104, 56847,20160327,   81,    0
 11104, 56847,20160328,   70,    0
 11104, 56847,20160329,   68,    0
 11104, 56847,20160330,   68,    0
 11104, 56847,20160331,   65,    0
 11104, 56847,20160401,   59,    0
 11104, 56847,20160402,  106,    0
 11104, 56847,20160403,   94,    0
 11104, 56847,20160404,  111,    0
 11104, 56847,20160405,   85,    0
 11104, 56847,20160406,   74,    0
 11104, 56847,20160407,   78,    0
 11104, 56847,20160408,   80,    0
 11104, 56847,20160409,   90,    0
 11104, 56847,20160410,   54,    0
 11104, 56847,20160411,   94,    0
 11104, 56847,20160412,   94,    0
 11104, 56847,20160413,   98,    0
 11104, 56847,20160414,   94,    1
 11104, 56847,20160415,   70,    0
 11104, 56847,20160416,   45,    0
 11104, 56847,20160417,   58,    0
 11104, 56847,20160418,   80,    0
 11104, 56847,20160419,   86,    0
 11104, 56847,20160420,   68,    0
 11104, 56847,20160421,   74,    0
 11104, 56847,20160422,   84,    0
 11104, 56847,20160423,   58,    0
 11104, 56847,20160424,   52,    0
 11104, 56847,20160425,   71,    0
 11104, 56847,20160426,   50,    0
 11104, 56847,20160427,   54,    0
 11104, 56847,20160428,   44,    0
 11104, 56847,20160429,   54,    0
 11104, 56847,20160430,   62,    0
 11104, 56847,20160501,   79,    0
 11104, 56847,20160502,  132,    0
 11104, 56847,20160503,   86,    0
 11104, 56847,20160504,  108,    0
 11104, 56847,20160505,  108,    0
 11104, 56847,20160506,  123,    0
 11104, 56847,20160507,  144,    0
 11104, 56847,20160508,  169,    0
 11104, 56847,20160509,  164,    1
 11104, 56847,20160510,  130,    0
 11104, 56847,20160511,  143,    0
 11104, 56847,20160512,  136,    1
 11104, 56847,20160513,  108,    0
 11104, 56847,20160514,   83,    0
 11104, 56847,20160515,   86,    0
 11104, 56847,20160516,  102,    0
 11104, 56847,20160517,  115,    0
 11104, 56847,20160518,  128,    0
 11104, 56847,20160519,  128,    0
 11104, 56847,20160520,  148,    0
 11104, 56847,20160521,  142,    0
 11104, 56847,20160522,  137,    0
 11104, 56847,20160523,  124,    0
 11104, 56847,20160524,  111,    0
 11104, 56847,20160525,   98,    0
 11104, 56847,20160526,  116,    0
 11104, 56847,20160527,   99,    0
 11104, 56847,20160528,  112,    0
 11104, 56847,20160529,  125,    0
 11104, 56847,20160530,  138,    1
 11104, 56847,20160531,  104,    0
 11104, 56847,20160601,  111,    1
 11104, 56847,20160602,   98,    0
 11104, 56847,20160603,  113,    0
 11104, 56847,20160604,  154,    0
 11104, 56847,20160605,  140,    0
 11104, 56847,20160606,  134,    0
 11104, 56847,20160607,  162,    0
 11104, 56847,20160608,  166,    0
 11104, 56847,20160609,  147,    0
 11104, 56847,20160610,  158,    0
 11104, 56847,20160611,  166,    0
 11104, 56847,20160612,  160,    0
 11104, 56847,20160613,  148,    0
 11104, 56847,20160614,  146,    0
 11104, 56847,20160615,  148,    0
 11104, 56847,20160616,  148,    0
 11104, 56847,20160617,  142,    0
 11104, 56847,20160618,  136,    0
 11104, 56847,20160619,  143,    0
 11104, 56847,20160620,  178,    0
 11104, 56847,20160621,  164,    0
 11104, 56847,20160622,  164,    0
 11104, 56847,20160623,  176,    0
 11104, 56847,20160624,  164,    0
 11104, 56847,20160625,  145,    0
 11104, 56847,20160626,  158,    0
 11104, 56847,20160627,  160,    0
 11104, 56847,20160628,  136,    0
 11104, 56847,20160629,  130,    0
 11104, 56847,20160630,  146,    0
 11104, 56847,20160701,  164,    0
 11104, 56847,20160702,  136,    0
 11104, 56847,20160703,  148,    0
 11104, 56847,20160704,  154,    0
 11104, 56847,20160705,  164,    0
 11104, 56847,20160706,  137,    0
 11104, 56847,20160707,  173,    0
 11104, 56847,20160708,  174,    0
 11104, 56847,20160709,  176,    0
 11104, 56847,20160710,  193,    0
 11104, 56847,20160711,  175,    0
 11104, 56847,20160712,  142,    0
 11104, 56847,20160713,  140,    0
 11104, 56847,20160714,  148,    0
 11104, 56847,20160715,  142,    0
 11104, 56847,20160716,  192,    0
 11104, 56847,20160717,  190,    0
 11104, 56847,20160718,  197,    0
 11104, 56847,20160719,  220,    0
 11104, 56847,20160720,  223,    0
 11104, 56847,20160721,  189,    0
 11104, 56847,20160722,  194,    0
 11104, 56847,20160723,  194,    0
 11104, 56847,20160724,  194,    0
 11104, 56847,20160725,  172,    0
 11104, 56847,20160726,  168,    0
 11104, 56847,20160727,  200,    1
 11104, 56847,20160728,  150,    0
 11104, 56847,20160729,  178,    0
 11104, 56847,20160730,  155,    0
 11104, 56847,20160731,  149,    0
 11104, 56847,20160801,  155,    0
 11104, 56847,20160802,  166,    0
 11104, 56847,20160803,  198,    0
 11104, 56847,20160804,  184,    0
 11104, 56847,20160805,  175,    0
 11104, 56847,20160806,  184,    0
 11104, 56847,20160807,  210,    1
 11104, 56847,20160808,  170,    0
 11104, 56847,20160809,  138,    0
 11104, 56847,20160810,  140,    0
 11104, 56847,20160811,  164,    0
 11104, 56847,20160812,  196,    0
 11104, 56847,20160813,  182,    0
 11104, 56847,20160814,  171,    0
 11104, 56847,20160815,  160,    0
 11104, 56847,20160816,  156,    0
 11104, 56847,20160817,  161,    0
 11104, 56847,20160818,  180,    0
 11104, 56847,20160819,  154,    0
 11104, 56847,20160820,  174,    0
 11104, 56847,20160821,  185,    0
 11104, 56847,20160822,  198,    0
 11104, 56847,20160823,  228,    0
 11104, 56847,20160824,  216,    1
 11104, 56847,20160825,  182,    0
 11104, 56847,20160826,  180,    0
 11104, 56847,20160827,  158,    0
 11104, 56847,20160828,  173,    0
 11104, 56847,20160829,  170,    0
 11104, 56847,20160830,  184,    0
 11104, 56847,20160831,  176,    0
 11104, 56847,20160901,  181,    0
 11104, 56847,20160902,  172,    0
 11104, 56847,20160903,  145,    0
 11104, 56847,20160904,  166,    0
 11104, 56847,20160905,  174,    0
 11104, 56847,20160906,  213,    0
 11104, 56847,20160907,  206,    0
 11104, 56847,20160908,  171,    0
 11104, 56847,20160909,  182,    1
 11104, 56847,20160910,  138,    0
 11104, 56847,20160911,  144,    0
 11104, 56847,20160912,  162,    0
 11104, 56847,20160913,  215,    0
 11104, 56847,20160914,  204,    0
 11104, 56847,20160915,  189,    1
 11104, 56847,20160916,  148,    0
 11104, 56847,20160917,  142,    0
 11104, 56847,20160918,  154,    1
 11104, 56847,20160919,  139,    0
 11104, 56847,20160920,  140,    0
 11104, 56847,20160921,  134,    0
 11104, 56847,20160922,  156,    0
 11104, 56847,20160923,  129,    0
 11104, 56847,20160924,  152,    0
 11104, 56847,20160925,  155,    1
 11104, 56847,20160926,  120,    0
 11104, 56847,20160927,  137,    0
 11104, 56847,20160928,  173,    0
 11104, 56847,20160929,  168,    0
 11104, 56847,20160930,  125,    0
 11104, 56847,20161001,  101,    0
 11104, 56847,20161002,  118,    0
 11104, 56847,20161003,   94,    0
 11104, 56847,20161004,  131,    0
 11104, 56847,20161005,  130,    0
 11104, 56847,20161006,  112,    0
 11104, 56847,20161007,  125,    0
 11104, 56847,20161008,  107,    0
 11104, 56847,20161009,   96,    0
 11104, 56847,20161010,   89,    0
 11104, 56847,20161011,  105,    0
 11104, 56847,20161012,  112,    0
 11104, 56847,20161013,   96,    0
 11104, 56847,20161014,   96,    0
 11104, 56847,20161015,  102,    0
 11104, 56847,20161016,  106,    0
 11104, 56847,20161017,  126,    1
 11104, 56847,20161018,  100,    0
 11104, 56847,20161019,  104,    0
 11104, 56847,20161020,  111,    0
 11104, 56847,20161021,   93,    0
 11104, 56847,20161022,   94,    0
 11104, 56847,20161023,   93,    0
 11104, 56847,20161024,   98,    0
 11104, 56847,20161025,   90,    0
 11104, 56847,20161026,  109,    0
 11104, 56847,20161027,  105,    0
 11104, 56847,20161028,  138,    0
 11104, 56847,20161029,  142,    1
 11104, 56847,20161030,  120,    0
 11104, 56847,20161031,  124,    1
 11104, 56847,20161101,   92,    0
 11104, 56847,20161102,   51,    0
 11104, 56847,20161103,   54,    0
 11104, 56847,20161104,   80,    0
 11104, 56847,20161105,   54,    0
 11104, 56847,20161106,   43,    0
 11104, 56847,20161107,   52,    1
 11104, 56847,20161108,   20,    0
 11104, 56847,20161109,   38,    0
 11104, 56847,20161110,   46,    0
 11104, 56847,20161111,   45,    0
 11104, 56847,20161112,   58,    0
 11104, 56847,20161113,   64,    0
 11104, 56847,20161114,   92,    0
 11104, 56847,20161115,  117,    0
 11104, 56847,20161116,  104,    1
 11104, 56847,20161117,   70,    1
 11104, 56847,20161118,   45,    0
 11104, 56847,20161119,   40,    0
 11104, 56847,20161120,   30,    0
 11104, 56847,20161121,   64,    0
 11104, 56847,20161122,   67,    0
 11104, 56847,20161123,   62,    0
 11104, 56847,20161124,   69,    0
 11104, 56847,20161125,   78,    1
 11104, 56847,20161126,   36,    0
 11104, 56847,20161127,   51,    0
 11104, 56847,20161128,   56,    0
 11104, 56847,20161129,    8,    0
 11104, 56847,20161130,   21,    0
 11104, 56847,20161201,   45,    0
 11104, 56847,20161202,   52,    0
 11104, 56847,20161203,   57,    0
 11104, 56847,20161204,   39,    0
 11104, 56847,20161205,    7,    0
 11104, 56847,20161206,   38,    0
 11104, 56847,20161207,   67,    0
 11104, 56847,20161208,  119,    0
 11104, 56847,20161209,   84,    0
 11104, 56847,20161210,  106,    1
 11104, 56847,20161211,   70,    0
 11104, 56847,20161212,   48,    0
 11104, 56847,20161213,   56,    0
 11104, 56847,20161214,   67,    0
 11104, 56847,20161215,   50,    0
 11104, 56847,20161216,   66,    0
 11104, 56847,20161217,   66,    0
 11104, 56847,20161218,   38,    0
 11104, 56847,20161219,   45,    0
 11104, 56847,20161220,   50,    0
 11104, 56847,20161221,   52,    0
 11104, 56847,20161222,   41,    0
 11104, 56847,20161223,   67,    0
 11104, 56847,20161224,   77,    0
 11104, 56847,20161225,   96,    1
 11104, 56847,20161226,   60,    1
 11104, 56847,20161227,   33,    1
 11104, 56847,20161228,   -8,    0
 11104, 56847,20161229,    2,    0
 11104, 56847,20161230,   20,    0
 11104, 56847,20161231,   56,    1
 11104, 56847,20170101,   50,    1
 11104, 56847,20170102,   19,    0
 11104, 56847,20170103,   28,    0
 11104, 56847,20170104,   38,    0
 11104, 56847,20170105,   23,    0
 11104, 56847,20170106,   20,    0
 11104, 56847,20170107,   51,    0
 11104, 56847,20170108,   70,    0
 11104, 56847,20170109,   69,    0
 11104, 56847,20170110,   66,    0
 11104, 56847,20170111,   76,    1
 11104, 56847,20170112,   40,    0
 11104, 56847,20170113,   21,    0
 11104, 56847,20170114,   22,    0
 11104, 56847,20170115,   48,    1
 11104, 56847,20170116,   35,    0
 11104, 56847,20170117,   30,    0
 11104, 56847,20170118,   43,    0
 11104, 56847,20170119,   55,    0
 11104, 56847,20170120,   16,    0
 11104, 56847,20170121,   11,    0
 11104, 56847,20170122,   -8,    0
 11104, 56847,20170123,    6,    0
 11104, 56847,20170124,   37,    1
 11104, 56847,20170125,    6,    1
 11104, 56847,20170126,  -11,    0
 11104, 56847,20170127,   -6,    0
 11104, 56847,20170128,   30,    0
 11104, 56847,20170129,   30,    0
 11104, 56847,20170130,   40,    0
 11104, 56847,20170131,   57,    0
 11104, 56847,20170201,   73,    0
 11104, 56847,20170202,   91,    0
 11104, 56847,20170203,   73,    0
 11104, 56847,20170204,   45,    0
 11104, 56847,20170205,   18,    0
 11104, 56847,20170206,   13,    0
 11104, 56847,20170207,   42,    1
 11104, 56847,20170208,   28,    1
 11104, 56847,20170209,   12,    0
 11104, 56847,20170210,   14,    0
 11104, 56847,20170211,   15,    0
 11104, 56847,20170212,   21,    0
 11104, 56847,20170213,   42,    0
 11104, 56847,20170214,   36,    0
 11104, 56847,20170215,   69,    0
 11104, 56847,20170216,   71,    0
 11104, 56847,20170217,   91,    0
 11104, 56847,20170218,   70,    0
 11104, 56847,20170219,   89,    0
 11104, 56847,20170220,  117,    0
 11104, 56847,20170221,   96,    0
 11104, 56847,20170222,  102,    1
 11104, 56847,20170223,   80,    0
 11104, 56847,20170224,   55,    0
 11104, 56847,20170225,   58,    0
 11104, 56847,20170226,   92,    0
 11104, 56847,20170227,   72,    1
 11104, 56847,20170228,   35,    0
 11104, 56847,20170301,   50,    0
 11104, 56847,20170302,   55,    0
 11104, 56847,20170303,   42,    0
 11104, 56847,20170304,   75,    1
 11104, 56847,20170305,   50,    0
 11104, 56847,20170306,   63,    0
 11104, 56847,20170307,   60,    0
 11104, 56847,20170308,   89,    0
 11104, 56847,20170309,   86,    0
 11104, 56847,20170310,   84,    0
 11104, 56847,20170311,  101,    0
 11104, 56847,20170312,  107,    0
 11104, 56847,20170313,   88,    0
 11104, 56847,20170314,  101,    0
 11104, 56847,20170315,  105,    0
 11104, 56847,20170316,   83,    0
 11104, 56847,20170317,   75,    0
 11104, 56847,20170318,  103,    0
 11104, 56847,20170319,  132,    1
 11104, 56847,20170320,  108,    1
 11104, 56847,20170321,   62,    0
 11104, 56847,20170322,   57,    0
 11104, 56847,20170323,   65,    0
 11104, 56847,20170324,   71,    0
 11104, 56847,20170325,   74,    0
 11104, 56847,20170326,   80,    0
 11104, 56847,20170327,   62,    0
 11104, 56847,20170328,   93,    0
 11104, 56847,20170329,  108,    0
 11104, 56847,20170330,  164,    0
 11104, 56847,20170331,  142,    1
 11104, 56847,20170401,   81,    0
 11104, 56847,20170402,   93,    0
 11104, 56847,20170403,   99,    0
 11104, 56847,20170404,   99,    0
 11104, 56847,20170405,   78,    0
 11104, 56847,20170406,   93,    0
 11104, 56847,20170407,   82,    0
 11104, 56847,20170408,  106,    0
 11104, 56847,20170409,  136,    0
 11104, 56847,20170410,   94,    0
 11104, 56847,20170411,   86,    0
 11104, 56847,20170412,  106,    0
 11104, 56847,20170413,   75,    0
 11104, 56847,20170414,  100,    0
 11104, 56847,20170415,   94,    0
 11104, 56847,20170416,   83,    0
 11104, 56847,20170417,   84,    0
 11104, 56847,20170418,   60,    0
 11104, 56847,20170419,   68,    0
 11104, 56847,20170420,  101,    0
 11104, 56847,20170421,   99,    0
 11104, 56847,20170422,   98,    0
 11104, 56847,20170423,   94,    0
 11104, 56847,20170424,   93,    0
 11104, 56847,20170425,   48,    0
 11104, 56847,20170426,   53,    0
 11104, 56847,20170427,   51,    0
 11104, 56847,20170428,   82,    0
 11104, 56847,20170429,  106,    0
 11104, 56847,20170430,  104,    0
 11104, 56847,20170501,  120,    0
 11104, 56847,20170502,   87,    0
 11104, 56847,20170503,   88,    0
 11104, 56847,20170504,  102,    0
 11104, 56847,20170505,  105,    1
 11104, 56847,20170506,   92,    0
 11104, 56847,20170507,   97,    0
 11104, 56847,20170508,   87,    0
 11104, 56847,20170509,   89,    0
 11104, 56847,20170510,   88,    0
 11104, 56847,20170511,  101,    0
 11104, 56847,20170512,  127,    0
 11104, 56847,20170513,  131,    0
 11104, 56847,20170514,  139,    0
 11104, 56847,20170515,  114,    0
 11104, 56847,20170516,  155,    0
 11104, 56847,20170517,  152,    0
 11104, 56847,20170518,  124,    0
 11104, 56847,20170519,  113,    0
 11104, 56847,20170520,  118,    0
 11104, 56847,20170521,  121,    0
 11104, 56847,20170522,  146,    0
 11104, 56847,20170523,  158,    0
 11104, 56847,20170524,  180,    0
 11104, 56847,20170525,  184,    0
 11104, 56847,20170526,  174,    0
 11104, 56847,20170527,  181,    0
 11104, 56847,20170528,  175,    1
 11104, 56847,20170529,  151,    0
 11104, 56847,20170530,  166,    0
 11104, 56847,20170531,  157,    0
 11104, 56847,20170601,  176,    0
 11104, 56847,20170602,  167,    0
 11104, 56847,20170603,  162,    0
 11104, 56847,20170604,  137,    0
 11104, 56847,20170605,  121,    0
 11104, 56847,20170606,  126,    0
 11104, 56847,20170607,  143,    0
 11104, 56847,20170608,  153,    0
 11104, 56847,20170609,  150,    0
 11104, 56847,20170610,  170,    0
 11104, 56847,20170611,  169,    0
 11104, 56847,20170612,  149,    0
 11104, 56847,20170613,  167,    0
 11104, 56847,20170614,  178,    0
 11104, 56847,20170615,  172,    0
 11104, 56847,20170616,  171,    0
 11104, 56847,20170617,  216,    0
 11104, 56847,20170618,  226,    0
 11104, 56847,20170619,  234,    1
 11104, 56847,20170620,  181,    0
 11104, 56847,20170621,  198,    0
 11104, 56847,20170622,  200,    0
 11104, 56847,20170623,  162,    0
 11104, 56847,20170624,  181,    0
 11104, 56847,20170625,  166,    0
 11104, 56847,20170626,  143,    0
 11104, 56847,20170627,  140,    1
 11104, 56847,20170628,  122,    0
 11104, 56847,20170629,  126,    0
 11104, 56847,20170630,  158,    0
 11104, 56847,20170701,  172,    0
 11104, 56847,20170702,  159,    0
 11104, 56847,20170703,  164,    0
 11104, 56847,20170704,  176,    0
 11104, 56847,20170705,  172,    0
 11104, 56847,20170706,  195,    0
 11104, 56847,20170707,  194,    0
 11104, 56847,20170708,  172,    0
 11104, 56847,20170709,  192,    0
 11104, 56847,20170710,  186,    1
 11104, 56847,20170711,  143,    0
 11104, 56847,20170712,  153,    0
 11104, 56847,20170713,  154,    0
 11104, 56847,20170714,  165,    0
 11104, 56847,20170715,  179,    0
 11104, 56847,20170716,  199,    0
 11104, 56847,20170717,  182,    0
 11104, 56847,20170718,  178,    0
 11104, 56847,20170719,  191,    1
 11104, 56847,20170720,  171,    0
 11104, 56847,20170721,  162,    0
 11104, 56847,20170722,  174,    0
 11104, 56847,20170723,  147,    0
 11104, 56847,20170724,  147,    0
 11104, 56847,20170725,  169,    0
 11104, 56847,20170726,  166,    0
 11104, 56847,20170727,  156,    0
 11104, 56847,20170728,  158,    0
 11104, 56847,20170729,  164,    0
 11104, 56847,20170730,  169,    0
 11104, 56847,20170731,  166,    0
 11104, 56847,20170801,  170,    0
 11104, 56847,20170802,  163,    0
 11104, 56847,20170803,  179,    0
 11104, 56847,20170804,  176,    0
 11104, 56847,20170805,  158,    0
 11104, 56847,20170806,  146,    0
 11104, 56847,20170807,  172,    1
 11104, 56847,20170808,  128,    0
 11104, 56847,20170809,  143,    0
 11104, 56847,20170810,  148,    0
 11104, 56847,20170811,  145,    0
 11104, 56847,20170812,  169,    0
 11104, 56847,20170813,  149,    0
 11104, 56847,20170814,  163,    0
 11104, 56847,20170815,  174,    0
 11104, 56847,20170816,  158,    0
 11104, 56847,20170817,  188,    0
 11104, 56847,20170818,  166,    0
 11104, 56847,20170819,  143,    0
 11104, 56847,20170820,  146,    0
 11104, 56847,20170821,  142,    0
 11104, 56847,20170822,  178,    0
 11104, 56847,20170823,  176,    0
 11104, 56847,20170824,  158,    0
 11104, 56847,20170825,  169,    0
 11104, 56847,20170826,  191,    0
 11104, 56847,20170827,  169,    0
 11104, 56847,20170828,  194,    1
 11104, 56847,20170829,  157,    1
 11104, 56847,20170830,  128,    0
 11104, 56847,20170831,  139,    0
 11104, 56847,20170901,  143,    0
 11104, 56847,20170902,  134,    0
 11104, 56847,20170903,  138,    0
 11104, 56847,20170904,  168,    0
 11104, 56847,20170905,  182,    1
 11104, 56847,20170906,  137,    0
 11104, 56847,20170907,  147,    0
 11104, 56847,20170908,  152,    0
 11104, 56847,20170909,  134,    0
 11104, 56847,20170910,  119,    0
 11104, 56847,20170911,  142,    0
 11104, 56847,20170912,  137,    0
 11104, 56847,20170913,  131,    0
 11104, 56847,20170914,  121,    0
 11104, 56847,20170915,  103,    0
 11104, 56847,20170916,  113,    0
 11104, 56847,20170917,  122,    0
 11104, 56847,20170918,  126,    0
 11104, 56847,20170919,  117,    0
 11104, 56847,20170920,  134,    0
 11104, 56847,20170921,  147,    0
 11104, 56847,20170922,  115,    0
 11104, 56847,20170923,  146,    0
 11104, 56847,20170924,  141,    0
 11104, 56847,20170925,  158,    0
 11104, 56847,20170926,  156,    0
 11104, 56847,20170927,  154,    0
 11104, 56847,20170928,  166,    0
 11104, 56847,20170929,  137,    0
 11104, 56847,20170930,  128,    0
 11104, 56847,20171001,  149,    0
 11104, 56847,20171002,  145,    0
 11104, 56847,20171003,  120,    0
 11104, 56847,20171004,  121,    0
 11104, 56847,20171005,  126,    0
 11104, 56847,20171006,  103,    0
 11104, 56847,20171007,  123,    0
 11104, 56847,20171008,  112,    0
 11104, 56847,20171009,  120,    0
 11104, 56847,20171010,  146,    0
 11104, 56847,20171011,  144,    0
 11104, 56847,20171012,  127,    0
 11104, 56847,20171013,  161,    0
 11104, 56847,20171014,  185,    1
 11104, 56847,20171015,  142,    0
 11104, 56847,20171016,  148,    0
 11104, 56847,20171017,  130,    1
 11104, 56847,20171018,  111,    0
 11104, 56847,20171019,  129,    0
 11104, 56847,20171020,  128,    0
 11104, 56847,20171021,  125,    1
 11104, 56847,20171022,  103,    0
 11104, 56847,20171023,  115,    0
 11104, 56847,20171024,  148,    0
 11104, 56847,20171025,  134,    0
 11104, 56847,20171026,  118,    0
 11104, 56847,20171027,   99,    0
 11104, 56847,20171028,   97,    0
 11104, 56847,20171029,  106,    1
 11104, 56847,20171030,   60,    0
 11104, 56847,20171031,   86,    0
 11104, 56847,20171101,  109,    1
 11104, 56847,20171102,   82,    0
 11104, 56847,20171103,   92,    0
 11104, 56847,20171104,   92,    0
 11104, 56847,20171105,   60,    0
 11104, 56847,20171106,   53,    0
 11104, 56847,20171107,   77,    0
 11104, 56847,20171108,   70,    0
 11104, 56847,20171109,   77,    0
 11104, 56847,20171110,   83,    0
 11104, 56847,20171111,   75,    1
 11104, 56847,20171112,   52,    0
 11104, 56847,20171113,   52,    0
 11104, 56847,20171114,   73,    0
 11104, 56847,20171115,   92,    0
 11104, 56847,20171116,   95,    1
 11104, 56847,20171117,   31,    0
 11104, 56847,20171118,   56,    0
 11104, 56847,20171119,   48,    0
 11104, 56847,20171120,   74,    0
 11104, 56847,20171121,  118,    0
 11104, 56847,20171122,  131,    1
 11104, 56847,20171123,   77,    1
 11104, 56847,20171124,   42,    0
 11104, 56847,20171125,   22,    0
 11104, 56847,20171126,   46,    0
 11104, 56847,20171127,   55,    0
 11104, 56847,20171128,   30,    0
 11104, 56847,20171129,   35,    1
 11104, 56847,20171130,   12,    0
 11104, 56847,20171201,   21,    0
 11104, 56847,20171202,   46,    0
 11104, 56847,20171203,   56,    0
 11104, 56847,20171204,   58,    0
 11104, 56847,20171205,   59,    0
 11104, 56847,20171206,   96,    0
 11104, 56847,20171207,  101,    1
 11104, 56847,20171208,   20,    1
 11104, 56847,20171209,   -3,    0
 11104, 56847,20171210,  -15,    0
 11104, 56847,20171211,    3,    0
 11104, 56847,20171212,    8,    0
 11104, 56847,20171213,   20,    0
 11104, 56847,20171214,   30,    0
 11104, 56847,20171215,   30,    0
 11104, 56847,20171216,   10,    0
 11104, 56847,20171217,   26,    0
 11104, 56847,20171218,   32,    0
 11104, 56847,20171219,   47,    0
 11104, 56847,20171220,   80,    0
 11104, 56847,20171221,   93,    0
 11104, 56847,20171222,   94,    1
 11104, 56847,20171223,   79,    0
 11104, 56847,20171224,   88,    0
 11104, 56847,20171225,  102,    1
 11104, 56847,20171226,   42,    1
 11104, 56847,20171227,   19,    0
 11104, 56847,20171228,   11,    0
 11104, 56847,20171229,   22,    0
 11104, 56847,20171230,   65,    0
 11104, 56847,20171231,   84,    0
 11104,903379,20180101,   50,    0
 11104,903379,20180102,   54,    0
 11104,903379,20180103,   72,    0
 11104,903379,20180104,   81,    0
 11104,903379,20180105,   46,    0
 11104,903379,20180106,   32,    0
 11104,903379,20180107,   23,    0
 11104,903379,20180108,   13,    0
 11104,903379,20180109,   28,    0
 11104,903379,20180110,   51,    0
 11104,903379,20180111,   58,    0
 11104,903379,20180112,   53,    0
 11104,903379,20180113,   51,    0
 11104,903379,20180114,   42,    0
 11104,903379,20180115,   63,    0
 11104,903379,20180116,   31,    0
 11104,903379,20180117,   32,    0
 11104,903379,20180118,   52,    0
 11104,903379,20180119,   30,    0
 11104,903379,20180120,   18,    0
 11104,903379,20180121,   -4,    0
 11104,903379,20180122,   48,    0
 11104,903379,20180123,   80,    0
 11104,903379,20180124,  111,    0
 11104,903379,20180125,   69,    0
 11104,903379,20180126,   36,    0
 11104,903379,20180127,   51,    0
 11104,903379,20180128,  102,    0
 11104,903379,20180129,  100,    0
 11104,903379,20180130,   41,    0
 11104,903379,20180131,   45,    0
 11104,903379,20180201,   41,    0
 11104,903379,20180202,   50,    0
 11104,903379,20180203,   17,    0
 11104,903379,20180204,   35,    0
 11104,903379,20180205,   20,    0
 11104,903379,20180206,   -3,    0
 11104,903379,20180207,   19,    0
 11104,903379,20180208,   25,    0
 11104,903379,20180209,   56,    0
 11104,903379,20180210,   31,    0
 11104,903379,20180211,   42,    0
 11104,903379,20180212,   25,    0
 11104,903379,20180213,   20,    0
 11104,903379,20180214,    1,    0
 11104,903379,20180215,   61,    0
 11104,903379,20180216,   43,    0
 11104,903379,20180217,   30,    0
 11104,903379,20180218,   28,    0
 11104,903379,20180219,   78,    0
 11104,903379,20180220,   79,    0
 11104,903379,20180221,   56,    0
 11104,903379,20180222,   17,    0
 11104,903379,20180223,    4,    0
 11104,903379,20180224,   20,    0
 11104,903379,20180225,    3,    0
 11104,903379,20180226,  -15,    0
 11104,903379,20180227,   -9,    0
 11104,903379,20180228,  -48,    0
 11104,903379,20180301,  -39,    0
 11104,903379,20180302,  -15,    0
 11104,903379,20180303,   -9,    0
 11104,903379,20180304,   30,    0
 11104,903379,20180305,   60,    0
 11104,903379,20180306,   64,    0
 11104,903379,20180307,   48,    0
 11104,903379,20180308,   39,    0
 11104,903379,20180309,   45,    0
 11104,903379,20180310,   97,    0
 11104,903379,20180311,   75,    0
 11104,903379,20180312,   61,    0
 11104,903379,20180313,   72,    0
 11104,903379,20180314,   55,    0
 11104,903379,20180315,   76,    0
 11104,903379,20180316,   85,    0
 11104,903379,20180317,   10,    0
 11104,903379,20180318,  -15,    0
 11104,903379,20180319,   19,    0
 11104,903379,20180320,   47,    0
 11104,903379,20180321,   46,    0
 11104,903379,20180322,   85,    0
 11104,903379,20180323,-9999,    9
 11104,903379,20180324,   66,    0
 11104,903379,20180325,   88,    0
 11104,903379,20180326,   69,    0
 11104,903379,20180327,   73,    0
 11104,903379,20180328,   59,    0
 11104,903379,20180329,   45,    0
 11104,903379,20180330,   55,    0
 11104,903379,20180331,   55,    0
 11104,903379,20180401,   41,    0
 11104,903379,20180402,   60,    0
 11104,903379,20180403,  112,    0
 11104,903379,20180404,   92,    0
 11104,903379,20180405,   66,    0
 11104,903379,20180406,   74,    0
 11104,903379,20180407,   97,    0
 11104,903379,20180408,   86,    0
 11104,903379,20180409,   78,    0
 11104,903379,20180410,   78,    0
 11104,903379,20180411,   63,    0
 11104,903379,20180412,   57,    0
 11104,903379,20180413,   80,    0
 11104,903379,20180414,  119,    0
 11104,903379,20180415,   93,    0
 11104,903379,20180416,  111,    0
 11104,903379,20180417,  125,    0
 11104,903379,20180418,  171,    0
 11104,903379,20180419,  171,    0
 11104,903379,20180420,  158,    0
 11104,903379,20180421,  143,    0
 11104,903379,20180422,  171,    0
 11104,903379,20180423,  112,    0
 11104,903379,20180424,  113,    0
 11104,903379,20180425,  100,    0
 11104,903379,20180426,   98,    0
 11104,903379,20180427,   64,    0
 11104,903379,20180428,   64,    0
 11104,903379,20180429,   66,    0
 11104,903379,20180430,   69,    0
 11104,903379,20180501,   77,    0
 11104,903379,20180502,  104,    0
 11104,903379,20180503,   98,    0
 11104,903379,20180504,  117,    0
 11104,903379,20180505,  141,    0
 11104,903379,20180506,  148,    0
 11104,903379,20180507,  168,    0
 11104,903379,20180508,  162,    0
 11104,903379,20180509,  137,    0
 11104,903379,20180510,  121,    0
 11104,903379,20180511,  103,    0
 11104,903379,20180512,  120,    0
 11104,903379,20180513,  138,    0
 11104,903379,20180514,  132,    0
 11104,903379,20180515,  150,    0
 11104,903379,20180516,  116,    0
 11104,903379,20180517,   85,    0
 11104,903379,20180518,  100,    0
 11104,903379,20180519,  117,    0
 11104,903379,20180520,  134,    0
 11104,903379,20180521,  136,    0
 11104,903379,20180522,  137,    0
 11104,903379,20180523,  122,    0
 11104,903379,20180524,  137,    0
 11104,903379,20180525,  130,    0
 11104,903379,20180526,  154,    0
 11104,903379,20180527,  165,    0
 11104,903379,20180528,  167,    0
 11104,903379,20180529,  138,    0
 11104,903379,20180530,  137,    0
 11104,903379,20180531,  168,    0
 11104,903379,20180601,  173,    0
 11104,903379,20180602,  172,    0
 11104,903379,20180603,  188,    0
 11104,903379,20180604,  138,    0
 11104,903379,20180605,  136,    0
 11104,903379,20180606,  120,    0
 11104,903379,20180607,  140,    0
 11104,903379,20180608,  141,    0
 11104,903379,20180609,  131,    0
 11104,903379,20180610,  139,    0
 11104,903379,20180611,  154,    0
 11104,903379,20180612,  135,    0
 11104,903379,20180613,  148,    0
 11104,903379,20180614,  171,    0
 11104,903379,20180615,  144,    0
 11104,903379,20180616,  155,    0
 11104,903379,20180617,  143,    0
 11104,903379,20180618,  185,    0
 11104,903379,20180619,  189,    0
 11104,903379,20180620,  198,    0
 11104,903379,20180621,  139,    0
 11104,903379,20180622,  147,    0
 11104,903379,20180623,  142,    0
 11104,903379,20180624,  163,    0
 11104,903379,20180625,  193,    0
 11104,903379,20180626,  175,    0
 11104,903379,20180627,  165,    0
 11104,903379,20180628,  177,    0
 11104,903379,20180629,  175,    0
 11104,903379,20180630,  178,    0
 11104,903379,20180701,  186,    0
 11104,903379,20180702,  186,    0
 11104,903379,20180703,  158,    0
 11104,903379,20180704,  166,    0
 11104,903379,20180705,  196,    0
 11104,903379,20180706,  212,    0
 11104,903379,20180707,  210,    0
 11104,903379,20180708,  198,    0
 11104,903379,20180709,  183,    0
 11104,903379,20180710,  167,    0
 11104,903379,20180711,  165,    0
 11104,903379,20180712,  165,    0
 11104,903379,20180713,  162,    0
 11104,903379,20180714,  198,    0
 11104,903379,20180715,  217,    0
 11104,903379,20180716,  214,    0
 11104,903379,20180717,  185,    0
 11104,903379,20180718,  193,    0
 11104,903379,20180719,  205,    0
 11104,903379,20180720,  205,    0
 11104,903379,20180721,  195,    0
 11104,903379,20180722,  210,    0
 11104,903379,20180723,-9999,    9
 11104,903379,20180724,-9999,    9
 11104,903379,20180725,-9999,    9
 11104,903379,20180726,-9999,    9
 11104,903379,20180727,-9999,    9
 11104,903379,20180728,-9999,    9
 11104,903379,20180729,-9999,    9
 11104,903379,20180730,-9999,    9
 11104,903379,20180731,-9999,    9
 11104,903379,20180801,-9999,    9
 11104,903379,20180802,-9999,    9
 11104,903379,20180803,-9999,    9
 11104,903379,20180804,-9999,    9
 11104,903379,20180805,-9999,    9
 11104,903379,20180806,-9999,    9
 11104,903379,20180807,-9999,    9
 11104,903379,20180808,-9999,    9
 11104,903379,20180809,-9999,    9
 11104,903379,20180810,-9999,    9
 11104,903379,20180811,-9999,    9
 11104,903379,20180812,  176,    0
 11104,903379,20180813,  190,    0
 11104,903379,20180814,  186,    0
 11104,903379,20180815,  203,    0
 11104,903379,20180816,  185,    0
 11104,903379,20180817,  155,    0
 11104,903379,20180818,  190,    0
 11104,903379,20180819,  203,    0
 11104,903379,20180820,  203,    0
 11104,903379,20180821,  215,    0
 11104,903379,20180822,  196,    0
 11104,903379,20180823,  155,    0
 11104,903379,20180824,  135,    0
 11104,903379,20180825,  133,    0
 11104,903379,20180826,  118,    0
 11104,903379,20180827,  161,    0
 11104,903379,20180828,  163,    0
 11104,903379,20180829,  166,    0
 11104,903379,20180830,  139,    0
 11104,903379,20180831,  133,    0
 11104,903379,20180901,  163,    0
 11104,903379,20180902,  170,    0
 11104,903379,20180903,  166,    0
 11104,903379,20180904,  143,    0
 11104,903379,20180905,  145,    0
 11104,903379,20180906,  139,    0
 11104,903379,20180907,  113,    0
 11104,903379,20180908,  135,    0
 11104,903379,20180909,  170,    0
 11104,903379,20180910,  146,    0
 11104,903379,20180911,  174,    0
 11104,903379,20180912,  140,    0
 11104,903379,20180913,  128,    0
 11104,903379,20180914,  138,    0
 11104,903379,20180915,  140,    0
 11104,903379,20180916,  174,    0
 11104,903379,20180917,  178,    0
 11104,903379,20180918,  169,    0
 11104,903379,20180919,  193,    0
 11104,903379,20180920,  147,    0
 11104,903379,20180921,  114,    0
 11104,903379,20180922,  110,    0
 11104,903379,20180923,   99,    0
 11104,903379,20180924,  101,    0
 11104,903379,20180925,  106,    0
 11104,903379,20180926,  165,    0
 11104,903379,20180927,  186,    0
 11104,903379,20180928,  108,    0
 11104,903379,20180929,  106,    0
 11104,903379,20180930,   93,    0
 11104,903379,20181001,   95,    0
 11104,903379,20181002,  133,    0
 11104,903379,20181003,  121,    0
 11104,903379,20181004,  160,    0
 11104,903379,20181005,  141,    0
 11104,903379,20181006,   80,    0
 11104,903379,20181007,   80,    0
 11104,903379,20181008,  129,    0
 11104,903379,20181009,  156,    0
 11104,903379,20181010,  144,    0
 11104,903379,20181011,  159,    0
 11104,903379,20181012,  153,    0
 11104,903379,20181013,  218,    0
 11104,903379,20181014,  134,    0
 11104,903379,20181015,   98,    0
 11104,903379,20181016,  130,    0
 11104,903379,20181017,  139,    0
 11104,903379,20181018,  101,    0
 11104,903379,20181019,   80,    0
 11104,903379,20181020,  119,    0
 11104,903379,20181021,  139,    0
 11104,903379,20181022,   93,    0
 11104,903379,20181023,  115,    0
 11104,903379,20181024,  132,    0
 11104,903379,20181025,  105,    0
 11104,903379,20181026,   90,    0
 11104,903379,20181027,   35,    0
 11104,903379,20181028,   58,    0
 11104,903379,20181029,   46,    0
 11104,903379,20181030,   49,    0
 11104,903379,20181031,   49,    0
 11104,903379,20181101,   79,    0
 11104,903379,20181102,   63,    0
 11104,903379,20181103,   80,    0
 11104,903379,20181104,   85,    0
 11104,903379,20181105,   85,    0
 11104,903379,20181106,  106,    0
 11104,903379,20181107,  123,    0
 11104,903379,20181108,   86,    0
 11104,903379,20181109,   73,    0
 11104,903379,20181110,  109,    0
 11104,903379,20181111,   95,    0
 11104,903379,20181112,   91,    0
 11104,903379,20181113,   98,    0
 11104,903379,20181114,  113,    0
 11104,903379,20181115,   75,    0
 11104,903379,20181116,-9999,    9
 11104,903379,20181117,   89,    0
 11104,903379,20181118,   70,    0
 11104,903379,20181119,   67,    0
 11104,903379,20181120,   48,    0
 11104,903379,20181121,   41,    0
 11104,903379,20181122,   14,    0
 11104,903379,20181123,   37,    0
 11104,903379,20181124,   76,    0
 11104,903379,20181125,   57,    0
 11104,903379,20181126,   60,    0
 11104,903379,20181127,   28,    0
 11104,903379,20181128,  100,    0
 11104,903379,20181129,  110,    0
 11104,903379,20181130,   80,    0
 11104,903379,20181201,   77,    0
 11104,903379,20181202,  115,    0
 11104,903379,20181203,  109,    0
 11104,903379,20181204,   34,    0
 11104,903379,20181205,   62,    0
 11104,903379,20181206,  108,    0
 11104,903379,20181207,  121,    0
 11104,903379,20181208,   75,    0
 11104,903379,20181209,   81,    0
 11104,903379,20181210,   56,    0
 11104,903379,20181211,   28,    0
 11104,903379,20181212,   25,    0
 11104,903379,20181213,   21,    0
 11104,903379,20181214,   11,    0
 11104,903379,20181215,    7,    0
 11104,903379,20181216,   43,    0
 11104,903379,20181217,   57,    0
 11104,903379,20181218,   54,    0
 11104,903379,20181219,   61,    0
 11104,903379,20181220,   62,    0
 11104,903379,20181221,   71,    0
 11104,903379,20181222,   82,    0
 11104,903379,20181223,   56,    0
 11104,903379,20181224,   48,    0
 11104,903379,20181225,   34,    0
 11104,903379,20181226,   82,    0
 11104,903379,20181227,   71,    0
 11104,903379,20181228,   85,    0
 11104,903379,20181229,   92,    0
 11104,903379,20181230,   79,    0
 11104,903379,20181231,   80,    0
 11104,903379,20190101,   82,    0
 11104,903379,20190102,   42,    0
 11104,903379,20190103,   33,    0
 11104,903379,20190104,    8,    0
 11104,903379,20190105,   42,    0
 11104,903379,20190106,   65,    0
 11104,903379,20190107,   89,    0
 11104,903379,20190108,   75,    0
 11104,903379,20190109,   36,    0
 11104,903379,20190110,   38,    0
 11104,903379,20190111,   72,    0
 11104,903379,20190112,   75,    0
 11104,903379,20190113,   95,    0
 11104,903379,20190114,   68,    0
 11104,903379,20190115,   65,    0
 11104,903379,20190116,   85,    0
 11104,903379,20190117,   25,    0
 11104,903379,20190118,   -6,    0
 11104,903379,20190119,   14,    0
 11104,903379,20190120,   12,    0
 11104,903379,20190121,   46,    0
 11104,903379,20190122,   31,    0
 11104,903379,20190123,    3,    0
 11104,903379,20190124,    1,    0
 11104,903379,20190125,   46,    0
 11104,903379,20190126,   85,    0
 11104,903379,20190127,   46,    0
 11104,903379,20190128,   28,    0
 11104,903379,20190129,    3,    0
 11104,903379,20190130,   11,    0
 11104,903379,20190131,  -24,    0
 11104,903379,20190201,   10,    0
 11104,903379,20190202,   10,    0
 11104,903379,20190203,    9,    0
 11104,903379,20190204,   69,    0
 11104,903379,20190205,   35,    0
 11104,903379,20190206,   71,    0
 11104,903379,20190207,   53,    0
 11104,903379,20190208,   81,    0
 11104,903379,20190209,   75,    0
 11104,903379,20190210,   56,    0
 11104,903379,20190211,   44,    0
 11104,903379,20190212,   53,    0
 11104,903379,20190213,   98,    0
 11104,903379,20190214,   60,    0
 11104,903379,20190215,   55,    0
 11104,903379,20190216,  100,    0
 11104,903379,20190217,   99,    0
 11104,903379,20190218,   85,    0
 11104,903379,20190219,   77,    0
 11104,903379,20190220,   97,    0
 11104,903379,20190221,  121,    0
 11104,903379,20190222,   88,    0
 11104,903379,20190223,   96,    0
 11104,903379,20190224,   80,    0
 11104,903379,20190225,   76,    0
 11104,903379,20190226,   91,    0
 11104,903379,20190227,   83,    0
 11104,903379,20190228,   59,    0
 11104,903379,20190301,   73,    0
 11104,903379,20190302,   98,    0
 11104,903379,20190303,   88,    0
 11104,903379,20190304,   67,    0
 11104,903379,20190305,   71,    0
 11104,903379,20190306,   99,    0
 11104,903379,20190307,   62,    0
 11104,903379,20190308,   47,    0
 11104,903379,20190309,   76,    0
 11104,903379,20190310,   57,    0
 11104,903379,20190311,   54,    0
 11104,903379,20190312,   79,    0
 11104,903379,20190313,   73,    0
 11104,903379,20190314,   90,    0
 11104,903379,20190315,  103,    0
 11104,903379,20190316,   87,    0
 11104,903379,20190317,   56,    0
 11104,903379,20190318,   54,    0
 11104,903379,20190319,   89,    0
 11104,903379,20190320,  119,    0
 11104,903379,20190321,  106,    0
 11104,903379,20190322,  121,    0
 11104,903379,20190323,   87,    0
 11104,903379,20190324,   64,    0
 11104,903379,20190325,   75,    0
 11104,903379,20190326,   71,    0
 11104,903379,20190327,   96,    0
 11104,903379,20190328,   95,    0
 11104,903379,20190329,   99,    0
 11104,903379,20190330,   95,    0
 11104,903379,20190331,   77,    0
 11104,903379,20190401,   61,    0
 11104,903379,20190402,   41,    0
 11104,903379,20190403,   52,    0
 11104,903379,20190404,   44,    0
 11104,903379,20190405,   78,    0
 11104,903379,20190406,   69,    0
 11104,903379,20190407,   92,    0
 11104,903379,20190408,  111,    0
 11104,903379,20190409,   83,    0
 11104,903379,20190410,   60,    0
 11104,903379,20190411,   59,    0
 11104,903379,20190412,   40,    0
 11104,903379,20190413,   43,    0
 11104,903379,20190414,   47,    0
 11104,903379,20190415,   66,    0
 11104,903379,20190416,   86,    0
 11104,903379,20190417,  119,    0
 11104,903379,20190418,  118,    0
 11104,903379,20190419,  135,    0
 11104,903379,20190420,  135,    0
 11104,903379,20190421,  125,    0
 11104,903379,20190422,  126,    0
 11104,903379,20190423,  135,    0
 11104,903379,20190424,  132,    0
 11104,903379,20190425,  103,    0
 11104,903379,20190426,   95,    0
 11104,903379,20190427,   80,    0
 11104,903379,20190428,   84,    0
 11104,903379,20190429,-9999,    9
 11104,903379,20190430,   92,    0
