EUROPEAN CLIMATE ASSESSMENT & DATASET (ECA&D), file created on: 13-05-2019
THESE DATA CAN BE USED FOR NON-COMMERCIAL RESEARCH AND EDUCATION PROVIDED THAT THE FOLLOWING SOURCE IS ACKNOWLEDGED: 

Klein Tank, A.M.G. and Coauthors, 2002. Daily dataset of 20th-century surface
air temperature and precipitation series for the European Climate Assessment.
Int. J. of Climatol., 22, 1441-1453.
Data and metadata available at http://www.ecad.eu

FILE FORMAT (MISSING VALUE CODE = -9999):

01-06 STAID: Station identifier
08-13 SOUID: Source identifier
15-22 DATE : Date YYYYMMDD
24-28 TG   : Mean temperature in 0.1 &#176;C
30-34 Q_TG : quality code for TG (0='valid'; 1='suspect'; 9='missing')

This is the blended series of station BAR, MONTENEGRO (STAID: 11378)
Blended and updated with sources:75535 913461 
See files sources.txt and stations.txt for more info.

STAID, SOUID,    DATE,   TG, Q_TG
 11378, 75535,20160701,  247,    0
 11378, 75535,20160702,  252,    0
 11378, 75535,20160703,  261,    0
 11378, 75535,20160704,  269,    0
 11378, 75535,20160705,  286,    0
 11378, 75535,20160706,  263,    0
 11378, 75535,20160707,  281,    0
 11378, 75535,20160708,  266,    0
 11378, 75535,20160709,  252,    0
 11378,913461,20160710,  271,    0
 11378, 75535,20160711,  271,    0
 11378, 75535,20160712,  268,    0
 11378, 75535,20160713,  271,    0
 11378, 75535,20160714,  278,    0
 11378, 75535,20160715,  257,    0
 11378, 75535,20160716,  206,    0
 11378, 75535,20160717,  222,    0
 11378, 75535,20160718,  253,    0
 11378, 75535,20160719,  276,    0
 11378, 75535,20160720,  272,    0
 11378,913461,20160721,  268,    0
 11378, 75535,20160722,  252,    0
 11378, 75535,20160723,  258,    0
 11378, 75535,20160724,  265,    0
 11378, 75535,20160725,  283,    0
 11378, 75535,20160726,  266,    0
 11378, 75535,20160727,  258,    0
 11378, 75535,20160728,  266,    0
 11378, 75535,20160729,  263,    0
 11378, 75535,20160730,  267,    0
 11378, 75535,20160731,  275,    0
 11378, 75535,20160801,  271,    0
 11378, 75535,20160802,  269,    0
 11378, 75535,20160803,  279,    0
 11378, 75535,20160804,  277,    0
 11378, 75535,20160805,  262,    0
 11378, 75535,20160806,  264,    0
 11378, 75535,20160807,  266,    0
 11378, 75535,20160808,  267,    0
 11378, 75535,20160809,  267,    0
 11378, 75535,20160810,  252,    0
 11378, 75535,20160811,  254,    0
 11378, 75535,20160812,  255,    0
 11378, 75535,20160813,  244,    0
 11378, 75535,20160814,  239,    0
 11378, 75535,20160815,  233,    0
 11378, 75535,20160816,  231,    0
 11378, 75535,20160817,  225,    0
 11378, 75535,20160818,  247,    0
 11378, 75535,20160819,  242,    0
 11378, 75535,20160820,  248,    0
 11378, 75535,20160821,  252,    0
 11378, 75535,20160822,  253,    0
 11378, 75535,20160823,  268,    0
 11378, 75535,20160824,  294,    0
 11378, 75535,20160825,  293,    0
 11378, 75535,20160826,  281,    0
 11378, 75535,20160827,  257,    0
 11378, 75535,20160828,  239,    0
 11378, 75535,20160829,  240,    0
 11378, 75535,20160830,  248,    0
 11378, 75535,20160831,  259,    0
 11378, 75535,20160901,  240,    0
 11378, 75535,20160902,  253,    0
 11378, 75535,20160903,  267,    0
 11378, 75535,20160904,  261,    0
 11378, 75535,20160905,  232,    0
 11378, 75535,20160906,  209,    0
 11378, 75535,20160907,  232,    0
 11378, 75535,20160908,  254,    0
 11378, 75535,20160909,  255,    0
 11378, 75535,20160910,  249,    0
 11378, 75535,20160911,  241,    0
 11378, 75535,20160912,  245,    0
 11378, 75535,20160913,  238,    0
 11378, 75535,20160914,  241,    0
 11378, 75535,20160915,  234,    0
 11378, 75535,20160916,  230,    0
 11378, 75535,20160917,  242,    0
 11378, 75535,20160918,  236,    0
 11378, 75535,20160919,  217,    0
 11378, 75535,20160920,  200,    0
 11378, 75535,20160921,  220,    0
 11378, 75535,20160922,  217,    0
 11378, 75535,20160923,  211,    0
 11378, 75535,20160924,  198,    0
 11378, 75535,20160925,  206,    0
 11378, 75535,20160926,  229,    0
 11378, 75535,20160927,  224,    0
 11378, 75535,20160928,  212,    0
 11378, 75535,20160929,  202,    0
 11378, 75535,20160930,  203,    0
 11378, 75535,20161001,  197,    0
 11378, 75535,20161002,  210,    0
 11378, 75535,20161003,  222,    0
 11378, 75535,20161004,  210,    0
 11378, 75535,20161005,  196,    0
 11378, 75535,20161006,  162,    0
 11378, 75535,20161007,  177,    0
 11378, 75535,20161008,  189,    0
 11378, 75535,20161009,  168,    0
 11378, 75535,20161010,  163,    0
 11378, 75535,20161011,  164,    0
 11378, 75535,20161012,  166,    0
 11378, 75535,20161013,  159,    0
 11378, 75535,20161014,  186,    0
 11378, 75535,20161015,  222,    0
 11378, 75535,20161016,  216,    0
 11378, 75535,20161017,  201,    0
 11378, 75535,20161018,  181,    0
 11378, 75535,20161019,-9999,    9
 11378, 75535,20161020,  189,    0
 11378, 75535,20161021,  194,    0
 11378, 75535,20161022,  187,    0
 11378, 75535,20161023,-9999,    9
 11378, 75535,20161024,  200,    0
 11378, 75535,20161025,  188,    0
 11378, 75535,20161026,  193,    0
 11378, 75535,20161027,  207,    0
 11378, 75535,20161028,  177,    0
 11378, 75535,20161029,  159,    0
 11378, 75535,20161030,  165,    0
 11378, 75535,20161031,  162,    0
 11378, 75535,20161101,  160,    0
 11378, 75535,20161102,  148,    0
 11378, 75535,20161103,  185,    0
 11378, 75535,20161104,  168,    0
 11378, 75535,20161105,  169,    0
 11378, 75535,20161106,  199,    0
 11378, 75535,20161107,  205,    0
 11378, 75535,20161108,  182,    0
 11378, 75535,20161109,  167,    0
 11378, 75535,20161110,  115,    0
 11378, 75535,20161111,  136,    0
 11378, 75535,20161112,  161,    0
 11378, 75535,20161113,  121,    0
 11378, 75535,20161114,  113,    0
 11378, 75535,20161115,  113,    0
 11378, 75535,20161116,  106,    0
 11378, 75535,20161117,  112,    0
 11378, 75535,20161118,  127,    0
 11378, 75535,20161119,  158,    0
 11378, 75535,20161120,  161,    0
 11378, 75535,20161121,  147,    0
 11378,913461,20161122,  150,    0
 11378, 75535,20161123,  138,    0
 11378, 75535,20161124,  143,    0
 11378, 75535,20161125,  130,    0
 11378, 75535,20161126,  157,    0
 11378, 75535,20161127,-9999,    9
 11378, 75535,20161128,  132,    0
 11378, 75535,20161129,   68,    0
 11378, 75535,20161130,   73,    0
 11378, 75535,20161201,   85,    0
 11378, 75535,20161202,  106,    0
 11378, 75535,20161203,  126,    0
 11378, 75535,20161204,  135,    0
 11378, 75535,20161205,  133,    0
 11378, 75535,20161206,  114,    0
 11378, 75535,20161207,  120,    0
 11378, 75535,20161208,  105,    0
 11378, 75535,20161209,  109,    0
 11378, 75535,20161210,  110,    0
 11378, 75535,20161211,  111,    0
 11378, 75535,20161212,  118,    0
 11378, 75535,20161213,  105,    0
 11378, 75535,20161214,   64,    0
 11378, 75535,20161215,   98,    0
 11378, 75535,20161216,   89,    0
 11378, 75535,20161217,   86,    0
 11378, 75535,20161218,   83,    0
 11378, 75535,20161219,   94,    0
 11378, 75535,20161220,   93,    0
 11378, 75535,20161221,   96,    0
 11378, 75535,20161222,   98,    0
 11378, 75535,20161223,  102,    0
 11378, 75535,20161224,  127,    0
 11378, 75535,20161225,  107,    0
 11378, 75535,20161226,  130,    0
 11378, 75535,20161227,  112,    0
 11378,913461,20161228,   94,    0
 11378, 75535,20161229,   48,    0
 11378, 75535,20161230,   53,    0
 11378, 75535,20161231,   79,    0
 11378, 75535,20170101,   66,    0
 11378, 75535,20170102,   66,    0
 11378, 75535,20170103,   99,    0
 11378, 75535,20170104,   80,    0
 11378, 75535,20170105,   70,    0
 11378, 75535,20170106,    7,    0
 11378, 75535,20170107,  -37,    0
 11378, 75535,20170108,  -18,    0
 11378, 75535,20170109,   -4,    0
 11378, 75535,20170110,  -19,    0
 11378, 75535,20170111,   21,    0
 11378, 75535,20170112,   14,    0
 11378, 75535,20170113,   77,    0
 11378, 75535,20170114,   75,    0
 11378, 75535,20170115,   66,    0
 11378, 75535,20170116,   84,    0
 11378, 75535,20170117,   88,    0
 11378, 75535,20170118,   92,    0
 11378, 75535,20170119,   90,    0
 11378, 75535,20170120,   99,    0
 11378, 75535,20170121,   76,    0
 11378, 75535,20170122,   91,    0
 11378, 75535,20170123,   78,    0
 11378, 75535,20170124,   81,    0
 11378, 75535,20170125,  108,    0
 11378, 75535,20170126,   74,    0
 11378, 75535,20170127,   51,    0
 11378, 75535,20170128,   68,    0
 11378, 75535,20170129,   77,    0
 11378, 75535,20170130,   87,    0
 11378, 75535,20170131,  104,    0
 11378, 75535,20170201,  115,    0
 11378, 75535,20170202,  130,    0
 11378, 75535,20170203,  136,    0
 11378, 75535,20170204,  154,    0
 11378, 75535,20170205,  142,    0
 11378, 75535,20170206,  173,    0
 11378, 75535,20170207,  129,    0
 11378, 75535,20170208,  121,    0
 11378, 75535,20170209,  122,    0
 11378, 75535,20170210,  148,    0
 11378, 75535,20170211,  121,    0
 11378, 75535,20170212,   95,    0
 11378, 75535,20170213,   96,    0
 11378, 75535,20170214,  107,    0
 11378, 75535,20170215,   97,    0
 11378, 75535,20170216,  109,    0
 11378, 75535,20170217,-9999,    9
 11378, 75535,20170218,  116,    0
 11378, 75535,20170219,   90,    0
 11378, 75535,20170220,   98,    0
 11378, 75535,20170221,   90,    0
 11378, 75535,20170222,   99,    0
 11378, 75535,20170223,  115,    0
 11378, 75535,20170224,  127,    0
 11378, 75535,20170225,  133,    0
 11378, 75535,20170226,  151,    0
 11378, 75535,20170227,  139,    0
 11378, 75535,20170228,  148,    0
 11378, 75535,20170301,  149,    0
 11378, 75535,20170302,  123,    0
 11378, 75535,20170303,  110,    0
 11378, 75535,20170304,  124,    0
 11378, 75535,20170305,  152,    0
 11378, 75535,20170306,  147,    0
 11378, 75535,20170307,  137,    0
 11378, 75535,20170308,  141,    0
 11378, 75535,20170309,  162,    0
 11378, 75535,20170310,  161,    0
 11378, 75535,20170311,-9999,    9
 11378, 75535,20170312,  133,    0
 11378, 75535,20170313,  111,    0
 11378, 75535,20170314,  150,    0
 11378, 75535,20170315,  144,    0
 11378, 75535,20170316,  139,    0
 11378, 75535,20170317,  141,    0
 11378, 75535,20170318,  133,    0
 11378, 75535,20170319,  160,    0
 11378, 75535,20170320,  143,    0
 11378, 75535,20170321,  135,    0
 11378, 75535,20170322,  134,    0
 11378, 75535,20170323,  146,    0
 11378, 75535,20170324,  132,    0
 11378, 75535,20170325,  149,    0
 11378, 75535,20170326,  138,    0
 11378, 75535,20170327,  145,    0
 11378, 75535,20170328,  143,    0
 11378, 75535,20170329,  135,    0
 11378, 75535,20170330,  176,    0
 11378, 75535,20170331,  207,    0
 11378, 75535,20170401,  149,    0
 11378, 75535,20170402,  163,    0
 11378, 75535,20170403,  161,    0
 11378, 75535,20170404,  143,    0
 11378, 75535,20170405,  155,    0
 11378, 75535,20170406,  136,    0
 11378, 75535,20170407,  147,    0
 11378, 75535,20170408,  142,    0
 11378, 75535,20170409,  179,    0
 11378, 75535,20170410,  151,    0
 11378, 75535,20170411,  156,    0
 11378, 75535,20170412,  177,    0
 11378, 75535,20170413,  157,    0
 11378,913461,20170414,  163,    0
 11378, 75535,20170415,  167,    0
 11378, 75535,20170416,  171,    0
 11378, 75535,20170417,  154,    0
 11378, 75535,20170418,  139,    0
 11378, 75535,20170419,  132,    0
 11378, 75535,20170420,  112,    0
 11378, 75535,20170421,  119,    0
 11378, 75535,20170422,  114,    0
 11378, 75535,20170423,  126,    0
 11378, 75535,20170424,  160,    0
 11378, 75535,20170425,  152,    0
 11378, 75535,20170426,  163,    0
 11378, 75535,20170427,  192,    0
 11378, 75535,20170428,  195,    0
 11378, 75535,20170429,  181,    0
 11378, 75535,20170430,  168,    0
 11378, 75535,20170501,  177,    0
 11378, 75535,20170502,  170,    0
 11378, 75535,20170503,  172,    0
 11378, 75535,20170504,  170,    0
 11378, 75535,20170505,  166,    0
 11378, 75535,20170506,  166,    0
 11378, 75535,20170507,  172,    0
 11378, 75535,20170508,  173,    0
 11378, 75535,20170509,  173,    0
 11378, 75535,20170510,  181,    0
 11378, 75535,20170511,  182,    0
 11378, 75535,20170512,  217,    0
 11378, 75535,20170513,  206,    0
 11378, 75535,20170514,  188,    0
 11378, 75535,20170515,  202,    0
 11378, 75535,20170516,  247,    0
 11378, 75535,20170517,  216,    0
 11378, 75535,20170518,  219,    0
 11378, 75535,20170519,  194,    0
 11378, 75535,20170520,  199,    0
 11378, 75535,20170521,  210,    0
 11378, 75535,20170522,  217,    0
 11378, 75535,20170523,  224,    0
 11378, 75535,20170524,  211,    0
 11378, 75535,20170525,  189,    0
 11378, 75535,20170526,  200,    0
 11378, 75535,20170527,  236,    0
 11378, 75535,20170528,  234,    0
 11378, 75535,20170529,  216,    0
 11378, 75535,20170530,  209,    0
 11378, 75535,20170531,  224,    0
 11378, 75535,20170601,  214,    0
 11378, 75535,20170602,  225,    0
 11378, 75535,20170603,  234,    0
 11378, 75535,20170604,  222,    0
 11378, 75535,20170605,  231,    0
 11378, 75535,20170606,  239,    0
 11378, 75535,20170607,  241,    0
 11378, 75535,20170608,  236,    0
 11378, 75535,20170609,  248,    0
 11378, 75535,20170610,  221,    0
 11378, 75535,20170611,  247,    0
 11378, 75535,20170612,  252,    0
 11378, 75535,20170613,  234,    0
 11378, 75535,20170614,-9999,    9
 11378, 75535,20170615,  253,    0
 11378, 75535,20170616,  252,    0
 11378, 75535,20170617,  262,    0
 11378, 75535,20170618,  240,    0
 11378, 75535,20170619,  235,    0
 11378, 75535,20170620,  242,    0
 11378, 75535,20170621,  232,    0
 11378, 75535,20170622,  238,    0
 11378, 75535,20170623,  244,    0
 11378, 75535,20170624,  257,    0
 11378, 75535,20170625,  260,    0
 11378, 75535,20170626,  271,    0
 11378, 75535,20170627,  265,    0
 11378, 75535,20170628,  280,    0
 11378, 75535,20170629,  281,    0
 11378, 75535,20170630,  274,    0
 11378, 75535,20170701,  225,    1
 11378, 75535,20170702,  263,    0
 11378, 75535,20170703,  249,    0
 11378, 75535,20170704,  272,    0
 11378, 75535,20170705,  277,    0
 11378,913461,20170706,  245,    0
 11378, 75535,20170707,  260,    0
 11378, 75535,20170708,  259,    0
 11378, 75535,20170709,  270,    0
 11378, 75535,20170710,  272,    0
 11378, 75535,20170711,  282,    0
 11378, 75535,20170712,  270,    0
 11378, 75535,20170713,  283,    0
 11378, 75535,20170714,  309,    0
 11378, 75535,20170715,  265,    0
 11378, 75535,20170716,  263,    0
 11378, 75535,20170717,  275,    0
 11378, 75535,20170718,  270,    0
 11378, 75535,20170719,  249,    0
 11378, 75535,20170720,  255,    0
 11378, 75535,20170721,  257,    0
 11378, 75535,20170722,  270,    0
 11378, 75535,20170723,  276,    0
 11378, 75535,20170724,  284,    0
 11378, 75535,20170725,  284,    0
 11378, 75535,20170726,  251,    0
 11378, 75535,20170727,  254,    0
 11378, 75535,20170728,  251,    0
 11378, 75535,20170729,  257,    0
 11378,913461,20170730,  260,    0
 11378, 75535,20170731,  266,    0
 11378, 75535,20170801,  290,    0
 11378, 75535,20170802,  282,    0
 11378, 75535,20170803,  276,    0
 11378, 75535,20170804,  280,    0
 11378, 75535,20170805,  285,    0
 11378, 75535,20170806,  292,    0
 11378, 75535,20170807,  286,    0
 11378, 75535,20170808,  280,    0
 11378, 75535,20170809,  293,    0
 11378, 75535,20170810,  292,    0
 11378, 75535,20170811,  292,    0
 11378, 75535,20170812,  274,    0
 11378, 75535,20170813,  247,    0
 11378, 75535,20170814,  272,    0
 11378, 75535,20170815,  263,    0
 11378, 75535,20170816,  268,    0
 11378, 75535,20170817,  287,    0
 11378, 75535,20170818,  287,    0
 11378, 75535,20170819,  263,    0
 11378, 75535,20170820,  264,    0
 11378, 75535,20170821,  274,    0
 11378, 75535,20170822,  257,    0
 11378, 75535,20170823,  240,    0
 11378, 75535,20170824,  230,    0
 11378, 75535,20170825,  238,    0
 11378, 75535,20170826,  252,    0
 11378, 75535,20170827,  242,    0
 11378, 75535,20170828,-9999,    9
 11378, 75535,20170829,  294,    0
 11378, 75535,20170830,  272,    0
 11378, 75535,20170831,  236,    0
 11378, 75535,20170901,  240,    0
 11378, 75535,20170902,  247,    0
 11378, 75535,20170903,  249,    0
 11378, 75535,20170904,  209,    0
 11378, 75535,20170905,  221,    0
 11378, 75535,20170906,  222,    0
 11378, 75535,20170907,  232,    0
 11378, 75535,20170908,  243,    0
 11378, 75535,20170909,  241,    0
 11378, 75535,20170910,  237,    0
 11378, 75535,20170911,  261,    0
 11378, 75535,20170912,  227,    0
 11378, 75535,20170913,  246,    0
 11378, 75535,20170914,  218,    0
 11378, 75535,20170915,  222,    0
 11378, 75535,20170916,  233,    0
 11378, 75535,20170917,  235,    0
 11378, 75535,20170918,  234,    0
 11378, 75535,20170919,  220,    0
 11378, 75535,20170920,  217,    0
 11378, 75535,20170921,  193,    0
 11378, 75535,20170922,  197,    0
 11378, 75535,20170923,  192,    0
 11378, 75535,20170924,  193,    0
 11378, 75535,20170925,  241,    1
 11378, 75535,20170926,  206,    0
 11378, 75535,20170927,  208,    0
 11378, 75535,20170928,  212,    0
 11378, 75535,20170929,  210,    0
 11378, 75535,20170930,  205,    0
 11378, 75535,20171001,  191,    0
 11378, 75535,20171002,  191,    0
 11378, 75535,20171003,  188,    0
 11378, 75535,20171004,  197,    0
 11378, 75535,20171005,  199,    0
 11378, 75535,20171006,  209,    0
 11378, 75535,20171007,  144,    0
 11378, 75535,20171008,  173,    0
 11378, 75535,20171009,  166,    0
 11378, 75535,20171010,  167,    0
 11378, 75535,20171011,  178,    0
 11378, 75535,20171012,  185,    0
 11378, 75535,20171013,  191,    0
 11378, 75535,20171014,  199,    0
 11378, 75535,20171015,  204,    0
 11378, 75535,20171016,  192,    0
 11378, 75535,20171017,  191,    0
 11378, 75535,20171018,  193,    0
 11378, 75535,20171019,  187,    0
 11378, 75535,20171020,  191,    0
 11378, 75535,20171021,  193,    0
 11378, 75535,20171022,  186,    0
 11378, 75535,20171023,  186,    0
 11378, 75535,20171024,  137,    0
 11378, 75535,20171025,  180,    0
 11378, 75535,20171026,  167,    0
 11378, 75535,20171027,  165,    0
 11378, 75535,20171028,  155,    0
 11378, 75535,20171029,  135,    0
 11378, 75535,20171030,  167,    0
 11378, 75535,20171031,  143,    0
 11378, 75535,20171101,  154,    0
 11378, 75535,20171102,  133,    0
 11378, 75535,20171103,  145,    0
 11378, 75535,20171104,  167,    0
 11378, 75535,20171105,  149,    0
 11378, 75535,20171106,  164,    0
 11378, 75535,20171107,  181,    0
 11378, 75535,20171108,  159,    0
 11378, 75535,20171109,  144,    0
 11378, 75535,20171110,  149,    0
 11378, 75535,20171111,  154,    0
 11378, 75535,20171112,  151,    0
 11378, 75535,20171113,  180,    0
 11378, 75535,20171114,  159,    0
 11378, 75535,20171115,  157,    0
 11378, 75535,20171116,  185,    0
 11378, 75535,20171117,  188,    0
 11378, 75535,20171118,  175,    0
 11378, 75535,20171119,  132,    0
 11378, 75535,20171120,  126,    0
 11378, 75535,20171121,  105,    0
 11378, 75535,20171122,  115,    0
 11378, 75535,20171123,  142,    0
 11378, 75535,20171124,  133,    0
 11378, 75535,20171125,  125,    0
 11378, 75535,20171126,  153,    0
 11378, 75535,20171127,  105,    0
 11378, 75535,20171128,   99,    0
 11378, 75535,20171129,  100,    0
 11378, 75535,20171130,  153,    0
 11378, 75535,20171201,  110,    0
 11378, 75535,20171202,  118,    0
 11378, 75535,20171203,  126,    0
 11378, 75535,20171204,  110,    0
 11378, 75535,20171205,   94,    0
 11378, 75535,20171206,   91,    0
 11378, 75535,20171207,   98,    0
 11378, 75535,20171208,  100,    0
 11378, 75535,20171209,  140,    0
 11378, 75535,20171210,   81,    0
 11378, 75535,20171211,  123,    0
 11378, 75535,20171212,  166,    0
 11378, 75535,20171213,  162,    0
 11378, 75535,20171214,  123,    0
 11378, 75535,20171215,  135,    0
 11378, 75535,20171216,  156,    0
 11378, 75535,20171217,   98,    0
 11378, 75535,20171218,   68,    0
 11378, 75535,20171219,   74,    0
 11378, 75535,20171220,   61,    0
 11378, 75535,20171221,   55,    0
 11378, 75535,20171222,   91,    0
 11378, 75535,20171223,  120,    0
 11378, 75535,20171224,   98,    0
 11378, 75535,20171225,  101,    0
 11378, 75535,20171226,   97,    0
 11378, 75535,20171227,  120,    0
 11378, 75535,20171228,  127,    0
 11378, 75535,20171229,  106,    0
 11378, 75535,20171230,   94,    0
 11378, 75535,20171231,   84,    0
 11378, 75535,20180101,   89,    0
 11378, 75535,20180102,  103,    0
 11378, 75535,20180103,  122,    0
 11378, 75535,20180104,  103,    0
 11378, 75535,20180105,  112,    0
 11378, 75535,20180106,    0,    0
 11378, 75535,20180107,  150,    0
 11378, 75535,20180108,  132,    0
 11378, 75535,20180109,  149,    0
 11378, 75535,20180110,  142,    0
 11378, 75535,20180111,  108,    0
 11378, 75535,20180112,  113,    0
 11378, 75535,20180113,  140,    0
 11378, 75535,20180114,  113,    0
 11378, 75535,20180115,  104,    0
 11378, 75535,20180116,   97,    0
 11378, 75535,20180117,  135,    0
 11378, 75535,20180118,  101,    0
 11378, 75535,20180119,   82,    0
 11378, 75535,20180120,  125,    0
 11378, 75535,20180121,   98,    0
 11378, 75535,20180122,   87,    0
 11378, 75535,20180123,   73,    0
 11378, 75535,20180124,  103,    0
 11378, 75535,20180125,   72,    0
 11378, 75535,20180126,   80,    0
 11378, 75535,20180127,   84,    0
 11378,913461,20180128,   90,    0
 11378, 75535,20180129,   89,    0
 11378, 75535,20180130,   95,    0
 11378, 75535,20180131,   88,    0
 11378, 75535,20180201,  118,    0
 11378, 75535,20180202,  128,    0
 11378, 75535,20180203,  147,    0
 11378, 75535,20180204,  119,    0
 11378,913461,20180205,   93,    0
 11378, 75535,20180206,   84,    0
 11378, 75535,20180207,  127,    0
 11378, 75535,20180208,   99,    0
 11378, 75535,20180209,  104,    0
 11378, 75535,20180210,   91,    0
 11378, 75535,20180211,   87,    0
 11378, 75535,20180212,  100,    0
 11378, 75535,20180213,   93,    0
 11378, 75535,20180214,   87,    0
 11378, 75535,20180215,   88,    0
 11378, 75535,20180216,   91,    0
 11378, 75535,20180217,   95,    0
 11378, 75535,20180218,  112,    0
 11378, 75535,20180219,-9999,    9
 11378, 75535,20180220,  103,    0
 11378, 75535,20180221,  105,    0
 11378, 75535,20180222,  136,    0
 11378, 75535,20180223,  151,    0
 11378, 75535,20180224,  147,    0
 11378, 75535,20180225,   70,    1
 11378, 75535,20180226,   26,    0
 11378, 75535,20180227,   33,    0
 11378, 75535,20180228,   37,    0
 11378,913461,20180301,   61,    0
 11378, 75535,20180302,  128,    0
 11378, 75535,20180303,  118,    0
 11378, 75535,20180304,  132,    0
 11378, 75535,20180305,  166,    0
 11378, 75535,20180306,  139,    0
 11378, 75535,20180307,  146,    0
 11378, 75535,20180308,  119,    0
 11378, 75535,20180309,  121,    0
 11378, 75535,20180310,  113,    0
 11378, 75535,20180311,  137,    0
 11378, 75535,20180312,  160,    0
 11378, 75535,20180313,  129,    0
 11378, 75535,20180314,  135,    0
 11378, 75535,20180315,  127,    0
 11378, 75535,20180316,  135,    0
 11378, 75535,20180317,  187,    0
 11378, 75535,20180318,  139,    0
 11378, 75535,20180319,  134,    0
 11378, 75535,20180320,  124,    0
 11378, 75535,20180321,  133,    0
 11378, 75535,20180322,   78,    0
 11378, 75535,20180323,   85,    0
 11378, 75535,20180324,   81,    0
 11378, 75535,20180325,  110,    0
 11378, 75535,20180326,-9999,    9
 11378, 75535,20180327,  115,    0
 11378, 75535,20180328,  114,    0
 11378, 75535,20180329,  117,    0
 11378, 75535,20180330,  146,    0
 11378, 75535,20180331,  177,    0
 11378, 75535,20180401,  135,    0
 11378, 75535,20180402,  120,    0
 11378, 75535,20180403,  137,    0
 11378, 75535,20180404,  142,    0
 11378, 75535,20180405,  153,    0
 11378, 75535,20180406,  155,    0
 11378, 75535,20180407,  186,    0
 11378, 75535,20180408,  169,    0
 11378, 75535,20180409,  183,    0
 11378, 75535,20180410,  173,    0
 11378, 75535,20180411,  161,    0
 11378, 75535,20180412,  178,    0
 11378, 75535,20180413,  181,    0
 11378, 75535,20180414,  174,    0
 11378, 75535,20180415,  231,    0
 11378, 75535,20180416,  200,    0
 11378, 75535,20180417,  184,    0
 11378, 75535,20180418,  195,    0
 11378, 75535,20180419,  234,    0
 11378, 75535,20180420,  209,    0
 11378, 75535,20180421,  224,    0
 11378, 75535,20180422,  180,    0
 11378, 75535,20180423,  179,    0
 11378, 75535,20180424,  190,    0
 11378, 75535,20180425,  194,    0
 11378, 75535,20180426,  197,    0
 11378, 75535,20180427,  198,    0
 11378, 75535,20180428,  229,    0
 11378, 75535,20180429,  247,    0
 11378, 75535,20180430,  230,    0
 11378, 75535,20180501,  220,    0
 11378, 75535,20180502,  238,    0
 11378, 75535,20180503,  240,    0
 11378, 75535,20180504,  202,    0
 11378, 75535,20180505,  208,    0
 11378, 75535,20180506,  206,    0
 11378, 75535,20180507,  217,    0
 11378, 75535,20180508,  224,    0
 11378, 75535,20180509,  216,    0
 11378, 75535,20180510,  204,    0
 11378, 75535,20180511,  216,    0
 11378, 75535,20180512,  222,    0
 11378, 75535,20180513,  224,    0
 11378, 75535,20180514,  208,    0
 11378, 75535,20180515,  190,    0
 11378, 75535,20180516,  178,    0
 11378, 75535,20180517,  190,    0
 11378, 75535,20180518,  188,    0
 11378, 75535,20180519,  207,    0
 11378, 75535,20180520,  221,    0
 11378, 75535,20180521,  246,    0
 11378, 75535,20180522,  233,    0
 11378, 75535,20180523,  233,    0
 11378, 75535,20180524,  212,    0
 11378, 75535,20180525,  224,    0
 11378, 75535,20180526,  246,    0
 11378, 75535,20180527,  259,    0
 11378, 75535,20180528,  249,    0
 11378, 75535,20180529,  246,    0
 11378, 75535,20180530,  251,    0
 11378, 75535,20180531,  250,    0
 11378, 75535,20180601,  253,    0
 11378, 75535,20180602,  251,    0
 11378, 75535,20180603,  255,    0
 11378, 75535,20180604,  250,    0
 11378, 75535,20180605,  251,    0
 11378, 75535,20180606,  246,    0
 11378, 75535,20180607,  250,    0
 11378, 75535,20180608,  266,    0
 11378, 75535,20180609,  256,    0
 11378, 75535,20180610,  237,    0
 11378, 75535,20180611,  256,    0
 11378, 75535,20180612,  263,    0
 11378, 75535,20180613,  257,    0
 11378, 75535,20180614,  257,    0
 11378, 75535,20180615,  242,    0
 11378, 75535,20180616,  267,    0
 11378, 75535,20180617,-9999,    9
 11378, 75535,20180618,  256,    0
 11378, 75535,20180619,  286,    0
 11378, 75535,20180620,  269,    0
 11378, 75535,20180621,  267,    0
 11378, 75535,20180622,  259,    0
 11378, 75535,20180623,  226,    0
 11378, 75535,20180624,  242,    0
 11378, 75535,20180625,  242,    0
 11378, 75535,20180626,  237,    0
 11378, 75535,20180627,  226,    0
 11378, 75535,20180628,  219,    0
 11378, 75535,20180629,  216,    0
 11378, 75535,20180630,  236,    0
 11378, 75535,20180701,  239,    0
 11378, 75535,20180702,  256,    0
 11378, 75535,20180703,  267,    0
 11378, 75535,20180704,  248,    0
 11378, 75535,20180705,  258,    0
 11378, 75535,20180706,  266,    0
 11378, 75535,20180707,  264,    0
 11378, 75535,20180708,  273,    0
 11378, 75535,20180709,  264,    0
 11378, 75535,20180710,  255,    0
 11378, 75535,20180711,  239,    0
 11378, 75535,20180712,  245,    0
 11378, 75535,20180713,  248,    0
 11378, 75535,20180714,  256,    0
 11378, 75535,20180715,  260,    0
 11378, 75535,20180716,  258,    0
 11378, 75535,20180717,  270,    0
 11378, 75535,20180718,  256,    0
 11378, 75535,20180719,  258,    0
 11378, 75535,20180720,  267,    0
 11378, 75535,20180721,  253,    0
 11378, 75535,20180722,  273,    0
 11378, 75535,20180723,  266,    0
 11378, 75535,20180724,  263,    0
 11378, 75535,20180725,  299,    0
 11378, 75535,20180726,  283,    0
 11378, 75535,20180727,  263,    0
 11378, 75535,20180728,  254,    0
 11378, 75535,20180729,  258,    0
 11378, 75535,20180730,  286,    0
 11378,913461,20180731,  300,    0
 11378, 75535,20180801,  286,    0
 11378, 75535,20180802,  278,    0
 11378, 75535,20180803,  282,    0
 11378, 75535,20180804,  289,    0
 11378, 75535,20180805,  275,    0
 11378, 75535,20180806,  269,    0
 11378,913461,20180807,  277,    0
 11378, 75535,20180808,  276,    0
 11378, 75535,20180809,-9999,    9
 11378,913461,20180810,  285,    0
 11378, 75535,20180811,  282,    0
 11378, 75535,20180812,  285,    0
 11378, 75535,20180813,  267,    0
 11378, 75535,20180814,  272,    0
 11378, 75535,20180815,  277,    0
 11378, 75535,20180816,  273,    0
 11378, 75535,20180817,  267,    0
 11378, 75535,20180818,  268,    0
 11378, 75535,20180819,  289,    0
 11378, 75535,20180820,  310,    0
 11378, 75535,20180821,  289,    0
 11378, 75535,20180822,  272,    0
 11378, 75535,20180823,  268,    0
 11378, 75535,20180824,  284,    0
 11378, 75535,20180825,  274,    0
 11378, 75535,20180826,  260,    0
 11378, 75535,20180827,  247,    0
 11378, 75535,20180828,  276,    0
 11378, 75535,20180829,  278,    0
 11378, 75535,20180830,  257,    0
 11378, 75535,20180831,  253,    0
 11378, 75535,20180901,  250,    0
 11378, 75535,20180902,  254,    0
 11378, 75535,20180903,  237,    0
 11378, 75535,20180904,  244,    0
 11378, 75535,20180905,  240,    0
 11378, 75535,20180906,  257,    0
 11378, 75535,20180907,  240,    0
 11378, 75535,20180908,  248,    0
 11378, 75535,20180909,  262,    0
 11378, 75535,20180910,  256,    0
 11378, 75535,20180911,  248,    0
 11378, 75535,20180912,  264,    0
 11378, 75535,20180913,  256,    0
 11378, 75535,20180914,  242,    0
 11378, 75535,20180915,  242,    0
 11378, 75535,20180916,  258,    0
 11378, 75535,20180917,  253,    0
 11378, 75535,20180918,  237,    0
 11378, 75535,20180919,  237,    0
 11378, 75535,20180920,  242,    0
 11378, 75535,20180921,-9999,    9
 11378, 75535,20180922,  239,    0
 11378, 75535,20180923,  238,    0
 11378, 75535,20180924,  240,    0
 11378, 75535,20180925,  190,    0
 11378, 75535,20180926,  185,    0
 11378, 75535,20180927,  194,    0
 11378, 75535,20180928,  174,    0
 11378, 75535,20180929,  220,    0
 11378, 75535,20180930,  223,    0
 11378, 75535,20181001,  189,    0
 11378, 75535,20181002,  202,    0
 11378, 75535,20181003,  222,    0
 11378, 75535,20181004,  238,    0
 11378, 75535,20181005,  213,    0
 11378, 75535,20181006,  227,    0
 11378, 75535,20181007,  207,    0
 11378, 75535,20181008,  203,    0
 11378, 75535,20181009,  209,    0
 11378, 75535,20181010,  212,    0
 11378, 75535,20181011,  198,    0
 11378, 75535,20181012,  194,    0
 11378, 75535,20181013,  203,    0
 11378, 75535,20181014,  202,    0
 11378, 75535,20181015,  203,    0
 11378, 75535,20181016,  201,    0
 11378, 75535,20181017,  195,    0
 11378, 75535,20181018,  200,    0
 11378, 75535,20181019,  204,    0
 11378, 75535,20181020,  207,    0
 11378, 75535,20181021,  204,    0
 11378, 75535,20181022,  201,    0
 11378, 75535,20181023,  209,    0
 11378, 75535,20181024,  179,    0
 11378, 75535,20181025,  157,    0
 11378, 75535,20181026,  173,    0
 11378, 75535,20181027,  207,    0
 11378, 75535,20181028,  217,    0
 11378, 75535,20181029,  223,    0
 11378, 75535,20181030,  211,    0
 11378, 75535,20181031,  198,    0
 11378, 75535,20181101,  205,    0
 11378, 75535,20181102,  211,    0
 11378, 75535,20181103,  227,    0
 11378, 75535,20181104,  191,    0
 11378, 75535,20181105,  191,    0
 11378, 75535,20181106,  177,    0
 11378, 75535,20181107,  175,    0
 11378, 75535,20181108,  179,    0
 11378, 75535,20181109,  172,    0
 11378, 75535,20181110,  165,    0
 11378, 75535,20181111,  169,    0
 11378, 75535,20181112,  168,    0
 11378, 75535,20181113,  166,    0
 11378, 75535,20181114,  173,    0
 11378, 75535,20181115,  165,    0
 11378, 75535,20181116,  144,    0
 11378, 75535,20181117,  115,    0
 11378, 75535,20181118,  124,    0
 11378, 75535,20181119,  124,    0
 11378, 75535,20181120,  175,    0
 11378, 75535,20181121,  151,    0
 11378, 75535,20181122,  149,    0
 11378, 75535,20181123,  148,    0
 11378, 75535,20181124,  145,    0
 11378, 75535,20181125,  166,    0
 11378, 75535,20181126,  176,    0
 11378, 75535,20181127,  143,    0
 11378, 75535,20181128,  125,    0
 11378, 75535,20181129,  114,    0
 11378, 75535,20181130,  101,    0
 11378, 75535,20181201,  114,    0
 11378, 75535,20181202,  125,    0
 11378, 75535,20181203,  131,    0
 11378, 75535,20181204,  139,    0
 11378, 75535,20181205,  154,    0
 11378, 75535,20181206,  107,    0
 11378, 75535,20181207,  102,    0
 11378, 75535,20181208,  127,    0
 11378, 75535,20181209,-9999,    9
 11378, 75535,20181210,  128,    0
 11378, 75535,20181211,  103,    0
 11378, 75535,20181212,   88,    0
 11378, 75535,20181213,   92,    0
 11378,913461,20181214,  116,    0
 11378, 75535,20181215,  129,    0
 11378, 75535,20181216,   90,    0
 11378, 75535,20181217,   80,    0
 11378, 75535,20181218,   98,    0
 11378, 75535,20181219,   95,    0
 11378, 75535,20181220,   94,    0
 11378, 75535,20181221,  137,    0
 11378, 75535,20181222,  118,    0
 11378, 75535,20181223,  134,    0
 11378, 75535,20181224,  129,    0
 11378, 75535,20181225,   91,    0
 11378, 75535,20181226,   85,    0
 11378, 75535,20181227,   80,    0
 11378, 75535,20181228,   87,    0
 11378, 75535,20181229,  100,    0
 11378, 75535,20181230,  108,    0
 11378, 75535,20181231,   84,    0
 11378, 75535,20190101,  112,    0
 11378, 75535,20190102,   66,    0
 11378, 75535,20190103,   68,    0
 11378, 75535,20190104,   34,    0
 11378, 75535,20190105,   51,    0
 11378, 75535,20190106,   62,    0
 11378, 75535,20190107,   44,    0
 11378, 75535,20190108,   31,    0
 11378, 75535,20190109,   47,    0
 11378, 75535,20190110,   70,    0
 11378, 75535,20190111,   61,    0
 11378, 75535,20190112,   65,    0
 11378, 75535,20190113,   83,    0
 11378, 75535,20190114,   61,    0
 11378, 75535,20190115,   73,    0
 11378, 75535,20190116,   50,    0
 11378, 75535,20190117,   92,    0
 11378, 75535,20190118,  109,    0
 11378, 75535,20190119,  104,    0
 11378, 75535,20190120,  121,    0
 11378, 75535,20190121,   91,    0
 11378, 75535,20190122,  110,    0
 11378, 75535,20190123,  116,    0
 11378, 75535,20190124,  106,    0
 11378, 75535,20190125,   90,    0
 11378, 75535,20190126,   81,    0
 11378, 75535,20190127,   83,    0
 11378, 75535,20190128,  123,    0
 11378, 75535,20190129,  110,    0
 11378, 75535,20190130,   92,    0
 11378, 75535,20190131,   96,    0
 11378, 75535,20190201,  101,    0
 11378, 75535,20190202,  165,    0
 11378, 75535,20190203,-9999,    9
 11378, 75535,20190204,  141,    0
 11378, 75535,20190205,  159,    0
 11378, 75535,20190206,  130,    0
 11378, 75535,20190207,  134,    0
 11378, 75535,20190208,  101,    0
 11378, 75535,20190209,  105,    0
 11378, 75535,20190210,  109,    0
 11378, 75535,20190211,-9999,    9
 11378, 75535,20190212,   98,    0
 11378, 75535,20190213,   72,    0
 11378, 75535,20190214,  102,    0
 11378, 75535,20190215,  106,    0
 11378, 75535,20190216,  107,    0
 11378, 75535,20190217,   94,    0
 11378,913461,20190218,  102,    0
 11378,913461,20190219,  101,    0
 11378,913461,20190220,  105,    0
 11378,913461,20190221,  108,    0
 11378,913461,20190222,  108,    0
 11378,913461,20190223,   48,    0
 11378,913461,20190224,   74,    0
 11378,913461,20190225,   71,    0
 11378,913461,20190226,   98,    0
 11378,913461,20190227,  140,    0
 11378,913461,20190228,  102,    0
 11378,913461,20190301,  110,    0
 11378,913461,20190302,  155,    0
 11378,913461,20190303,  150,    0
 11378,913461,20190304,  116,    0
 11378,913461,20190305,  135,    0
 11378,913461,20190306,  141,    0
 11378,913461,20190307,  151,    0
 11378,913461,20190308,  165,    0
 11378,913461,20190309,  153,    0
 11378,913461,20190310,  136,    0
 11378,913461,20190311,  141,    0
 11378,913461,20190312,   81,    0
 11378,913461,20190313,  111,    0
 11378,913461,20190314,   88,    0
 11378,913461,20190315,  106,    0
 11378,913461,20190316,  126,    0
 11378,913461,20190317,  136,    0
 11378,913461,20190318,  160,    0
 11378,913461,20190319,  150,    0
 11378,913461,20190320,  135,    0
 11378,913461,20190321,  185,    0
 11378,913461,20190322,  180,    0
 11378,913461,20190323,  183,    0
 11378,913461,20190324,  171,    0
 11378,913461,20190325,  134,    0
 11378,913461,20190326,  136,    0
 11378,913461,20190327,  158,    0
 11378,913461,20190328,  162,    0
 11378,913461,20190329,  159,    0
 11378,913461,20190330,  165,    0
 11378,913461,20190331,  154,    0
 11378,913461,20190401,  144,    0
 11378,913461,20190402,  145,    0
 11378,913461,20190403,  151,    0
 11378,913461,20190404,  153,    0
 11378,913461,20190405,  144,    0
 11378,913461,20190406,  161,    0
 11378,913461,20190407,  161,    0
 11378,913461,20190408,  141,    0
 11378,913461,20190409,  136,    0
 11378,913461,20190410,  140,    0
 11378,913461,20190411,-9999,    9
 11378,913461,20190412,  150,    0
 11378,913461,20190413,  152,    0
 11378,913461,20190414,  151,    0
 11378,913461,20190415,  162,    0
 11378,913461,20190416,  174,    0
 11378,913461,20190417,  153,    0
 11378,913461,20190418,  157,    0
 11378,913461,20190419,  162,    0
 11378,913461,20190420,  172,    0
 11378,913461,20190421,  176,    0
 11378,913461,20190422,  170,    0
 11378,913461,20190423,  199,    0
 11378,913461,20190424,-9999,    9
 11378,913461,20190425,  199,    0
 11378,913461,20190426,  196,    0
 11378,913461,20190427,  186,    0
 11378,913461,20190428,  167,    0
 11378,913461,20190429,  166,    0
 11378,913461,20190430,  142,    0
