EUROPEAN CLIMATE ASSESSMENT & DATASET (ECA&D), file created on: 13-05-2019
THESE DATA CAN BE USED FOR NON-COMMERCIAL RESEARCH AND EDUCATION PROVIDED THAT THE FOLLOWING SOURCE IS ACKNOWLEDGED: 

Klein Tank, A.M.G. and Coauthors, 2002. Daily dataset of 20th-century surface
air temperature and precipitation series for the European Climate Assessment.
Int. J. of Climatol., 22, 1441-1453.
Data and metadata available at http://www.ecad.eu

FILE FORMAT (MISSING VALUE CODE = -9999):

01-06 STAID: Station identifier
08-13 SOUID: Source identifier
15-22 DATE : Date YYYYMMDD
24-28 TG   : Mean temperature in 0.1 &#176;C
30-34 Q_TG : quality code for TG (0='valid'; 1='suspect'; 9='missing')

This is the blended series of station SUTTON BONINGTON, UNITED KINGDOM (STAID: 11110)
Blended and updated with sources:56875 
See files sources.txt and stations.txt for more info.

STAID, SOUID,    DATE,   TG, Q_TG
 11110, 56875,20130101,   52,    0
 11110, 56875,20130102,   74,    0
 11110, 56875,20130103,   95,    0
 11110, 56875,20130104,   98,    0
 11110, 56875,20130105,  100,    0
 11110, 56875,20130106,   69,    0
 11110, 56875,20130107,   76,    0
 11110, 56875,20130108,   96,    1
 11110, 56875,20130109,   39,    1
 11110, 56875,20130110,    4,    0
 11110, 56875,20130111,   18,    0
 11110, 56875,20130112,   20,    0
 11110, 56875,20130113,   13,    0
 11110, 56875,20130114,    8,    0
 11110, 56875,20130115,    5,    1
 11110, 56875,20130116,  -34,    0
 11110, 56875,20130117,  -23,    0
 11110, 56875,20130118,   -9,    0
 11110, 56875,20130119,  -11,    0
 11110, 56875,20130120,    3,    1
 11110, 56875,20130121,   -8,    0
 11110, 56875,20130122,  -24,    0
 11110, 56875,20130123,  -27,    0
 11110, 56875,20130124,    6,    0
 11110, 56875,20130125,   -5,    0
 11110, 56875,20130126,   50,    0
 11110, 56875,20130127,   50,    0
 11110, 56875,20130128,   65,    0
 11110, 56875,20130129,   88,    0
 11110, 56875,20130130,   95,    1
 11110, 56875,20130131,   74,    0
 11110, 56875,20130201,   61,    1
 11110, 56875,20130202,   35,    0
 11110, 56875,20130203,   48,    0
 11110, 56875,20130204,   64,    1
 11110, 56875,20130205,   34,    0
 11110, 56875,20130206,   37,    0
 11110, 56875,20130207,   24,    0
 11110, 56875,20130208,   28,    0
 11110, 56875,20130209,   16,    0
 11110, 56875,20130210,   31,    1
 11110, 56875,20130211,   13,    0
 11110, 56875,20130212,   12,    0
 11110, 56875,20130213,   20,    0
 11110, 56875,20130214,   44,    0
 11110, 56875,20130215,   61,    0
 11110, 56875,20130216,   42,    0
 11110, 56875,20130217,   50,    0
 11110, 56875,20130218,   44,    0
 11110, 56875,20130219,   32,    0
 11110, 56875,20130220,    6,    0
 11110, 56875,20130221,-9999,    9
 11110, 56875,20130222,-9999,    9
 11110, 56875,20130223,   13,    0
 11110, 56875,20130224,   16,    0
 11110, 56875,20130225,   23,    0
 11110, 56875,20130226,   33,    0
 11110, 56875,20130227,   51,    0
 11110, 56875,20130228,   39,    0
 11110, 56875,20130301,   47,    0
 11110, 56875,20130302,   59,    0
 11110, 56875,20130303,   34,    0
 11110, 56875,20130304,   47,    0
 11110, 56875,20130305,   15,    0
 11110, 56875,20130306,   25,    0
 11110, 56875,20130307,   60,    1
 11110, 56875,20130308,   52,    1
 11110, 56875,20130309,   46,    1
 11110, 56875,20130310,   16,    1
 11110, 56875,20130311,   -9,    0
 11110, 56875,20130312,   11,    0
 11110, 56875,20130313,   34,    0
 11110, 56875,20130314,   17,    0
 11110, 56875,20130315,   46,    0
 11110, 56875,20130316,   68,    1
 11110, 56875,20130317,   29,    0
 11110, 56875,20130318,   18,    0
 11110, 56875,20130319,   28,    0
 11110, 56875,20130320,   22,    0
 11110, 56875,20130321,   22,    0
 11110, 56875,20130322,   16,    1
 11110, 56875,20130323,    3,    0
 11110, 56875,20130324,   -6,    0
 11110, 56875,20130325,    1,    0
 11110, 56875,20130326,   14,    0
 11110, 56875,20130327,   11,    0
 11110, 56875,20130328,   14,    0
 11110, 56875,20130329,   14,    0
 11110, 56875,20130330,   11,    0
 11110, 56875,20130331,    5,    0
 11110, 56875,20130401,   18,    0
 11110, 56875,20130402,   26,    0
 11110, 56875,20130403,   32,    0
 11110, 56875,20130404,   37,    0
 11110, 56875,20130405,   40,    0
 11110, 56875,20130406,   50,    0
 11110, 56875,20130407,   37,    0
 11110, 56875,20130408,   43,    0
 11110, 56875,20130409,   62,    0
 11110, 56875,20130410,   51,    0
 11110, 56875,20130411,   58,    0
 11110, 56875,20130412,   78,    0
 11110, 56875,20130413,   89,    0
 11110, 56875,20130414,  137,    0
 11110, 56875,20130415,  136,    0
 11110, 56875,20130416,  128,    0
 11110, 56875,20130417,  118,    0
 11110, 56875,20130418,  119,    1
 11110, 56875,20130419,   95,    0
 11110, 56875,20130420,   71,    0
 11110, 56875,20130421,   74,    0
 11110, 56875,20130422,   87,    0
 11110, 56875,20130423,  125,    0
 11110, 56875,20130424,  123,    0
 11110, 56875,20130425,  139,    1
 11110, 56875,20130426,   92,    0
 11110, 56875,20130427,   60,    0
 11110, 56875,20130428,   65,    0
 11110, 56875,20130429,   88,    0
 11110, 56875,20130430,   70,    0
 11110, 56875,20130501,   72,    0
 11110, 56875,20130502,   93,    0
 11110, 56875,20130503,   93,    0
 11110, 56875,20130504,  124,    0
 11110, 56875,20130505,  125,    0
 11110, 56875,20130506,  123,    0
 11110, 56875,20130507,  130,    0
 11110, 56875,20130508,  148,    1
 11110, 56875,20130509,  103,    0
 11110, 56875,20130510,  134,    1
 11110, 56875,20130511,   91,    0
 11110, 56875,20130512,   88,    0
 11110, 56875,20130513,  105,    0
 11110, 56875,20130514,   78,    0
 11110, 56875,20130515,   89,    0
 11110, 56875,20130516,   79,    0
 11110, 56875,20130517,   93,    0
 11110, 56875,20130518,  107,    0
 11110, 56875,20130519,  117,    0
 11110, 56875,20130520,  143,    0
 11110, 56875,20130521,  129,    0
 11110, 56875,20130522,  116,    1
 11110, 56875,20130523,   71,    0
 11110, 56875,20130524,   77,    0
 11110, 56875,20130525,  100,    0
 11110, 56875,20130526,  100,    0
 11110, 56875,20130527,  115,    0
 11110, 56875,20130528,  110,    0
 11110, 56875,20130529,  112,    0
 11110, 56875,20130530,  130,    0
 11110, 56875,20130531,  157,    0
 11110, 56875,20130601,  127,    0
 11110, 56875,20130602,  131,    0
 11110, 56875,20130603,  121,    0
 11110, 56875,20130604,  114,    0
 11110, 56875,20130605,  122,    0
 11110, 56875,20130606,  135,    0
 11110, 56875,20130607,  132,    0
 11110, 56875,20130608,  114,    0
 11110, 56875,20130609,  134,    0
 11110, 56875,20130610,  117,    0
 11110, 56875,20130611,  132,    0
 11110, 56875,20130612,  156,    0
 11110, 56875,20130613,  151,    0
 11110, 56875,20130614,  133,    0
 11110, 56875,20130615,  127,    0
 11110, 56875,20130616,  141,    0
 11110, 56875,20130617,  145,    0
 11110, 56875,20130618,  160,    0
 11110, 56875,20130619,  192,    0
 11110, 56875,20130620,  167,    0
 11110, 56875,20130621,  173,    0
 11110, 56875,20130622,  145,    0
 11110, 56875,20130623,  138,    0
 11110, 56875,20130624,  135,    0
 11110, 56875,20130625,  121,    0
 11110, 56875,20130626,  154,    0
 11110, 56875,20130627,  130,    0
 11110, 56875,20130628,  149,    0
 11110, 56875,20130629,  150,    0
 11110, 56875,20130630,  167,    0
 11110, 56875,20130701,  150,    0
 11110, 56875,20130702,  124,    0
 11110, 56875,20130703,  166,    0
 11110, 56875,20130704,  170,    0
 11110, 56875,20130705,  164,    0
 11110, 56875,20130706,  197,    0
 11110, 56875,20130707,  200,    0
 11110, 56875,20130708,  167,    0
 11110, 56875,20130709,  185,    0
 11110, 56875,20130710,  153,    0
 11110, 56875,20130711,  166,    0
 11110, 56875,20130712,  173,    0
 11110, 56875,20130713,  213,    0
 11110, 56875,20130714,  203,    0
 11110, 56875,20130715,  189,    0
 11110, 56875,20130716,  204,    0
 11110, 56875,20130717,  207,    0
 11110, 56875,20130718,  204,    0
 11110, 56875,20130719,  201,    0
 11110, 56875,20130720,  186,    1
 11110, 56875,20130721,  161,    0
 11110, 56875,20130722,  225,    0
 11110, 56875,20130723,  203,    0
 11110, 56875,20130724,  208,    0
 11110, 56875,20130725,  211,    0
 11110, 56875,20130726,  191,    0
 11110, 56875,20130727,  187,    0
 11110, 56875,20130728,  199,    0
 11110, 56875,20130729,  193,    0
 11110, 56875,20130730,  177,    0
 11110, 56875,20130731,  174,    0
 11110, 56875,20130801,  229,    0
 11110, 56875,20130802,  217,    0
 11110, 56875,20130803,  186,    0
 11110, 56875,20130804,  170,    0
 11110, 56875,20130805,  194,    0
 11110, 56875,20130806,  152,    0
 11110, 56875,20130807,  147,    0
 11110, 56875,20130808,  158,    0
 11110, 56875,20130809,  182,    0
 11110, 56875,20130810,  168,    0
 11110, 56875,20130811,  173,    0
 11110, 56875,20130812,  161,    0
 11110, 56875,20130813,  148,    0
 11110, 56875,20130814,  153,    0
 11110, 56875,20130815,  208,    0
 11110, 56875,20130816,  193,    0
 11110, 56875,20130817,  158,    0
 11110, 56875,20130818,  184,    0
 11110, 56875,20130819,  157,    0
 11110, 56875,20130820,  170,    0
 11110, 56875,20130821,  175,    0
 11110, 56875,20130822,  191,    0
 11110, 56875,20130823,  204,    0
 11110, 56875,20130824,  191,    0
 11110, 56875,20130825,  184,    0
 11110, 56875,20130826,  199,    0
 11110, 56875,20130827,  169,    0
 11110, 56875,20130828,  163,    0
 11110, 56875,20130829,  162,    0
 11110, 56875,20130830,  187,    0
 11110, 56875,20130831,  144,    0
 11110, 56875,20130901,  142,    0
 11110, 56875,20130902,  179,    0
 11110, 56875,20130903,  180,    0
 11110, 56875,20130904,  188,    0
 11110, 56875,20130905,  178,    1
 11110, 56875,20130906,  132,    0
 11110, 56875,20130907,  131,    0
 11110, 56875,20130908,  117,    0
 11110, 56875,20130909,  105,    0
 11110, 56875,20130910,  123,    0
 11110, 56875,20130911,  132,    0
 11110, 56875,20130912,  165,    0
 11110, 56875,20130913,  154,    0
 11110, 56875,20130914,  129,    0
 11110, 56875,20130915,  106,    0
 11110, 56875,20130916,  105,    0
 11110, 56875,20130917,  100,    0
 11110, 56875,20130918,  114,    0
 11110, 56875,20130919,  135,    0
 11110, 56875,20130920,  127,    0
 11110, 56875,20130921,  156,    0
 11110, 56875,20130922,  165,    0
 11110, 56875,20130923,  130,    0
 11110, 56875,20130924,  171,    0
 11110, 56875,20130925,  151,    0
 11110, 56875,20130926,  147,    0
 11110, 56875,20130927,  148,    0
 11110, 56875,20130928,  143,    0
 11110, 56875,20130929,  146,    0
 11110, 56875,20130930,  155,    0
 11110, 56875,20131001,  133,    0
 11110, 56875,20131002,  141,    0
 11110, 56875,20131003,  156,    0
 11110, 56875,20131004,  179,    1
 11110, 56875,20131005,  154,    0
 11110, 56875,20131006,  134,    0
 11110, 56875,20131007,  161,    0
 11110, 56875,20131008,  172,    1
 11110, 56875,20131009,  132,    1
 11110, 56875,20131010,   93,    0
 11110, 56875,20131011,  107,    0
 11110, 56875,20131012,  117,    0
 11110, 56875,20131013,  115,    1
 11110, 56875,20131014,   95,    0
 11110, 56875,20131015,  116,    0
 11110, 56875,20131016,   93,    0
 11110, 56875,20131017,  119,    0
 11110, 56875,20131018,  104,    0
 11110, 56875,20131019,  147,    0
 11110, 56875,20131020,  144,    0
 11110, 56875,20131021,  143,    0
 11110, 56875,20131022,  151,    0
 11110, 56875,20131023,  139,    0
 11110, 56875,20131024,  106,    0
 11110, 56875,20131025,  142,    0
 11110, 56875,20131026,  103,    0
 11110, 56875,20131027,  127,    0
 11110, 56875,20131028,  107,    0
 11110, 56875,20131029,   97,    0
 11110, 56875,20131030,   89,    0
 11110, 56875,20131031,  102,    0
 11110, 56875,20131101,  108,    0
 11110, 56875,20131102,  100,    1
 11110, 56875,20131103,   79,    0
 11110, 56875,20131104,   61,    0
 11110, 56875,20131105,   68,    0
 11110, 56875,20131106,   98,    0
 11110, 56875,20131107,   79,    0
 11110, 56875,20131108,   74,    0
 11110, 56875,20131109,   54,    0
 11110, 56875,20131110,   58,    0
 11110, 56875,20131111,   77,    0
 11110, 56875,20131112,  101,    0
 11110, 56875,20131113,   57,    0
 11110, 56875,20131114,   69,    0
 11110, 56875,20131115,   43,    0
 11110, 56875,20131116,   58,    0
 11110, 56875,20131117,   72,    0
 11110, 56875,20131118,   80,    1
 11110, 56875,20131119,   39,    0
 11110, 56875,20131120,   32,    0
 11110, 56875,20131121,   58,    0
 11110, 56875,20131122,   51,    0
 11110, 56875,20131123,   25,    0
 11110, 56875,20131124,   37,    0
 11110, 56875,20131125,   48,    0
 11110, 56875,20131126,   34,    0
 11110, 56875,20131127,   64,    0
 11110, 56875,20131128,   47,    0
 11110, 56875,20131129,   65,    0
 11110, 56875,20131130,   58,    0
 11110, 56875,20131201,   57,    0
 11110, 56875,20131202,   51,    0
 11110, 56875,20131203,   67,    0
 11110, 56875,20131204,   66,    0
 11110, 56875,20131205,   67,    0
 11110, 56875,20131206,   43,    0
 11110, 56875,20131207,   63,    0
 11110, 56875,20131208,   79,    0
 11110, 56875,20131209,   92,    0
 11110, 56875,20131210,   51,    0
 11110, 56875,20131211,   35,    0
 11110, 56875,20131212,   61,    0
 11110, 56875,20131213,   79,    0
 11110, 56875,20131214,   77,    0
 11110, 56875,20131215,   97,    0
 11110, 56875,20131216,  106,    1
 11110, 56875,20131217,   50,    0
 11110, 56875,20131218,   61,    0
 11110, 56875,20131219,   53,    0
 11110, 56875,20131220,   65,    0
 11110, 56875,20131221,   81,    1
 11110, 56875,20131222,   68,    0
 11110, 56875,20131223,   74,    1
 11110, 56875,20131224,   64,    0
 11110, 56875,20131225,   47,    0
 11110, 56875,20131226,   57,    0
 11110, 56875,20131227,   53,    0
 11110, 56875,20131228,   53,    0
 11110, 56875,20131229,   56,    0
 11110, 56875,20131230,   68,    0
 11110, 56875,20131231,   72,    0
 11110, 56875,20140101,   76,    0
 11110, 56875,20140102,   76,    0
 11110, 56875,20140103,   71,    1
 11110, 56875,20140104,   54,    0
 11110, 56875,20140105,   73,    0
 11110, 56875,20140106,   75,    0
 11110, 56875,20140107,   90,    0
 11110, 56875,20140108,   91,    1
 11110, 56875,20140109,   67,    0
 11110, 56875,20140110,   56,    0
 11110, 56875,20140111,   48,    0
 11110, 56875,20140112,   34,    0
 11110, 56875,20140113,   43,    0
 11110, 56875,20140114,   54,    0
 11110, 56875,20140115,   68,    0
 11110, 56875,20140116,   77,    0
 11110, 56875,20140117,   71,    0
 11110, 56875,20140118,   63,    0
 11110, 56875,20140119,   67,    0
 11110, 56875,20140120,   24,    0
 11110, 56875,20140121,   24,    0
 11110, 56875,20140122,   47,    0
 11110, 56875,20140123,   58,    0
 11110, 56875,20140124,   43,    0
 11110, 56875,20140125,   68,    0
 11110, 56875,20140126,   60,    0
 11110, 56875,20140127,   49,    0
 11110, 56875,20140128,   57,    1
 11110, 56875,20140129,   52,    1
 11110, 56875,20140130,   32,    0
 11110, 56875,20140131,   51,    0
 11110, 56875,20140201,   52,    0
 11110, 56875,20140202,   62,    0
 11110, 56875,20140203,   56,    0
 11110, 56875,20140204,   58,    0
 11110, 56875,20140205,   68,    0
 11110, 56875,20140206,   69,    0
 11110, 56875,20140207,   61,    0
 11110, 56875,20140208,   68,    0
 11110, 56875,20140209,   70,    0
 11110, 56875,20140210,   39,    0
 11110, 56875,20140211,   34,    0
 11110, 56875,20140212,   47,    0
 11110, 56875,20140213,   48,    0
 11110, 56875,20140214,   67,    0
 11110, 56875,20140215,   57,    0
 11110, 56875,20140216,   53,    0
 11110, 56875,20140217,   59,    0
 11110, 56875,20140218,   81,    0
 11110, 56875,20140219,   80,    0
 11110, 56875,20140220,   99,    1
 11110, 56875,20140221,   60,    0
 11110, 56875,20140222,   76,    0
 11110, 56875,20140223,   95,    0
 11110, 56875,20140224,   96,    0
 11110, 56875,20140225,   86,    0
 11110, 56875,20140226,   75,    0
 11110, 56875,20140227,   77,    1
 11110, 56875,20140228,   37,    0
 11110, 56875,20140301,   35,    0
 11110, 56875,20140302,   51,    0
 11110, 56875,20140303,   54,    0
 11110, 56875,20140304,   50,    0
 11110, 56875,20140305,   49,    0
 11110, 56875,20140306,   68,    0
 11110, 56875,20140307,  112,    0
 11110, 56875,20140308,   72,    0
 11110, 56875,20140309,  120,    1
 11110, 56875,20140310,   77,    0
 11110, 56875,20140311,   73,    0
 11110, 56875,20140312,   63,    0
 11110, 56875,20140313,   73,    0
 11110, 56875,20140314,   73,    0
 11110, 56875,20140315,   92,    0
 11110, 56875,20140316,  110,    0
 11110, 56875,20140317,  110,    0
 11110, 56875,20140318,   93,    0
 11110, 56875,20140319,  111,    0
 11110, 56875,20140320,  100,    0
 11110, 56875,20140321,   72,    0
 11110, 56875,20140322,   63,    0
 11110, 56875,20140323,   57,    0
 11110, 56875,20140324,   41,    0
 11110, 56875,20140325,   67,    0
 11110, 56875,20140326,   58,    0
 11110, 56875,20140327,   64,    0
 11110, 56875,20140328,   69,    0
 11110, 56875,20140329,  113,    0
 11110, 56875,20140330,  101,    0
 11110, 56875,20140331,  112,    0
 11110, 56875,20140401,  126,    1
 11110, 56875,20140402,   96,    0
 11110, 56875,20140403,   90,    0
 11110, 56875,20140404,  106,    0
 11110, 56875,20140405,  109,    0
 11110, 56875,20140406,  134,    0
 11110, 56875,20140407,  135,    1
 11110, 56875,20140408,   90,    0
 11110, 56875,20140409,  107,    0
 11110, 56875,20140410,   90,    0
 11110, 56875,20140411,   98,    0
 11110, 56875,20140412,   88,    0
 11110, 56875,20140413,   91,    0
 11110, 56875,20140414,  102,    0
 11110, 56875,20140415,   71,    0
 11110, 56875,20140416,   85,    0
 11110, 56875,20140417,  100,    0
 11110, 56875,20140418,   72,    0
 11110, 56875,20140419,   66,    0
 11110, 56875,20140420,  101,    0
 11110, 56875,20140421,  133,    0
 11110, 56875,20140422,  122,    0
 11110, 56875,20140423,  123,    0
 11110, 56875,20140424,  112,    0
 11110, 56875,20140425,   99,    0
 11110, 56875,20140426,  119,    0
 11110, 56875,20140427,  109,    0
 11110, 56875,20140428,  111,    0
 11110, 56875,20140429,  131,    0
 11110, 56875,20140430,  140,    0
 11110, 56875,20140501,  111,    0
 11110, 56875,20140502,   99,    0
 11110, 56875,20140503,   63,    0
 11110, 56875,20140504,  123,    0
 11110, 56875,20140505,  112,    0
 11110, 56875,20140506,  141,    0
 11110, 56875,20140507,  122,    0
 11110, 56875,20140508,  128,    0
 11110, 56875,20140509,  130,    0
 11110, 56875,20140510,  127,    0
 11110, 56875,20140511,  115,    0
 11110, 56875,20140512,  117,    0
 11110, 56875,20140513,  112,    0
 11110, 56875,20140514,  124,    0
 11110, 56875,20140515,  128,    0
 11110, 56875,20140516,  150,    0
 11110, 56875,20140517,  154,    0
 11110, 56875,20140518,  157,    0
 11110, 56875,20140519,  161,    0
 11110, 56875,20140520,  163,    0
 11110, 56875,20140521,  136,    0
 11110, 56875,20140522,  126,    0
 11110, 56875,20140523,  134,    0
 11110, 56875,20140524,  112,    0
 11110, 56875,20140525,  129,    0
 11110, 56875,20140526,  104,    0
 11110, 56875,20140527,  120,    0
 11110, 56875,20140528,  109,    0
 11110, 56875,20140529,  124,    0
 11110, 56875,20140530,  121,    0
 11110, 56875,20140531,  140,    0
 11110, 56875,20140601,  134,    0
 11110, 56875,20140602,  167,    0
 11110, 56875,20140603,  157,    1
 11110, 56875,20140604,  118,    0
 11110, 56875,20140605,  133,    0
 11110, 56875,20140606,  124,    0
 11110, 56875,20140607,  155,    0
 11110, 56875,20140608,  155,    0
 11110, 56875,20140609,  171,    0
 11110, 56875,20140610,  176,    0
 11110, 56875,20140611,  161,    0
 11110, 56875,20140612,  164,    0
 11110, 56875,20140613,  160,    0
 11110, 56875,20140614,  176,    1
 11110, 56875,20140615,  140,    0
 11110, 56875,20140616,  142,    0
 11110, 56875,20140617,  142,    0
 11110, 56875,20140618,  183,    0
 11110, 56875,20140619,  159,    0
 11110, 56875,20140620,  182,    0
 11110, 56875,20140621,  167,    0
 11110, 56875,20140622,  172,    0
 11110, 56875,20140623,  182,    0
 11110, 56875,20140624,  171,    0
 11110, 56875,20140625,  131,    0
 11110, 56875,20140626,  154,    0
 11110, 56875,20140627,  147,    0
 11110, 56875,20140628,  133,    0
 11110, 56875,20140629,  128,    0
 11110, 56875,20140630,  136,    0
 11110, 56875,20140701,  139,    0
 11110, 56875,20140702,  150,    0
 11110, 56875,20140703,  192,    0
 11110, 56875,20140704,  192,    0
 11110, 56875,20140705,  172,    0
 11110, 56875,20140706,  159,    0
 11110, 56875,20140707,  155,    0
 11110, 56875,20140708,  147,    0
 11110, 56875,20140709,  164,    0
 11110, 56875,20140710,  178,    0
 11110, 56875,20140711,  163,    0
 11110, 56875,20140712,  196,    0
 11110, 56875,20140713,  192,    0
 11110, 56875,20140714,  163,    0
 11110, 56875,20140715,  178,    0
 11110, 56875,20140716,  173,    0
 11110, 56875,20140717,  189,    0
 11110, 56875,20140718,  221,    0
 11110, 56875,20140719,  211,    0
 11110, 56875,20140720,  206,    0
 11110, 56875,20140721,  203,    0
 11110, 56875,20140722,  191,    0
 11110, 56875,20140723,  209,    0
 11110, 56875,20140724,  214,    0
 11110, 56875,20140725,  202,    0
 11110, 56875,20140726,  208,    0
 11110, 56875,20140727,  190,    0
 11110, 56875,20140728,  170,    0
 11110, 56875,20140729,  177,    0
 11110, 56875,20140730,  177,    0
 11110, 56875,20140731,  180,    0
 11110, 56875,20140801,  188,    0
 11110, 56875,20140802,  182,    0
 11110, 56875,20140803,  174,    0
 11110, 56875,20140804,  174,    0
 11110, 56875,20140805,  156,    0
 11110, 56875,20140806,  199,    0
 11110, 56875,20140807,  171,    0
 11110, 56875,20140808,  187,    0
 11110, 56875,20140809,  178,    0
 11110, 56875,20140810,  160,    0
 11110, 56875,20140811,  164,    0
 11110, 56875,20140812,  153,    0
 11110, 56875,20140813,  156,    0
 11110, 56875,20140814,  151,    0
 11110, 56875,20140815,  161,    0
 11110, 56875,20140816,  142,    0
 11110, 56875,20140817,  151,    0
 11110, 56875,20140818,  154,    0
 11110, 56875,20140819,  133,    0
 11110, 56875,20140820,  123,    0
 11110, 56875,20140821,  123,    0
 11110, 56875,20140822,  144,    0
 11110, 56875,20140823,  120,    0
 11110, 56875,20140824,  120,    0
 11110, 56875,20140825,  131,    0
 11110, 56875,20140826,  147,    0
 11110, 56875,20140827,  132,    0
 11110, 56875,20140828,  184,    0
 11110, 56875,20140829,  163,    0
 11110, 56875,20140830,  162,    0
 11110, 56875,20140831,  157,    0
 11110, 56875,20140901,  160,    0
 11110, 56875,20140902,  149,    0
 11110, 56875,20140903,  166,    0
 11110, 56875,20140904,  163,    0
 11110, 56875,20140905,  156,    0
 11110, 56875,20140906,  151,    0
 11110, 56875,20140907,  137,    0
 11110, 56875,20140908,  125,    0
 11110, 56875,20140909,  140,    0
 11110, 56875,20140910,  145,    0
 11110, 56875,20140911,  142,    0
 11110, 56875,20140912,  140,    0
 11110, 56875,20140913,  151,    0
 11110, 56875,20140914,  146,    0
 11110, 56875,20140915,  158,    0
 11110, 56875,20140916,  169,    0
 11110, 56875,20140917,  165,    0
 11110, 56875,20140918,  193,    1
 11110, 56875,20140919,  160,    0
 11110, 56875,20140920,  164,    0
 11110, 56875,20140921,  135,    0
 11110, 56875,20140922,  120,    0
 11110, 56875,20140923,  122,    0
 11110, 56875,20140924,  147,    0
 11110, 56875,20140925,  138,    0
 11110, 56875,20140926,  162,    0
 11110, 56875,20140927,  121,    0
 11110, 56875,20140928,  164,    0
 11110, 56875,20140929,  171,    0
 11110, 56875,20140930,  162,    0
 11110, 56875,20141001,  163,    0
 11110, 56875,20141002,  146,    0
 11110, 56875,20141003,  159,    1
 11110, 56875,20141004,  129,    0
 11110, 56875,20141005,   87,    0
 11110, 56875,20141006,  101,    0
 11110, 56875,20141007,  101,    0
 11110, 56875,20141008,   99,    0
 11110, 56875,20141009,  124,    0
 11110, 56875,20141010,  134,    0
 11110, 56875,20141011,   93,    0
 11110, 56875,20141012,   75,    0
 11110, 56875,20141013,   81,    0
 11110, 56875,20141014,  115,    0
 11110, 56875,20141015,  126,    0
 11110, 56875,20141016,  143,    0
 11110, 56875,20141017,  157,    0
 11110, 56875,20141018,  174,    0
 11110, 56875,20141019,  166,    1
 11110, 56875,20141020,  127,    1
 11110, 56875,20141021,  112,    0
 11110, 56875,20141022,   97,    0
 11110, 56875,20141023,  128,    0
 11110, 56875,20141024,  142,    0
 11110, 56875,20141025,  109,    0
 11110, 56875,20141026,  125,    0
 11110, 56875,20141027,  143,    0
 11110, 56875,20141028,  151,    1
 11110, 56875,20141029,  108,    0
 11110, 56875,20141030,  130,    0
 11110, 56875,20141031,  168,    1
 11110, 56875,20141101,  135,    1
 11110, 56875,20141102,  123,    1
 11110, 56875,20141103,   90,    0
 11110, 56875,20141104,   53,    0
 11110, 56875,20141105,   64,    0
 11110, 56875,20141106,   54,    0
 11110, 56875,20141107,   83,    0
 11110, 56875,20141108,   92,    0
 11110, 56875,20141109,   74,    0
 11110, 56875,20141110,   84,    0
 11110, 56875,20141111,   97,    0
 11110, 56875,20141112,  111,    0
 11110, 56875,20141113,  106,    0
 11110, 56875,20141114,  117,    1
 11110, 56875,20141115,   60,    0
 11110, 56875,20141116,   81,    0
 11110, 56875,20141117,   87,    0
 11110, 56875,20141118,   85,    0
 11110, 56875,20141119,   67,    0
 11110, 56875,20141120,   63,    0
 11110, 56875,20141121,   74,    0
 11110, 56875,20141122,  109,    1
 11110, 56875,20141123,   74,    0
 11110, 56875,20141124,   36,    0
 11110, 56875,20141125,   25,    0
 11110, 56875,20141126,   30,    0
 11110, 56875,20141127,   85,    0
 11110, 56875,20141128,   82,    0
 11110, 56875,20141129,  101,    0
 11110, 56875,20141130,   99,    1
 11110, 56875,20141201,   76,    0
 11110, 56875,20141202,   72,    0
 11110, 56875,20141203,   42,    0
 11110, 56875,20141204,   33,    0
 11110, 56875,20141205,   45,    0
 11110, 56875,20141206,   38,    0
 11110, 56875,20141207,   36,    0
 11110, 56875,20141208,   40,    0
 11110, 56875,20141209,   52,    0
 11110, 56875,20141210,   53,    0
 11110, 56875,20141211,   55,    1
 11110, 56875,20141212,   47,    0
 11110, 56875,20141213,   13,    0
 11110, 56875,20141214,   39,    0
 11110, 56875,20141215,   58,    0
 11110, 56875,20141216,   63,    0
 11110, 56875,20141217,   89,    0
 11110, 56875,20141218,  123,    1
 11110, 56875,20141219,   73,    0
 11110, 56875,20141220,   75,    0
 11110, 56875,20141221,   97,    0
 11110, 56875,20141222,  106,    0
 11110, 56875,20141223,  116,    1
 11110, 56875,20141224,   66,    0
 11110, 56875,20141225,   55,    1
 11110, 56875,20141226,   24,    0
 11110, 56875,20141227,   17,    0
 11110, 56875,20141228,    0,    0
 11110, 56875,20141229,   -1,    0
 11110, 56875,20141230,   -8,    0
 11110, 56875,20141231,   28,    0
 11110, 56875,20150101,   75,    0
 11110, 56875,20150102,   69,    1
 11110, 56875,20150103,   34,    0
 11110, 56875,20150104,    7,    0
 11110, 56875,20150105,   24,    0
 11110, 56875,20150106,   76,    0
 11110, 56875,20150107,   71,    0
 11110, 56875,20150108,   84,    0
 11110, 56875,20150109,  106,    1
 11110, 56875,20150110,   96,    0
 11110, 56875,20150111,   71,    0
 11110, 56875,20150112,   80,    1
 11110, 56875,20150113,   54,    0
 11110, 56875,20150114,   58,    0
 11110, 56875,20150115,   41,    0
 11110, 56875,20150116,   46,    0
 11110, 56875,20150117,   27,    0
 11110, 56875,20150118,   11,    0
 11110, 56875,20150119,    4,    0
 11110, 56875,20150120,    2,    0
 11110, 56875,20150121,    5,    0
 11110, 56875,20150122,   28,    0
 11110, 56875,20150123,   25,    0
 11110, 56875,20150124,   28,    0
 11110, 56875,20150125,   54,    0
 11110, 56875,20150126,   58,    0
 11110, 56875,20150127,   64,    0
 11110, 56875,20150128,   79,    1
 11110, 56875,20150129,   23,    0
 11110, 56875,20150130,   25,    0
 11110, 56875,20150131,   27,    0
 11110, 56875,20150201,   29,    1
 11110, 56875,20150202,   -4,    0
 11110, 56875,20150203,   24,    0
 11110, 56875,20150204,   19,    0
 11110, 56875,20150205,   19,    0
 11110, 56875,20150206,   12,    0
 11110, 56875,20150207,   13,    0
 11110, 56875,20150208,   28,    0
 11110, 56875,20150209,   42,    1
 11110, 56875,20150210,   17,    0
 11110, 56875,20150211,   35,    0
 11110, 56875,20150212,   43,    0
 11110, 56875,20150213,   50,    0
 11110, 56875,20150214,   63,    0
 11110, 56875,20150215,   60,    0
 11110, 56875,20150216,   57,    0
 11110, 56875,20150217,   48,    0
 11110, 56875,20150218,   71,    0
 11110, 56875,20150219,   65,    0
 11110, 56875,20150220,   37,    0
 11110, 56875,20150221,   42,    0
 11110, 56875,20150222,   45,    0
 11110, 56875,20150223,   47,    0
 11110, 56875,20150224,   59,    0
 11110, 56875,20150225,   67,    0
 11110, 56875,20150226,   85,    0
 11110, 56875,20150227,   48,    0
 11110, 56875,20150228,   75,    0
 11110, 56875,20150301,   75,    1
 11110, 56875,20150302,   45,    0
 11110, 56875,20150303,   49,    0
 11110, 56875,20150304,   62,    0
 11110, 56875,20150305,   53,    0
 11110, 56875,20150306,   85,    0
 11110, 56875,20150307,  111,    0
 11110, 56875,20150308,   88,    0
 11110, 56875,20150309,   44,    0
 11110, 56875,20150310,   70,    0
 11110, 56875,20150311,   64,    0
 11110, 56875,20150312,   94,    0
 11110, 56875,20150313,   82,    1
 11110, 56875,20150314,   53,    0
 11110, 56875,20150315,   55,    0
 11110, 56875,20150316,   64,    0
 11110, 56875,20150317,   53,    0
 11110, 56875,20150318,   41,    0
 11110, 56875,20150319,   46,    0
 11110, 56875,20150320,   71,    0
 11110, 56875,20150321,   63,    0
 11110, 56875,20150322,   66,    0
 11110, 56875,20150323,   53,    0
 11110, 56875,20150324,   49,    0
 11110, 56875,20150325,   43,    0
 11110, 56875,20150326,   64,    0
 11110, 56875,20150327,   70,    0
 11110, 56875,20150328,  101,    0
 11110, 56875,20150329,  102,    0
 11110, 56875,20150330,   81,    0
 11110, 56875,20150331,   79,    0
 11110, 56875,20150401,   62,    0
 11110, 56875,20150402,   80,    0
 11110, 56875,20150403,   88,    0
 11110, 56875,20150404,   92,    0
 11110, 56875,20150405,   91,    0
 11110, 56875,20150406,   96,    0
 11110, 56875,20150407,   97,    0
 11110, 56875,20150408,   92,    0
 11110, 56875,20150409,  104,    0
 11110, 56875,20150410,  123,    1
 11110, 56875,20150411,   89,    0
 11110, 56875,20150412,  100,    0
 11110, 56875,20150413,   71,    0
 11110, 56875,20150414,  133,    0
 11110, 56875,20150415,  108,    0
 11110, 56875,20150416,  108,    0
 11110, 56875,20150417,   83,    0
 11110, 56875,20150418,   79,    0
 11110, 56875,20150419,   76,    0
 11110, 56875,20150420,   72,    0
 11110, 56875,20150421,   84,    0
 11110, 56875,20150422,   81,    0
 11110, 56875,20150423,   95,    0
 11110, 56875,20150424,  105,    0
 11110, 56875,20150425,  129,    0
 11110, 56875,20150426,   93,    0
 11110, 56875,20150427,   50,    0
 11110, 56875,20150428,   73,    0
 11110, 56875,20150429,   95,    0
 11110, 56875,20150430,   86,    0
 11110, 56875,20150501,   52,    0
 11110, 56875,20150502,   60,    0
 11110, 56875,20150503,  138,    0
 11110, 56875,20150504,  131,    0
 11110, 56875,20150505,  127,    1
 11110, 56875,20150506,   97,    0
 11110, 56875,20150507,   92,    0
 11110, 56875,20150508,   93,    0
 11110, 56875,20150509,  116,    0
 11110, 56875,20150510,  113,    0
 11110, 56875,20150511,  159,    1
 11110, 56875,20150512,  127,    0
 11110, 56875,20150513,  103,    0
 11110, 56875,20150514,   76,    0
 11110, 56875,20150515,  111,    0
 11110, 56875,20150516,  118,    0
 11110, 56875,20150517,   91,    0
 11110, 56875,20150518,   99,    0
 11110, 56875,20150519,   87,    0
 11110, 56875,20150520,   97,    0
 11110, 56875,20150521,  114,    0
 11110, 56875,20150522,  157,    0
 11110, 56875,20150523,  128,    0
 11110, 56875,20150524,  123,    0
 11110, 56875,20150525,  104,    0
 11110, 56875,20150526,  127,    0
 11110, 56875,20150527,  109,    0
 11110, 56875,20150528,  123,    0
 11110, 56875,20150529,  110,    0
 11110, 56875,20150530,  103,    0
 11110, 56875,20150531,  123,    0
 11110, 56875,20150601,  104,    0
 11110, 56875,20150602,  145,    0
 11110, 56875,20150603,  138,    0
 11110, 56875,20150604,  133,    0
 11110, 56875,20150605,  164,    0
 11110, 56875,20150606,  127,    0
 11110, 56875,20150607,  123,    0
 11110, 56875,20150608,  101,    0
 11110, 56875,20150609,   92,    0
 11110, 56875,20150610,   89,    0
 11110, 56875,20150611,  135,    0
 11110, 56875,20150612,  145,    1
 11110, 56875,20150613,  133,    0
 11110, 56875,20150614,  131,    0
 11110, 56875,20150615,  125,    0
 11110, 56875,20150616,  166,    0
 11110, 56875,20150617,  172,    1
 11110, 56875,20150618,  130,    0
 11110, 56875,20150619,  134,    0
 11110, 56875,20150620,  164,    0
 11110, 56875,20150621,  151,    0
 11110, 56875,20150622,  130,    0
 11110, 56875,20150623,  144,    0
 11110, 56875,20150624,  155,    0
 11110, 56875,20150625,  166,    0
 11110, 56875,20150626,  177,    0
 11110, 56875,20150627,  166,    0
 11110, 56875,20150628,  180,    0
 11110, 56875,20150629,  177,    0
 11110, 56875,20150630,  205,    0
 11110, 56875,20150701,  238,    0
 11110, 56875,20150702,  208,    0
 11110, 56875,20150703,  163,    0
 11110, 56875,20150704,  201,    0
 11110, 56875,20150705,  163,    0
 11110, 56875,20150706,  150,    0
 11110, 56875,20150707,  181,    1
 11110, 56875,20150708,  150,    0
 11110, 56875,20150709,  145,    0
 11110, 56875,20150710,  176,    0
 11110, 56875,20150711,  185,    0
 11110, 56875,20150712,  181,    0
 11110, 56875,20150713,  166,    0
 11110, 56875,20150714,  178,    0
 11110, 56875,20150715,  162,    0
 11110, 56875,20150716,  150,    0
 11110, 56875,20150717,  174,    0
 11110, 56875,20150718,  166,    0
 11110, 56875,20150719,  167,    0
 11110, 56875,20150720,  163,    0
 11110, 56875,20150721,  176,    0
 11110, 56875,20150722,  168,    0
 11110, 56875,20150723,  142,    0
 11110, 56875,20150724,  129,    0
 11110, 56875,20150725,  150,    0
 11110, 56875,20150726,  120,    0
 11110, 56875,20150727,  159,    0
 11110, 56875,20150728,  144,    0
 11110, 56875,20150729,  131,    0
 11110, 56875,20150730,  138,    0
 11110, 56875,20150731,  127,    0
 11110, 56875,20150801,  156,    0
 11110, 56875,20150802,  177,    0
 11110, 56875,20150803,  194,    0
 11110, 56875,20150804,  169,    0
 11110, 56875,20150805,  172,    0
 11110, 56875,20150806,  185,    0
 11110, 56875,20150807,  155,    0
 11110, 56875,20150808,  188,    0
 11110, 56875,20150809,  183,    0
 11110, 56875,20150810,  205,    0
 11110, 56875,20150811,  153,    0
 11110, 56875,20150812,  160,    0
 11110, 56875,20150813,  156,    0
 11110, 56875,20150814,  156,    0
 11110, 56875,20150815,  151,    0
 11110, 56875,20150816,  126,    0
 11110, 56875,20150817,  151,    0
 11110, 56875,20150818,  150,    0
 11110, 56875,20150819,  171,    0
 11110, 56875,20150820,  183,    0
 11110, 56875,20150821,  194,    0
 11110, 56875,20150822,  229,    0
 11110, 56875,20150823,  214,    1
 11110, 56875,20150824,  144,    0
 11110, 56875,20150825,  140,    0
 11110, 56875,20150826,  177,    0
 11110, 56875,20150827,  165,    0
 11110, 56875,20150828,  156,    0
 11110, 56875,20150829,  170,    0
 11110, 56875,20150830,  146,    0
 11110, 56875,20150831,  141,    0
 11110, 56875,20150901,  147,    0
 11110, 56875,20150902,  135,    0
 11110, 56875,20150903,  128,    0
 11110, 56875,20150904,  130,    0
 11110, 56875,20150905,  125,    0
 11110, 56875,20150906,  116,    0
 11110, 56875,20150907,  110,    0
 11110, 56875,20150908,   94,    0
 11110, 56875,20150909,  144,    0
 11110, 56875,20150910,  152,    0
 11110, 56875,20150911,  138,    0
 11110, 56875,20150912,  164,    0
 11110, 56875,20150913,  127,    0
 11110, 56875,20150914,  106,    0
 11110, 56875,20150915,  136,    0
 11110, 56875,20150916,  121,    0
 11110, 56875,20150917,  113,    0
 11110, 56875,20150918,  139,    0
 11110, 56875,20150919,  129,    0
 11110, 56875,20150920,  121,    0
 11110, 56875,20150921,  137,    0
 11110, 56875,20150922,  126,    0
 11110, 56875,20150923,  125,    0
 11110, 56875,20150924,  138,    0
 11110, 56875,20150925,  120,    0
 11110, 56875,20150926,  101,    0
 11110, 56875,20150927,  113,    0
 11110, 56875,20150928,  117,    0
 11110, 56875,20150929,  117,    0
 11110, 56875,20150930,  136,    0
 11110, 56875,20151001,  132,    0
 11110, 56875,20151002,  111,    0
 11110, 56875,20151003,   91,    0
 11110, 56875,20151004,  116,    0
 11110, 56875,20151005,  135,    0
 11110, 56875,20151006,  160,    1
 11110, 56875,20151007,  127,    0
 11110, 56875,20151008,  114,    0
 11110, 56875,20151009,  118,    0
 11110, 56875,20151010,   91,    0
 11110, 56875,20151011,  110,    0
 11110, 56875,20151012,   90,    0
 11110, 56875,20151013,   96,    0
 11110, 56875,20151014,   86,    0
 11110, 56875,20151015,  101,    0
 11110, 56875,20151016,  115,    0
 11110, 56875,20151017,  106,    0
 11110, 56875,20151018,  118,    0
 11110, 56875,20151019,  118,    0
 11110, 56875,20151020,  105,    0
 11110, 56875,20151021,  116,    0
 11110, 56875,20151022,  134,    1
 11110, 56875,20151023,   80,    0
 11110, 56875,20151024,  115,    0
 11110, 56875,20151025,   71,    0
 11110, 56875,20151026,   92,    0
 11110, 56875,20151027,  124,    0
 11110, 56875,20151028,  126,    0
 11110, 56875,20151029,  119,    0
 11110, 56875,20151030,  135,    0
 11110, 56875,20151031,  123,    0
 11110, 56875,20151101,  107,    1
 11110, 56875,20151102,   72,    0
 11110, 56875,20151103,   83,    0
 11110, 56875,20151104,  116,    0
 11110, 56875,20151105,  130,    0
 11110, 56875,20151106,  149,    0
 11110, 56875,20151107,  145,    0
 11110, 56875,20151108,  116,    0
 11110, 56875,20151109,  122,    0
 11110, 56875,20151110,  141,    0
 11110, 56875,20151111,  137,    0
 11110, 56875,20151112,  116,    1
 11110, 56875,20151113,   85,    0
 11110, 56875,20151114,  107,    0
 11110, 56875,20151115,  118,    1
 11110, 56875,20151116,  113,    0
 11110, 56875,20151117,  107,    0
 11110, 56875,20151118,  107,    1
 11110, 56875,20151119,  102,    1
 11110, 56875,20151120,   68,    1
 11110, 56875,20151121,   22,    0
 11110, 56875,20151122,   15,    0
 11110, 56875,20151123,   28,    0
 11110, 56875,20151124,   48,    0
 11110, 56875,20151125,   85,    0
 11110, 56875,20151126,   92,    0
 11110, 56875,20151127,  104,    1
 11110, 56875,20151128,   63,    0
 11110, 56875,20151129,   84,    0
 11110, 56875,20151130,   90,    0
 11110, 56875,20151201,   97,    0
 11110, 56875,20151202,  117,    0
 11110, 56875,20151203,  122,    0
 11110, 56875,20151204,   93,    0
 11110, 56875,20151205,  106,    0
 11110, 56875,20151206,  123,    0
 11110, 56875,20151207,  112,    0
 11110, 56875,20151208,  119,    1
 11110, 56875,20151209,   79,    0
 11110, 56875,20151210,   87,    1
 11110, 56875,20151211,   75,    0
 11110, 56875,20151212,   84,    1
 11110, 56875,20151213,   49,    0
 11110, 56875,20151214,   60,    0
 11110, 56875,20151215,  108,    0
 11110, 56875,20151216,  113,    0
 11110, 56875,20151217,  133,    0
 11110, 56875,20151218,  129,    0
 11110, 56875,20151219,  133,    1
 11110, 56875,20151220,  114,    0
 11110, 56875,20151221,  101,    0
 11110, 56875,20151222,  105,    0
 11110, 56875,20151223,   94,    0
 11110, 56875,20151224,   95,    0
 11110, 56875,20151225,   90,    0
 11110, 56875,20151226,  101,    0
 11110, 56875,20151227,  106,    0
 11110, 56875,20151228,  102,    0
 11110, 56875,20151229,  111,    0
 11110, 56875,20151230,  110,    1
 11110, 56875,20151231,   78,    0
 11110, 56875,20160101,   44,    0
 11110, 56875,20160102,   60,    0
 11110, 56875,20160103,   72,    0
 11110, 56875,20160104,   64,    0
 11110, 56875,20160105,   71,    0
 11110, 56875,20160106,   74,    0
 11110, 56875,20160107,   69,    0
 11110, 56875,20160108,   54,    0
 11110, 56875,20160109,   66,    0
 11110, 56875,20160110,   56,    0
 11110, 56875,20160111,   41,    0
 11110, 56875,20160112,   49,    0
 11110, 56875,20160113,   42,    0
 11110, 56875,20160114,   28,    0
 11110, 56875,20160115,   22,    0
 11110, 56875,20160116,    6,    0
 11110, 56875,20160117,    9,    0
 11110, 56875,20160118,   20,    0
 11110, 56875,20160119,    2,    0
 11110, 56875,20160120,   24,    0
 11110, 56875,20160121,   19,    0
 11110, 56875,20160122,   57,    0
 11110, 56875,20160123,   90,    0
 11110, 56875,20160124,  100,    0
 11110, 56875,20160125,  121,    0
 11110, 56875,20160126,  100,    0
 11110, 56875,20160127,  118,    0
 11110, 56875,20160128,   73,    0
 11110, 56875,20160129,   86,    1
 11110, 56875,20160130,   56,    0
 11110, 56875,20160131,   81,    0
 11110, 56875,20160201,   94,    1
 11110, 56875,20160202,   77,    0
 11110, 56875,20160203,   64,    0
 11110, 56875,20160204,   74,    0
 11110, 56875,20160205,  100,    0
 11110, 56875,20160206,   91,    1
 11110, 56875,20160207,   65,    0
 11110, 56875,20160208,   68,    0
 11110, 56875,20160209,   48,    0
 11110, 56875,20160210,   53,    0
 11110, 56875,20160211,   40,    0
 11110, 56875,20160212,   28,    0
 11110, 56875,20160213,   24,    0
 11110, 56875,20160214,   38,    0
 11110, 56875,20160215,   31,    0
 11110, 56875,20160216,   10,    0
 11110, 56875,20160217,   26,    0
 11110, 56875,20160218,   37,    0
 11110, 56875,20160219,   48,    0
 11110, 56875,20160220,   79,    0
 11110, 56875,20160221,  114,    1
 11110, 56875,20160222,   66,    0
 11110, 56875,20160223,   56,    0
 11110, 56875,20160224,   19,    0
 11110, 56875,20160225,   30,    0
 11110, 56875,20160226,   35,    0
 11110, 56875,20160227,   32,    0
 11110, 56875,20160228,   38,    0
 11110, 56875,20160229,   28,    0
 11110, 56875,20160301,   69,    0
 11110, 56875,20160302,   50,    0
 11110, 56875,20160303,   42,    0
 11110, 56875,20160304,   28,    0
 11110, 56875,20160305,   37,    0
 11110, 56875,20160306,   27,    0
 11110, 56875,20160307,   28,    0
 11110, 56875,20160308,   20,    0
 11110, 56875,20160309,   40,    0
 11110, 56875,20160310,   66,    0
 11110, 56875,20160311,   44,    0
 11110, 56875,20160312,   58,    0
 11110, 56875,20160313,   54,    0
 11110, 56875,20160314,   59,    0
 11110, 56875,20160315,   56,    0
 11110, 56875,20160316,   78,    0
 11110, 56875,20160317,   54,    0
 11110, 56875,20160318,   28,    0
 11110, 56875,20160319,   58,    0
 11110, 56875,20160320,   84,    0
 11110, 56875,20160321,   55,    0
 11110, 56875,20160322,   56,    0
 11110, 56875,20160323,   74,    0
 11110, 56875,20160324,   72,    0
 11110, 56875,20160325,   88,    0
 11110, 56875,20160326,  102,    0
 11110, 56875,20160327,   83,    0
 11110, 56875,20160328,   65,    0
 11110, 56875,20160329,   70,    0
 11110, 56875,20160330,   70,    0
 11110, 56875,20160331,   67,    0
 11110, 56875,20160401,   71,    0
 11110, 56875,20160402,  111,    0
 11110, 56875,20160403,   99,    0
 11110, 56875,20160404,  110,    0
 11110, 56875,20160405,   88,    0
 11110, 56875,20160406,   81,    0
 11110, 56875,20160407,   80,    0
 11110, 56875,20160408,   88,    0
 11110, 56875,20160409,   84,    0
 11110, 56875,20160410,   52,    0
 11110, 56875,20160411,  104,    0
 11110, 56875,20160412,  106,    0
 11110, 56875,20160413,   96,    0
 11110, 56875,20160414,   98,    1
 11110, 56875,20160415,   74,    0
 11110, 56875,20160416,   62,    0
 11110, 56875,20160417,   53,    0
 11110, 56875,20160418,   71,    0
 11110, 56875,20160419,   74,    0
 11110, 56875,20160420,   74,    0
 11110, 56875,20160421,   80,    0
 11110, 56875,20160422,   91,    0
 11110, 56875,20160423,   56,    0
 11110, 56875,20160424,   55,    0
 11110, 56875,20160425,   79,    0
 11110, 56875,20160426,   47,    0
 11110, 56875,20160427,   45,    0
 11110, 56875,20160428,   42,    0
 11110, 56875,20160429,   58,    0
 11110, 56875,20160430,   60,    0
 11110, 56875,20160501,   70,    0
 11110, 56875,20160502,  126,    0
 11110, 56875,20160503,   92,    0
 11110, 56875,20160504,   92,    0
 11110, 56875,20160505,  116,    0
 11110, 56875,20160506,  119,    0
 11110, 56875,20160507,  147,    0
 11110, 56875,20160508,  167,    0
 11110, 56875,20160509,  168,    1
 11110, 56875,20160510,  138,    0
 11110, 56875,20160511,  144,    0
 11110, 56875,20160512,  152,    1
 11110, 56875,20160513,  122,    0
 11110, 56875,20160514,   88,    0
 11110, 56875,20160515,   94,    0
 11110, 56875,20160516,   86,    0
 11110, 56875,20160517,  112,    0
 11110, 56875,20160518,  126,    0
 11110, 56875,20160519,  127,    0
 11110, 56875,20160520,  149,    0
 11110, 56875,20160521,  146,    0
 11110, 56875,20160522,  132,    0
 11110, 56875,20160523,  126,    0
 11110, 56875,20160524,  103,    0
 11110, 56875,20160525,   98,    0
 11110, 56875,20160526,  116,    0
 11110, 56875,20160527,  108,    0
 11110, 56875,20160528,  112,    0
 11110, 56875,20160529,  124,    0
 11110, 56875,20160530,  140,    1
 11110, 56875,20160531,  112,    0
 11110, 56875,20160601,  117,    0
 11110, 56875,20160602,  113,    0
 11110, 56875,20160603,  108,    0
 11110, 56875,20160604,  152,    0
 11110, 56875,20160605,  157,    0
 11110, 56875,20160606,  154,    0
 11110, 56875,20160607,  161,    0
 11110, 56875,20160608,  178,    0
 11110, 56875,20160609,  162,    0
 11110, 56875,20160610,  182,    0
 11110, 56875,20160611,  168,    0
 11110, 56875,20160612,  164,    1
 11110, 56875,20160613,  149,    0
 11110, 56875,20160614,  158,    0
 11110, 56875,20160615,  152,    0
 11110, 56875,20160616,  152,    0
 11110, 56875,20160617,  152,    0
 11110, 56875,20160618,  142,    0
 11110, 56875,20160619,  150,    0
 11110, 56875,20160620,  174,    0
 11110, 56875,20160621,  162,    0
 11110, 56875,20160622,  170,    0
 11110, 56875,20160623,  188,    0
 11110, 56875,20160624,  153,    0
 11110, 56875,20160625,  136,    0
 11110, 56875,20160626,  158,    0
 11110, 56875,20160627,  156,    0
 11110, 56875,20160628,  136,    0
 11110, 56875,20160629,  130,    0
 11110, 56875,20160630,  148,    0
 11110, 56875,20160701,  162,    0
 11110, 56875,20160702,  136,    0
 11110, 56875,20160703,  144,    0
 11110, 56875,20160704,  142,    0
 11110, 56875,20160705,  161,    0
 11110, 56875,20160706,  144,    0
 11110, 56875,20160707,  174,    0
 11110, 56875,20160708,  180,    0
 11110, 56875,20160709,  181,    0
 11110, 56875,20160710,  188,    0
 11110, 56875,20160711,  178,    1
 11110, 56875,20160712,  136,    0
 11110, 56875,20160713,  137,    0
 11110, 56875,20160714,  147,    0
 11110, 56875,20160715,  146,    0
 11110, 56875,20160716,  179,    0
 11110, 56875,20160717,  196,    0
 11110, 56875,20160718,  202,    0
 11110, 56875,20160719,  230,    0
 11110, 56875,20160720,  246,    1
 11110, 56875,20160721,  188,    0
 11110, 56875,20160722,  210,    0
 11110, 56875,20160723,  210,    0
 11110, 56875,20160724,  188,    0
 11110, 56875,20160725,  172,    0
 11110, 56875,20160726,  166,    0
 11110, 56875,20160727,  192,    0
 11110, 56875,20160728,  166,    0
 11110, 56875,20160729,  178,    0
 11110, 56875,20160730,  160,    0
 11110, 56875,20160731,  150,    0
 11110, 56875,20160801,  140,    0
 11110, 56875,20160802,  172,    0
 11110, 56875,20160803,  196,    0
 11110, 56875,20160804,  180,    0
 11110, 56875,20160805,  178,    0
 11110, 56875,20160806,  186,    0
 11110, 56875,20160807,  206,    1
 11110, 56875,20160808,  168,    0
 11110, 56875,20160809,  140,    0
 11110, 56875,20160810,  152,    0
 11110, 56875,20160811,  164,    0
 11110, 56875,20160812,  192,    0
 11110, 56875,20160813,  186,    0
 11110, 56875,20160814,  176,    0
 11110, 56875,20160815,  157,    0
 11110, 56875,20160816,  164,    0
 11110, 56875,20160817,  167,    0
 11110, 56875,20160818,  186,    1
 11110, 56875,20160819,  166,    0
 11110, 56875,20160820,  172,    0
 11110, 56875,20160821,  184,    0
 11110, 56875,20160822,  192,    0
 11110, 56875,20160823,  225,    0
 11110, 56875,20160824,  212,    1
 11110, 56875,20160825,  175,    0
 11110, 56875,20160826,  176,    0
 11110, 56875,20160827,  148,    0
 11110, 56875,20160828,  190,    0
 11110, 56875,20160829,  182,    0
 11110, 56875,20160830,  177,    0
 11110, 56875,20160831,  186,    0
 11110, 56875,20160901,  170,    0
 11110, 56875,20160902,  172,    0
 11110, 56875,20160903,  144,    0
 11110, 56875,20160904,  171,    0
 11110, 56875,20160905,  180,    0
 11110, 56875,20160906,  202,    0
 11110, 56875,20160907,  210,    0
 11110, 56875,20160908,  187,    0
 11110, 56875,20160909,  191,    1
 11110, 56875,20160910,  142,    0
 11110, 56875,20160911,  140,    0
 11110, 56875,20160912,  179,    0
 11110, 56875,20160913,  220,    0
 11110, 56875,20160914,  206,    0
 11110, 56875,20160915,  196,    1
 11110, 56875,20160916,  160,    0
 11110, 56875,20160917,  142,    0
 11110, 56875,20160918,  150,    0
 11110, 56875,20160919,  144,    0
 11110, 56875,20160920,  122,    0
 11110, 56875,20160921,  144,    0
 11110, 56875,20160922,  158,    0
 11110, 56875,20160923,  130,    0
 11110, 56875,20160924,  156,    0
 11110, 56875,20160925,  155,    0
 11110, 56875,20160926,  128,    0
 11110, 56875,20160927,  164,    0
 11110, 56875,20160928,  167,    0
 11110, 56875,20160929,  168,    0
 11110, 56875,20160930,  133,    0
 11110, 56875,20161001,   98,    0
 11110, 56875,20161002,  112,    0
 11110, 56875,20161003,   93,    0
 11110, 56875,20161004,  130,    0
 11110, 56875,20161005,  142,    0
 11110, 56875,20161006,  109,    0
 11110, 56875,20161007,  130,    0
 11110, 56875,20161008,  120,    0
 11110, 56875,20161009,  106,    0
 11110, 56875,20161010,   85,    0
 11110, 56875,20161011,  100,    0
 11110, 56875,20161012,  116,    0
 11110, 56875,20161013,   92,    0
 11110, 56875,20161014,  106,    0
 11110, 56875,20161015,  120,    0
 11110, 56875,20161016,  124,    0
 11110, 56875,20161017,  134,    1
 11110, 56875,20161018,  107,    0
 11110, 56875,20161019,  115,    0
 11110, 56875,20161020,  110,    0
 11110, 56875,20161021,   92,    0
 11110, 56875,20161022,   82,    0
 11110, 56875,20161023,   88,    0
 11110, 56875,20161024,   96,    0
 11110, 56875,20161025,   76,    0
 11110, 56875,20161026,  106,    0
 11110, 56875,20161027,  112,    0
 11110, 56875,20161028,  142,    0
 11110, 56875,20161029,  136,    1
 11110, 56875,20161030,  124,    0
 11110, 56875,20161031,  108,    1
 11110, 56875,20161101,   77,    0
 11110, 56875,20161102,   54,    0
 11110, 56875,20161103,   45,    0
 11110, 56875,20161104,   76,    0
 11110, 56875,20161105,   62,    0
 11110, 56875,20161106,   42,    0
 11110, 56875,20161107,   56,    1
 11110, 56875,20161108,   10,    0
 11110, 56875,20161109,   36,    0
 11110, 56875,20161110,   60,    0
 11110, 56875,20161111,   62,    0
 11110, 56875,20161112,   79,    0
 11110, 56875,20161113,   74,    0
 11110, 56875,20161114,   96,    0
 11110, 56875,20161115,  125,    1
 11110, 56875,20161116,  108,    1
 11110, 56875,20161117,   78,    1
 11110, 56875,20161118,   47,    0
 11110, 56875,20161119,   43,    0
 11110, 56875,20161120,   48,    0
 11110, 56875,20161121,   58,    0
 11110, 56875,20161122,   64,    0
 11110, 56875,20161123,   68,    0
 11110, 56875,20161124,   71,    0
 11110, 56875,20161125,   72,    1
 11110, 56875,20161126,   50,    0
 11110, 56875,20161127,   54,    0
 11110, 56875,20161128,   62,    1
 11110, 56875,20161129,    4,    0
 11110, 56875,20161130,   14,    0
 11110, 56875,20161201,   28,    0
 11110, 56875,20161202,   58,    0
 11110, 56875,20161203,   57,    0
 11110, 56875,20161204,   33,    1
 11110, 56875,20161205,    0,    0
 11110, 56875,20161206,   42,    0
 11110, 56875,20161207,   66,    0
 11110, 56875,20161208,  122,    0
 11110, 56875,20161209,  104,    0
 11110, 56875,20161210,  108,    1
 11110, 56875,20161211,   65,    0
 11110, 56875,20161212,   54,    0
 11110, 56875,20161213,   72,    0
 11110, 56875,20161214,   94,    0
 11110, 56875,20161215,   71,    0
 11110, 56875,20161216,   82,    0
 11110, 56875,20161217,   73,    1
 11110, 56875,20161218,   40,    0
 11110, 56875,20161219,   48,    0
 11110, 56875,20161220,   58,    0
 11110, 56875,20161221,   60,    0
 11110, 56875,20161222,   59,    0
 11110, 56875,20161223,   80,    0
 11110, 56875,20161224,   90,    0
 11110, 56875,20161225,  102,    1
 11110, 56875,20161226,   64,    1
 11110, 56875,20161227,   34,    0
 11110, 56875,20161228,   -2,    0
 11110, 56875,20161229,   -6,    0
 11110, 56875,20161230,   17,    0
 11110, 56875,20161231,   48,    0
 11110, 56875,20170101,   53,    1
 11110, 56875,20170102,   23,    0
 11110, 56875,20170103,   34,    0
 11110, 56875,20170104,   55,    0
 11110, 56875,20170105,   13,    0
 11110, 56875,20170106,   26,    0
 11110, 56875,20170107,   70,    0
 11110, 56875,20170108,   72,    0
 11110, 56875,20170109,   72,    0
 11110, 56875,20170110,   78,    0
 11110, 56875,20170111,   80,    1
 11110, 56875,20170112,   50,    0
 11110, 56875,20170113,   30,    0
 11110, 56875,20170114,   31,    0
 11110, 56875,20170115,   54,    0
 11110, 56875,20170116,   53,    0
 11110, 56875,20170117,   47,    0
 11110, 56875,20170118,   50,    0
 11110, 56875,20170119,   53,    0
 11110, 56875,20170120,   19,    0
 11110, 56875,20170121,    2,    0
 11110, 56875,20170122,    0,    0
 11110, 56875,20170123,   11,    0
 11110, 56875,20170124,   13,    0
 11110, 56875,20170125,   19,    1
 11110, 56875,20170126,   -3,    0
 11110, 56875,20170127,   12,    0
 11110, 56875,20170128,   30,    0
 11110, 56875,20170129,   30,    0
 11110, 56875,20170130,   42,    0
 11110, 56875,20170131,   66,    0
 11110, 56875,20170201,   79,    0
 11110, 56875,20170202,   98,    1
 11110, 56875,20170203,   78,    0
 11110, 56875,20170204,   50,    0
 11110, 56875,20170205,   27,    0
 11110, 56875,20170206,   14,    0
 11110, 56875,20170207,   40,    0
 11110, 56875,20170208,   40,    1
 11110, 56875,20170209,   14,    0
 11110, 56875,20170210,   18,    0
 11110, 56875,20170211,   16,    0
 11110, 56875,20170212,   22,    0
 11110, 56875,20170213,   48,    0
 11110, 56875,20170214,   43,    0
 11110, 56875,20170215,   64,    0
 11110, 56875,20170216,   78,    0
 11110, 56875,20170217,   93,    0
 11110, 56875,20170218,   72,    0
 11110, 56875,20170219,   89,    0
 11110, 56875,20170220,  115,    0
 11110, 56875,20170221,  103,    0
 11110, 56875,20170222,  104,    1
 11110, 56875,20170223,   82,    0
 11110, 56875,20170224,   56,    0
 11110, 56875,20170225,   72,    0
 11110, 56875,20170226,   96,    1
 11110, 56875,20170227,   75,    1
 11110, 56875,20170228,   36,    0
 11110, 56875,20170301,   58,    0
 11110, 56875,20170302,   62,    0
 11110, 56875,20170303,   62,    0
 11110, 56875,20170304,   83,    1
 11110, 56875,20170305,   55,    0
 11110, 56875,20170306,   63,    0
 11110, 56875,20170307,   68,    0
 11110, 56875,20170308,   93,    0
 11110, 56875,20170309,   97,    0
 11110, 56875,20170310,   88,    0
 11110, 56875,20170311,  108,    0
 11110, 56875,20170312,  118,    0
 11110, 56875,20170313,   87,    0
 11110, 56875,20170314,  112,    0
 11110, 56875,20170315,  108,    0
 11110, 56875,20170316,   82,    0
 11110, 56875,20170317,   77,    0
 11110, 56875,20170318,  100,    0
 11110, 56875,20170319,  131,    1
 11110, 56875,20170320,  112,    1
 11110, 56875,20170321,   56,    0
 11110, 56875,20170322,   63,    0
 11110, 56875,20170323,   60,    0
 11110, 56875,20170324,   81,    0
 11110, 56875,20170325,   66,    0
 11110, 56875,20170326,   81,    0
 11110, 56875,20170327,   70,    0
 11110, 56875,20170328,   98,    0
 11110, 56875,20170329,  106,    0
 11110, 56875,20170330,  161,    0
 11110, 56875,20170331,  138,    1
 11110, 56875,20170401,  105,    0
 11110, 56875,20170402,   99,    0
 11110, 56875,20170403,   99,    0
 11110, 56875,20170404,  109,    0
 11110, 56875,20170405,   76,    0
 11110, 56875,20170406,   74,    0
 11110, 56875,20170407,   78,    0
 11110, 56875,20170408,  100,    0
 11110, 56875,20170409,  138,    1
 11110, 56875,20170410,   88,    0
 11110, 56875,20170411,   97,    0
 11110, 56875,20170412,  108,    0
 11110, 56875,20170413,   83,    0
 11110, 56875,20170414,  108,    0
 11110, 56875,20170415,   98,    0
 11110, 56875,20170416,   98,    0
 11110, 56875,20170417,   81,    0
 11110, 56875,20170418,   68,    0
 11110, 56875,20170419,   75,    0
 11110, 56875,20170420,  113,    0
 11110, 56875,20170421,  116,    0
 11110, 56875,20170422,  107,    0
 11110, 56875,20170423,   96,    0
 11110, 56875,20170424,   88,    0
 11110, 56875,20170425,   50,    0
 11110, 56875,20170426,   61,    0
 11110, 56875,20170427,   52,    0
 11110, 56875,20170428,   92,    0
 11110, 56875,20170429,  102,    0
 11110, 56875,20170430,  123,    0
 11110, 56875,20170501,  119,    0
 11110, 56875,20170502,   98,    0
 11110, 56875,20170503,   92,    0
 11110, 56875,20170504,  116,    0
 11110, 56875,20170505,  107,    0
 11110, 56875,20170506,   94,    0
 11110, 56875,20170507,  114,    0
 11110, 56875,20170508,   92,    0
 11110, 56875,20170509,   92,    0
 11110, 56875,20170510,   85,    0
 11110, 56875,20170511,  108,    0
 11110, 56875,20170512,  131,    0
 11110, 56875,20170513,  131,    0
 11110, 56875,20170514,  144,    0
 11110, 56875,20170515,  128,    0
 11110, 56875,20170516,  153,    1
 11110, 56875,20170517,  132,    0
 11110, 56875,20170518,  117,    0
 11110, 56875,20170519,  115,    0
 11110, 56875,20170520,  112,    0
 11110, 56875,20170521,  129,    0
 11110, 56875,20170522,  158,    0
 11110, 56875,20170523,  158,    0
 11110, 56875,20170524,  168,    0
 11110, 56875,20170525,  185,    0
 11110, 56875,20170526,  178,    0
 11110, 56875,20170527,  177,    0
 11110, 56875,20170528,  176,    1
 11110, 56875,20170529,  149,    0
 11110, 56875,20170530,  167,    0
 11110, 56875,20170531,  164,    0
 11110, 56875,20170601,  175,    0
 11110, 56875,20170602,  161,    0
 11110, 56875,20170603,  157,    0
 11110, 56875,20170604,  128,    0
 11110, 56875,20170605,  117,    0
 11110, 56875,20170606,  128,    0
 11110, 56875,20170607,  146,    0
 11110, 56875,20170608,  152,    0
 11110, 56875,20170609,  159,    0
 11110, 56875,20170610,  168,    0
 11110, 56875,20170611,  166,    0
 11110, 56875,20170612,  149,    0
 11110, 56875,20170613,  161,    0
 11110, 56875,20170614,  171,    0
 11110, 56875,20170615,  169,    0
 11110, 56875,20170616,  168,    0
 11110, 56875,20170617,  214,    0
 11110, 56875,20170618,  212,    0
 11110, 56875,20170619,  224,    1
 11110, 56875,20170620,  186,    0
 11110, 56875,20170621,  197,    0
 11110, 56875,20170622,  189,    0
 11110, 56875,20170623,  159,    0
 11110, 56875,20170624,  184,    0
 11110, 56875,20170625,  166,    0
 11110, 56875,20170626,  147,    0
 11110, 56875,20170627,  151,    1
 11110, 56875,20170628,  129,    0
 11110, 56875,20170629,  130,    0
 11110, 56875,20170630,  156,    0
 11110, 56875,20170701,  176,    0
 11110, 56875,20170702,  164,    0
 11110, 56875,20170703,  158,    0
 11110, 56875,20170704,  183,    0
 11110, 56875,20170705,  176,    0
 11110, 56875,20170706,  209,    0
 11110, 56875,20170707,  192,    0
 11110, 56875,20170708,  173,    0
 11110, 56875,20170709,  189,    0
 11110, 56875,20170710,  176,    1
 11110, 56875,20170711,  143,    0
 11110, 56875,20170712,  164,    0
 11110, 56875,20170713,  168,    0
 11110, 56875,20170714,  164,    0
 11110, 56875,20170715,  177,    0
 11110, 56875,20170716,  192,    0
 11110, 56875,20170717,  161,    0
 11110, 56875,20170718,  191,    0
 11110, 56875,20170719,  189,    0
 11110, 56875,20170720,  159,    0
 11110, 56875,20170721,  163,    0
 11110, 56875,20170722,  169,    0
 11110, 56875,20170723,  162,    0
 11110, 56875,20170724,  164,    0
 11110, 56875,20170725,  165,    0
 11110, 56875,20170726,  181,    0
 11110, 56875,20170727,  154,    0
 11110, 56875,20170728,  163,    0
 11110, 56875,20170729,  159,    0
 11110, 56875,20170730,  164,    0
 11110, 56875,20170731,  167,    0
 11110, 56875,20170801,  166,    0
 11110, 56875,20170802,  168,    0
 11110, 56875,20170803,  179,    0
 11110, 56875,20170804,  170,    0
 11110, 56875,20170805,  152,    0
 11110, 56875,20170806,  142,    0
 11110, 56875,20170807,  170,    1
 11110, 56875,20170808,  134,    0
 11110, 56875,20170809,  151,    0
 11110, 56875,20170810,  146,    0
 11110, 56875,20170811,  136,    0
 11110, 56875,20170812,  175,    0
 11110, 56875,20170813,  142,    0
 11110, 56875,20170814,  164,    0
 11110, 56875,20170815,  176,    0
 11110, 56875,20170816,  152,    0
 11110, 56875,20170817,  187,    0
 11110, 56875,20170818,  164,    0
 11110, 56875,20170819,  139,    0
 11110, 56875,20170820,  152,    0
 11110, 56875,20170821,  162,    0
 11110, 56875,20170822,  182,    0
 11110, 56875,20170823,  183,    0
 11110, 56875,20170824,  155,    0
 11110, 56875,20170825,  159,    0
 11110, 56875,20170826,  184,    0
 11110, 56875,20170827,  162,    0
 11110, 56875,20170828,  194,    1
 11110, 56875,20170829,  158,    1
 11110, 56875,20170830,  132,    0
 11110, 56875,20170831,  123,    0
 11110, 56875,20170901,  131,    0
 11110, 56875,20170902,  138,    0
 11110, 56875,20170903,  133,    0
 11110, 56875,20170904,  176,    0
 11110, 56875,20170905,  184,    1
 11110, 56875,20170906,  145,    0
 11110, 56875,20170907,  146,    0
 11110, 56875,20170908,  152,    0
 11110, 56875,20170909,  131,    0
 11110, 56875,20170910,  123,    0
 11110, 56875,20170911,  138,    0
 11110, 56875,20170912,  137,    0
 11110, 56875,20170913,  132,    0
 11110, 56875,20170914,  126,    0
 11110, 56875,20170915,  115,    0
 11110, 56875,20170916,  120,    0
 11110, 56875,20170917,  128,    0
 11110, 56875,20170918,  121,    0
 11110, 56875,20170919,  106,    0
 11110, 56875,20170920,  124,    0
 11110, 56875,20170921,  152,    0
 11110, 56875,20170922,  103,    0
 11110, 56875,20170923,  155,    0
 11110, 56875,20170924,  158,    0
 11110, 56875,20170925,  156,    0
 11110, 56875,20170926,  157,    0
 11110, 56875,20170927,  155,    0
 11110, 56875,20170928,  166,    0
 11110, 56875,20170929,  152,    0
 11110, 56875,20170930,  127,    0
 11110, 56875,20171001,  152,    0
 11110, 56875,20171002,  147,    0
 11110, 56875,20171003,  126,    0
 11110, 56875,20171004,  126,    0
 11110, 56875,20171005,  128,    0
 11110, 56875,20171006,  101,    0
 11110, 56875,20171007,  127,    0
 11110, 56875,20171008,  129,    0
 11110, 56875,20171009,  137,    0
 11110, 56875,20171010,  155,    0
 11110, 56875,20171011,  145,    0
 11110, 56875,20171012,  132,    0
 11110, 56875,20171013,  153,    0
 11110, 56875,20171014,  184,    1
 11110, 56875,20171015,  147,    0
 11110, 56875,20171016,  153,    0
 11110, 56875,20171017,  136,    1
 11110, 56875,20171018,  109,    0
 11110, 56875,20171019,  132,    0
 11110, 56875,20171020,  128,    0
 11110, 56875,20171021,  127,    1
 11110, 56875,20171022,  106,    0
 11110, 56875,20171023,  122,    0
 11110, 56875,20171024,  154,    0
 11110, 56875,20171025,  138,    0
 11110, 56875,20171026,  117,    0
 11110, 56875,20171027,   92,    0
 11110, 56875,20171028,  111,    0
 11110, 56875,20171029,  112,    1
 11110, 56875,20171030,   48,    0
 11110, 56875,20171031,   86,    0
 11110, 56875,20171101,  112,    0
 11110, 56875,20171102,   82,    0
 11110, 56875,20171103,  105,    0
 11110, 56875,20171104,  102,    1
 11110, 56875,20171105,   67,    0
 11110, 56875,20171106,   48,    0
 11110, 56875,20171107,   60,    0
 11110, 56875,20171108,   57,    0
 11110, 56875,20171109,   81,    0
 11110, 56875,20171110,   84,    0
 11110, 56875,20171111,   82,    1
 11110, 56875,20171112,   60,    0
 11110, 56875,20171113,   48,    0
 11110, 56875,20171114,   77,    0
 11110, 56875,20171115,   95,    0
 11110, 56875,20171116,  106,    1
 11110, 56875,20171117,   38,    0
 11110, 56875,20171118,   52,    0
 11110, 56875,20171119,   52,    0
 11110, 56875,20171120,   75,    0
 11110, 56875,20171121,  122,    0
 11110, 56875,20171122,  134,    1
 11110, 56875,20171123,   81,    1
 11110, 56875,20171124,   48,    0
 11110, 56875,20171125,   32,    0
 11110, 56875,20171126,   60,    0
 11110, 56875,20171127,   62,    1
 11110, 56875,20171128,   41,    0
 11110, 56875,20171129,   38,    1
 11110, 56875,20171130,   13,    0
 11110, 56875,20171201,   29,    0
 11110, 56875,20171202,   55,    0
 11110, 56875,20171203,   69,    0
 11110, 56875,20171204,   58,    0
 11110, 56875,20171205,   74,    0
 11110, 56875,20171206,  102,    0
 11110, 56875,20171207,  107,    1
 11110, 56875,20171208,   21,    0
 11110, 56875,20171209,    6,    0
 11110, 56875,20171210,    0,    0
 11110, 56875,20171211,    8,    0
 11110, 56875,20171212,   -1,    0
 11110, 56875,20171213,    8,    0
 11110, 56875,20171214,   30,    0
 11110, 56875,20171215,   41,    1
 11110, 56875,20171216,   10,    0
 11110, 56875,20171217,   35,    0
 11110, 56875,20171218,   33,    0
 11110, 56875,20171219,   39,    0
 11110, 56875,20171220,   63,    0
 11110, 56875,20171221,   98,    0
 11110, 56875,20171222,   92,    0
 11110, 56875,20171223,   88,    0
 11110, 56875,20171224,   93,    0
 11110, 56875,20171225,  107,    1
 11110, 56875,20171226,   48,    1
 11110, 56875,20171227,   26,    0
 11110, 56875,20171228,   20,    0
 11110, 56875,20171229,   44,    0
 11110, 56875,20171230,   73,    0
 11110, 56875,20171231,   89,    0
 11110, 56875,20180101,-9999,    9
 11110, 56875,20180102,-9999,    9
 11110, 56875,20180103,-9999,    9
 11110, 56875,20180104,-9999,    9
 11110, 56875,20180105,-9999,    9
 11110, 56875,20180106,-9999,    9
 11110, 56875,20180107,-9999,    9
 11110, 56875,20180108,-9999,    9
 11110, 56875,20180109,-9999,    9
 11110, 56875,20180110,-9999,    9
 11110, 56875,20180111,-9999,    9
 11110, 56875,20180112,-9999,    9
 11110, 56875,20180113,-9999,    9
 11110, 56875,20180114,-9999,    9
 11110, 56875,20180115,-9999,    9
 11110, 56875,20180116,-9999,    9
 11110, 56875,20180117,-9999,    9
 11110, 56875,20180118,-9999,    9
 11110, 56875,20180119,-9999,    9
 11110, 56875,20180120,-9999,    9
 11110, 56875,20180121,-9999,    9
 11110, 56875,20180122,-9999,    9
 11110, 56875,20180123,-9999,    9
 11110, 56875,20180124,-9999,    9
 11110, 56875,20180125,-9999,    9
 11110, 56875,20180126,-9999,    9
 11110, 56875,20180127,-9999,    9
 11110, 56875,20180128,-9999,    9
 11110, 56875,20180129,-9999,    9
 11110, 56875,20180130,-9999,    9
 11110, 56875,20180131,-9999,    9
 11110, 56875,20180201,-9999,    9
 11110, 56875,20180202,-9999,    9
 11110, 56875,20180203,-9999,    9
 11110, 56875,20180204,-9999,    9
 11110, 56875,20180205,-9999,    9
 11110, 56875,20180206,-9999,    9
 11110, 56875,20180207,-9999,    9
 11110, 56875,20180208,-9999,    9
 11110, 56875,20180209,-9999,    9
 11110, 56875,20180210,-9999,    9
 11110, 56875,20180211,-9999,    9
 11110, 56875,20180212,-9999,    9
 11110, 56875,20180213,-9999,    9
 11110, 56875,20180214,-9999,    9
 11110, 56875,20180215,-9999,    9
 11110, 56875,20180216,-9999,    9
 11110, 56875,20180217,-9999,    9
 11110, 56875,20180218,-9999,    9
 11110, 56875,20180219,-9999,    9
 11110, 56875,20180220,-9999,    9
 11110, 56875,20180221,-9999,    9
 11110, 56875,20180222,-9999,    9
 11110, 56875,20180223,-9999,    9
 11110, 56875,20180224,-9999,    9
 11110, 56875,20180225,-9999,    9
 11110, 56875,20180226,-9999,    9
 11110, 56875,20180227,-9999,    9
 11110, 56875,20180228,-9999,    9
 11110, 56875,20180301,-9999,    9
 11110, 56875,20180302,-9999,    9
 11110, 56875,20180303,-9999,    9
 11110, 56875,20180304,-9999,    9
 11110, 56875,20180305,-9999,    9
 11110, 56875,20180306,-9999,    9
 11110, 56875,20180307,-9999,    9
 11110, 56875,20180308,-9999,    9
 11110, 56875,20180309,-9999,    9
 11110, 56875,20180310,-9999,    9
 11110, 56875,20180311,-9999,    9
 11110, 56875,20180312,-9999,    9
 11110, 56875,20180313,-9999,    9
 11110, 56875,20180314,-9999,    9
 11110, 56875,20180315,-9999,    9
 11110, 56875,20180316,-9999,    9
 11110, 56875,20180317,-9999,    9
 11110, 56875,20180318,-9999,    9
 11110, 56875,20180319,-9999,    9
 11110, 56875,20180320,-9999,    9
 11110, 56875,20180321,-9999,    9
 11110, 56875,20180322,-9999,    9
 11110, 56875,20180323,-9999,    9
 11110, 56875,20180324,-9999,    9
 11110, 56875,20180325,-9999,    9
 11110, 56875,20180326,-9999,    9
 11110, 56875,20180327,-9999,    9
 11110, 56875,20180328,-9999,    9
 11110, 56875,20180329,-9999,    9
 11110, 56875,20180330,-9999,    9
 11110, 56875,20180331,-9999,    9
 11110, 56875,20180401,-9999,    9
 11110, 56875,20180402,-9999,    9
 11110, 56875,20180403,-9999,    9
 11110, 56875,20180404,-9999,    9
 11110, 56875,20180405,-9999,    9
 11110, 56875,20180406,-9999,    9
 11110, 56875,20180407,-9999,    9
 11110, 56875,20180408,-9999,    9
 11110, 56875,20180409,-9999,    9
 11110, 56875,20180410,-9999,    9
 11110, 56875,20180411,-9999,    9
 11110, 56875,20180412,-9999,    9
 11110, 56875,20180413,-9999,    9
 11110, 56875,20180414,-9999,    9
 11110, 56875,20180415,-9999,    9
 11110, 56875,20180416,-9999,    9
 11110, 56875,20180417,-9999,    9
 11110, 56875,20180418,-9999,    9
 11110, 56875,20180419,-9999,    9
 11110, 56875,20180420,-9999,    9
 11110, 56875,20180421,-9999,    9
 11110, 56875,20180422,-9999,    9
 11110, 56875,20180423,-9999,    9
 11110, 56875,20180424,-9999,    9
 11110, 56875,20180425,-9999,    9
 11110, 56875,20180426,-9999,    9
 11110, 56875,20180427,-9999,    9
 11110, 56875,20180428,-9999,    9
 11110, 56875,20180429,-9999,    9
 11110, 56875,20180430,-9999,    9
 11110, 56875,20180501,-9999,    9
 11110, 56875,20180502,-9999,    9
 11110, 56875,20180503,-9999,    9
 11110, 56875,20180504,-9999,    9
 11110, 56875,20180505,-9999,    9
 11110, 56875,20180506,-9999,    9
 11110, 56875,20180507,-9999,    9
 11110, 56875,20180508,-9999,    9
 11110, 56875,20180509,-9999,    9
 11110, 56875,20180510,-9999,    9
 11110, 56875,20180511,-9999,    9
 11110, 56875,20180512,-9999,    9
 11110, 56875,20180513,-9999,    9
 11110, 56875,20180514,-9999,    9
 11110, 56875,20180515,-9999,    9
 11110, 56875,20180516,-9999,    9
 11110, 56875,20180517,-9999,    9
 11110, 56875,20180518,-9999,    9
 11110, 56875,20180519,-9999,    9
 11110, 56875,20180520,-9999,    9
 11110, 56875,20180521,-9999,    9
 11110, 56875,20180522,-9999,    9
 11110, 56875,20180523,-9999,    9
 11110, 56875,20180524,-9999,    9
 11110, 56875,20180525,-9999,    9
 11110, 56875,20180526,-9999,    9
 11110, 56875,20180527,-9999,    9
 11110, 56875,20180528,-9999,    9
 11110, 56875,20180529,-9999,    9
 11110, 56875,20180530,-9999,    9
 11110, 56875,20180531,-9999,    9
 11110, 56875,20180601,-9999,    9
 11110, 56875,20180602,-9999,    9
 11110, 56875,20180603,-9999,    9
 11110, 56875,20180604,-9999,    9
 11110, 56875,20180605,-9999,    9
 11110, 56875,20180606,-9999,    9
 11110, 56875,20180607,-9999,    9
 11110, 56875,20180608,-9999,    9
 11110, 56875,20180609,-9999,    9
 11110, 56875,20180610,-9999,    9
 11110, 56875,20180611,-9999,    9
 11110, 56875,20180612,-9999,    9
 11110, 56875,20180613,-9999,    9
 11110, 56875,20180614,-9999,    9
 11110, 56875,20180615,-9999,    9
 11110, 56875,20180616,-9999,    9
 11110, 56875,20180617,-9999,    9
 11110, 56875,20180618,-9999,    9
 11110, 56875,20180619,-9999,    9
 11110, 56875,20180620,-9999,    9
 11110, 56875,20180621,-9999,    9
 11110, 56875,20180622,-9999,    9
 11110, 56875,20180623,-9999,    9
 11110, 56875,20180624,-9999,    9
 11110, 56875,20180625,-9999,    9
 11110, 56875,20180626,-9999,    9
 11110, 56875,20180627,-9999,    9
 11110, 56875,20180628,-9999,    9
 11110, 56875,20180629,-9999,    9
 11110, 56875,20180630,-9999,    9
 11110, 56875,20180701,-9999,    9
 11110, 56875,20180702,-9999,    9
 11110, 56875,20180703,-9999,    9
 11110, 56875,20180704,-9999,    9
 11110, 56875,20180705,-9999,    9
 11110, 56875,20180706,-9999,    9
 11110, 56875,20180707,-9999,    9
 11110, 56875,20180708,-9999,    9
 11110, 56875,20180709,-9999,    9
 11110, 56875,20180710,-9999,    9
 11110, 56875,20180711,-9999,    9
 11110, 56875,20180712,-9999,    9
 11110, 56875,20180713,-9999,    9
 11110, 56875,20180714,-9999,    9
 11110, 56875,20180715,-9999,    9
 11110, 56875,20180716,-9999,    9
 11110, 56875,20180717,-9999,    9
 11110, 56875,20180718,-9999,    9
 11110, 56875,20180719,-9999,    9
 11110, 56875,20180720,-9999,    9
 11110, 56875,20180721,-9999,    9
 11110, 56875,20180722,-9999,    9
 11110, 56875,20180723,-9999,    9
 11110, 56875,20180724,-9999,    9
 11110, 56875,20180725,-9999,    9
 11110, 56875,20180726,-9999,    9
 11110, 56875,20180727,-9999,    9
 11110, 56875,20180728,-9999,    9
 11110, 56875,20180729,-9999,    9
 11110, 56875,20180730,-9999,    9
 11110, 56875,20180731,-9999,    9
 11110, 56875,20180801,-9999,    9
 11110, 56875,20180802,-9999,    9
 11110, 56875,20180803,-9999,    9
 11110, 56875,20180804,-9999,    9
 11110, 56875,20180805,-9999,    9
 11110, 56875,20180806,-9999,    9
 11110, 56875,20180807,-9999,    9
 11110, 56875,20180808,-9999,    9
 11110, 56875,20180809,-9999,    9
 11110, 56875,20180810,-9999,    9
 11110, 56875,20180811,-9999,    9
 11110, 56875,20180812,-9999,    9
 11110, 56875,20180813,-9999,    9
 11110, 56875,20180814,-9999,    9
 11110, 56875,20180815,-9999,    9
 11110, 56875,20180816,-9999,    9
 11110, 56875,20180817,-9999,    9
 11110, 56875,20180818,-9999,    9
 11110, 56875,20180819,-9999,    9
 11110, 56875,20180820,-9999,    9
 11110, 56875,20180821,-9999,    9
 11110, 56875,20180822,-9999,    9
 11110, 56875,20180823,-9999,    9
 11110, 56875,20180824,-9999,    9
 11110, 56875,20180825,-9999,    9
 11110, 56875,20180826,-9999,    9
 11110, 56875,20180827,-9999,    9
 11110, 56875,20180828,-9999,    9
 11110, 56875,20180829,-9999,    9
 11110, 56875,20180830,-9999,    9
 11110, 56875,20180831,-9999,    9
 11110, 56875,20180901,-9999,    9
 11110, 56875,20180902,-9999,    9
 11110, 56875,20180903,-9999,    9
 11110, 56875,20180904,-9999,    9
 11110, 56875,20180905,-9999,    9
 11110, 56875,20180906,-9999,    9
 11110, 56875,20180907,-9999,    9
 11110, 56875,20180908,-9999,    9
 11110, 56875,20180909,-9999,    9
 11110, 56875,20180910,-9999,    9
 11110, 56875,20180911,-9999,    9
 11110, 56875,20180912,-9999,    9
 11110, 56875,20180913,-9999,    9
 11110, 56875,20180914,-9999,    9
 11110, 56875,20180915,-9999,    9
 11110, 56875,20180916,-9999,    9
 11110, 56875,20180917,-9999,    9
 11110, 56875,20180918,-9999,    9
 11110, 56875,20180919,-9999,    9
 11110, 56875,20180920,-9999,    9
 11110, 56875,20180921,-9999,    9
 11110, 56875,20180922,-9999,    9
 11110, 56875,20180923,-9999,    9
 11110, 56875,20180924,-9999,    9
 11110, 56875,20180925,-9999,    9
 11110, 56875,20180926,-9999,    9
 11110, 56875,20180927,-9999,    9
 11110, 56875,20180928,-9999,    9
 11110, 56875,20180929,-9999,    9
 11110, 56875,20180930,-9999,    9
 11110, 56875,20181001,-9999,    9
 11110, 56875,20181002,-9999,    9
 11110, 56875,20181003,-9999,    9
 11110, 56875,20181004,-9999,    9
 11110, 56875,20181005,-9999,    9
 11110, 56875,20181006,-9999,    9
 11110, 56875,20181007,-9999,    9
 11110, 56875,20181008,-9999,    9
 11110, 56875,20181009,-9999,    9
 11110, 56875,20181010,-9999,    9
 11110, 56875,20181011,-9999,    9
 11110, 56875,20181012,-9999,    9
 11110, 56875,20181013,-9999,    9
 11110, 56875,20181014,-9999,    9
 11110, 56875,20181015,-9999,    9
 11110, 56875,20181016,-9999,    9
 11110, 56875,20181017,-9999,    9
 11110, 56875,20181018,-9999,    9
 11110, 56875,20181019,-9999,    9
 11110, 56875,20181020,-9999,    9
 11110, 56875,20181021,-9999,    9
 11110, 56875,20181022,-9999,    9
 11110, 56875,20181023,-9999,    9
 11110, 56875,20181024,-9999,    9
 11110, 56875,20181025,-9999,    9
 11110, 56875,20181026,-9999,    9
 11110, 56875,20181027,-9999,    9
 11110, 56875,20181028,-9999,    9
 11110, 56875,20181029,-9999,    9
 11110, 56875,20181030,-9999,    9
 11110, 56875,20181031,-9999,    9
 11110, 56875,20181101,-9999,    9
 11110, 56875,20181102,-9999,    9
 11110, 56875,20181103,-9999,    9
 11110, 56875,20181104,-9999,    9
 11110, 56875,20181105,-9999,    9
 11110, 56875,20181106,-9999,    9
 11110, 56875,20181107,-9999,    9
 11110, 56875,20181108,-9999,    9
 11110, 56875,20181109,-9999,    9
 11110, 56875,20181110,-9999,    9
 11110, 56875,20181111,-9999,    9
 11110, 56875,20181112,-9999,    9
 11110, 56875,20181113,-9999,    9
 11110, 56875,20181114,-9999,    9
 11110, 56875,20181115,-9999,    9
 11110, 56875,20181116,-9999,    9
 11110, 56875,20181117,-9999,    9
 11110, 56875,20181118,-9999,    9
 11110, 56875,20181119,-9999,    9
 11110, 56875,20181120,-9999,    9
 11110, 56875,20181121,-9999,    9
 11110, 56875,20181122,-9999,    9
 11110, 56875,20181123,-9999,    9
 11110, 56875,20181124,-9999,    9
 11110, 56875,20181125,-9999,    9
 11110, 56875,20181126,-9999,    9
 11110, 56875,20181127,-9999,    9
 11110, 56875,20181128,-9999,    9
 11110, 56875,20181129,-9999,    9
 11110, 56875,20181130,-9999,    9
 11110, 56875,20181201,-9999,    9
 11110, 56875,20181202,-9999,    9
 11110, 56875,20181203,-9999,    9
 11110, 56875,20181204,-9999,    9
 11110, 56875,20181205,-9999,    9
 11110, 56875,20181206,-9999,    9
 11110, 56875,20181207,-9999,    9
 11110, 56875,20181208,-9999,    9
 11110, 56875,20181209,-9999,    9
 11110, 56875,20181210,-9999,    9
 11110, 56875,20181211,-9999,    9
 11110, 56875,20181212,-9999,    9
 11110, 56875,20181213,-9999,    9
 11110, 56875,20181214,-9999,    9
 11110, 56875,20181215,-9999,    9
 11110, 56875,20181216,-9999,    9
 11110, 56875,20181217,-9999,    9
 11110, 56875,20181218,-9999,    9
 11110, 56875,20181219,-9999,    9
 11110, 56875,20181220,-9999,    9
 11110, 56875,20181221,-9999,    9
 11110, 56875,20181222,-9999,    9
 11110, 56875,20181223,-9999,    9
 11110, 56875,20181224,-9999,    9
 11110, 56875,20181225,-9999,    9
 11110, 56875,20181226,-9999,    9
 11110, 56875,20181227,-9999,    9
 11110, 56875,20181228,-9999,    9
 11110, 56875,20181229,-9999,    9
 11110, 56875,20181230,-9999,    9
 11110, 56875,20181231,-9999,    9
 11110, 56875,20190101,-9999,    9
 11110, 56875,20190102,-9999,    9
 11110, 56875,20190103,-9999,    9
 11110, 56875,20190104,-9999,    9
 11110, 56875,20190105,-9999,    9
 11110, 56875,20190106,-9999,    9
 11110, 56875,20190107,-9999,    9
 11110, 56875,20190108,-9999,    9
 11110, 56875,20190109,-9999,    9
 11110, 56875,20190110,-9999,    9
 11110, 56875,20190111,-9999,    9
 11110, 56875,20190112,-9999,    9
 11110, 56875,20190113,-9999,    9
 11110, 56875,20190114,-9999,    9
 11110, 56875,20190115,-9999,    9
 11110, 56875,20190116,-9999,    9
 11110, 56875,20190117,-9999,    9
 11110, 56875,20190118,-9999,    9
 11110, 56875,20190119,-9999,    9
 11110, 56875,20190120,-9999,    9
 11110, 56875,20190121,-9999,    9
 11110, 56875,20190122,-9999,    9
 11110, 56875,20190123,-9999,    9
 11110, 56875,20190124,-9999,    9
 11110, 56875,20190125,-9999,    9
 11110, 56875,20190126,-9999,    9
 11110, 56875,20190127,-9999,    9
 11110, 56875,20190128,-9999,    9
 11110, 56875,20190129,-9999,    9
 11110, 56875,20190130,-9999,    9
 11110, 56875,20190131,-9999,    9
 11110, 56875,20190201,-9999,    9
 11110, 56875,20190202,-9999,    9
 11110, 56875,20190203,-9999,    9
 11110, 56875,20190204,-9999,    9
 11110, 56875,20190205,-9999,    9
 11110, 56875,20190206,-9999,    9
 11110, 56875,20190207,-9999,    9
 11110, 56875,20190208,-9999,    9
 11110, 56875,20190209,-9999,    9
 11110, 56875,20190210,-9999,    9
 11110, 56875,20190211,-9999,    9
 11110, 56875,20190212,-9999,    9
 11110, 56875,20190213,-9999,    9
 11110, 56875,20190214,-9999,    9
 11110, 56875,20190215,-9999,    9
 11110, 56875,20190216,-9999,    9
 11110, 56875,20190217,-9999,    9
 11110, 56875,20190218,-9999,    9
 11110, 56875,20190219,-9999,    9
 11110, 56875,20190220,-9999,    9
 11110, 56875,20190221,-9999,    9
 11110, 56875,20190222,-9999,    9
 11110, 56875,20190223,-9999,    9
 11110, 56875,20190224,-9999,    9
 11110, 56875,20190225,-9999,    9
 11110, 56875,20190226,-9999,    9
 11110, 56875,20190227,-9999,    9
 11110, 56875,20190228,-9999,    9
 11110, 56875,20190301,-9999,    9
 11110, 56875,20190302,-9999,    9
 11110, 56875,20190303,-9999,    9
 11110, 56875,20190304,-9999,    9
 11110, 56875,20190305,-9999,    9
 11110, 56875,20190306,-9999,    9
 11110, 56875,20190307,-9999,    9
 11110, 56875,20190308,-9999,    9
 11110, 56875,20190309,-9999,    9
 11110, 56875,20190310,-9999,    9
 11110, 56875,20190311,-9999,    9
 11110, 56875,20190312,-9999,    9
 11110, 56875,20190313,-9999,    9
 11110, 56875,20190314,-9999,    9
 11110, 56875,20190315,-9999,    9
 11110, 56875,20190316,-9999,    9
 11110, 56875,20190317,-9999,    9
 11110, 56875,20190318,-9999,    9
 11110, 56875,20190319,-9999,    9
 11110, 56875,20190320,-9999,    9
 11110, 56875,20190321,-9999,    9
 11110, 56875,20190322,-9999,    9
 11110, 56875,20190323,-9999,    9
 11110, 56875,20190324,-9999,    9
 11110, 56875,20190325,-9999,    9
 11110, 56875,20190326,-9999,    9
 11110, 56875,20190327,-9999,    9
 11110, 56875,20190328,-9999,    9
 11110, 56875,20190329,-9999,    9
 11110, 56875,20190330,-9999,    9
 11110, 56875,20190331,-9999,    9
 11110, 56875,20190401,-9999,    9
 11110, 56875,20190402,-9999,    9
 11110, 56875,20190403,-9999,    9
 11110, 56875,20190404,-9999,    9
 11110, 56875,20190405,-9999,    9
 11110, 56875,20190406,-9999,    9
 11110, 56875,20190407,-9999,    9
 11110, 56875,20190408,-9999,    9
 11110, 56875,20190409,-9999,    9
 11110, 56875,20190410,-9999,    9
 11110, 56875,20190411,-9999,    9
 11110, 56875,20190412,-9999,    9
 11110, 56875,20190413,-9999,    9
 11110, 56875,20190414,-9999,    9
 11110, 56875,20190415,-9999,    9
 11110, 56875,20190416,-9999,    9
 11110, 56875,20190417,-9999,    9
 11110, 56875,20190418,-9999,    9
 11110, 56875,20190419,-9999,    9
 11110, 56875,20190420,-9999,    9
 11110, 56875,20190421,-9999,    9
 11110, 56875,20190422,-9999,    9
 11110, 56875,20190423,-9999,    9
 11110, 56875,20190424,-9999,    9
 11110, 56875,20190425,-9999,    9
 11110, 56875,20190426,-9999,    9
 11110, 56875,20190427,-9999,    9
 11110, 56875,20190428,-9999,    9
 11110, 56875,20190429,-9999,    9
 11110, 56875,20190430,-9999,    9
