EUROPEAN CLIMATE ASSESSMENT & DATASET (ECA&D), file created on: 13-05-2019
THESE DATA CAN BE USED FOR NON-COMMERCIAL RESEARCH AND EDUCATION PROVIDED THAT THE FOLLOWING SOURCE IS ACKNOWLEDGED: 

Klein Tank, A.M.G. and Coauthors, 2002. Daily dataset of 20th-century surface
air temperature and precipitation series for the European Climate Assessment.
Int. J. of Climatol., 22, 1441-1453.
Data and metadata available at http://www.ecad.eu

FILE FORMAT (MISSING VALUE CODE = -9999):

01-06 STAID: Station identifier
08-13 SOUID: Source identifier
15-22 DATE : Date YYYYMMDD
24-28 TG   : Mean temperature in 0.1 &#176;C
30-34 Q_TG : quality code for TG (0='valid'; 1='suspect'; 9='missing')

This is the blended series of station ASERAL, NORWAY (STAID: 2658)
Blended and updated with sources:10475 
See files sources.txt and stations.txt for more info.

STAID, SOUID,    DATE,   TG, Q_TG
  2658, 10475,20160601,-9999,    9
  2658, 10475,20160602,-9999,    9
  2658, 10475,20160603,-9999,    9
  2658, 10475,20160604,-9999,    9
  2658, 10475,20160605,-9999,    9
  2658, 10475,20160606,-9999,    9
  2658, 10475,20160607,-9999,    9
  2658, 10475,20160608,-9999,    9
  2658, 10475,20160609,-9999,    9
  2658, 10475,20160610,-9999,    9
  2658, 10475,20160611,-9999,    9
  2658, 10475,20160612,-9999,    9
  2658, 10475,20160613,-9999,    9
  2658, 10475,20160614,-9999,    9
  2658, 10475,20160615,-9999,    9
  2658, 10475,20160616,-9999,    9
  2658, 10475,20160617,-9999,    9
  2658, 10475,20160618,-9999,    9
  2658, 10475,20160619,-9999,    9
  2658, 10475,20160620,-9999,    9
  2658, 10475,20160621,-9999,    9
  2658, 10475,20160622,-9999,    9
  2658, 10475,20160623,-9999,    9
  2658, 10475,20160624,-9999,    9
  2658, 10475,20160625,-9999,    9
  2658, 10475,20160626,-9999,    9
  2658, 10475,20160627,-9999,    9
  2658, 10475,20160628,-9999,    9
  2658, 10475,20160629,-9999,    9
  2658, 10475,20160630,-9999,    9
  2658, 10475,20160701,-9999,    9
  2658, 10475,20160702,-9999,    9
  2658, 10475,20160703,-9999,    9
  2658, 10475,20160704,-9999,    9
  2658, 10475,20160705,-9999,    9
  2658, 10475,20160706,-9999,    9
  2658, 10475,20160707,-9999,    9
  2658, 10475,20160708,-9999,    9
  2658, 10475,20160709,-9999,    9
  2658, 10475,20160710,-9999,    9
  2658, 10475,20160711,-9999,    9
  2658, 10475,20160712,-9999,    9
  2658, 10475,20160713,-9999,    9
  2658, 10475,20160714,-9999,    9
  2658, 10475,20160715,-9999,    9
  2658, 10475,20160716,-9999,    9
  2658, 10475,20160717,-9999,    9
  2658, 10475,20160718,-9999,    9
  2658, 10475,20160719,-9999,    9
  2658, 10475,20160720,-9999,    9
  2658, 10475,20160721,-9999,    9
  2658, 10475,20160722,-9999,    9
  2658, 10475,20160723,-9999,    9
  2658, 10475,20160724,-9999,    9
  2658, 10475,20160725,-9999,    9
  2658, 10475,20160726,-9999,    9
  2658, 10475,20160727,-9999,    9
  2658, 10475,20160728,-9999,    9
  2658, 10475,20160729,-9999,    9
  2658, 10475,20160730,-9999,    9
  2658, 10475,20160731,-9999,    9
  2658, 10475,20160801,-9999,    9
  2658, 10475,20160802,-9999,    9
  2658, 10475,20160803,-9999,    9
  2658, 10475,20160804,-9999,    9
  2658, 10475,20160805,-9999,    9
  2658, 10475,20160806,-9999,    9
  2658, 10475,20160807,-9999,    9
  2658, 10475,20160808,-9999,    9
  2658, 10475,20160809,-9999,    9
  2658, 10475,20160810,-9999,    9
  2658, 10475,20160811,-9999,    9
  2658, 10475,20160812,-9999,    9
  2658, 10475,20160813,-9999,    9
  2658, 10475,20160814,-9999,    9
  2658, 10475,20160815,-9999,    9
  2658, 10475,20160816,-9999,    9
  2658, 10475,20160817,-9999,    9
  2658, 10475,20160818,-9999,    9
  2658, 10475,20160819,-9999,    9
  2658, 10475,20160820,-9999,    9
  2658, 10475,20160821,-9999,    9
  2658, 10475,20160822,-9999,    9
  2658, 10475,20160823,-9999,    9
  2658, 10475,20160824,-9999,    9
  2658, 10475,20160825,-9999,    9
  2658, 10475,20160826,-9999,    9
  2658, 10475,20160827,-9999,    9
  2658, 10475,20160828,-9999,    9
  2658, 10475,20160829,-9999,    9
  2658, 10475,20160830,-9999,    9
  2658, 10475,20160831,-9999,    9
  2658, 10475,20160901,  136,    0
  2658, 10475,20160902,  126,    0
  2658, 10475,20160903,  123,    0
  2658, 10475,20160904,  110,    0
  2658, 10475,20160905,  118,    0
  2658, 10475,20160906,  131,    0
  2658, 10475,20160907,  164,    0
  2658, 10475,20160908,  171,    0
  2658, 10475,20160909,  158,    0
  2658, 10475,20160910,  153,    0
  2658, 10475,20160911,  129,    0
  2658, 10475,20160912,  118,    0
  2658, 10475,20160913,  163,    0
  2658, 10475,20160914,  175,    0
  2658, 10475,20160915,  167,    0
  2658, 10475,20160916,  148,    0
  2658, 10475,20160917,  136,    0
  2658, 10475,20160918,  118,    0
  2658, 10475,20160919,  105,    0
  2658, 10475,20160920,  103,    0
  2658, 10475,20160921,  127,    0
  2658, 10475,20160922,  122,    0
  2658, 10475,20160923,  113,    0
  2658, 10475,20160924,  111,    0
  2658, 10475,20160925,  149,    0
  2658, 10475,20160926,  110,    0
  2658, 10475,20160927,  105,    0
  2658, 10475,20160928,  119,    0
  2658, 10475,20160929,  108,    0
  2658, 10475,20160930,   85,    0
  2658, 10475,20161001,   80,    0
  2658, 10475,20161002,   67,    0
  2658, 10475,20161003,   49,    0
  2658, 10475,20161004,   45,    0
  2658, 10475,20161005,   40,    0
  2658, 10475,20161006,   75,    0
  2658, 10475,20161007,   85,    0
  2658, 10475,20161008,   61,    0
  2658, 10475,20161009,   54,    0
  2658, 10475,20161010,   64,    0
  2658, 10475,20161011,   47,    0
  2658, 10475,20161012,   30,    0
  2658, 10475,20161013,   38,    0
  2658, 10475,20161014,   27,    0
  2658, 10475,20161015,   44,    0
  2658, 10475,20161016,   45,    0
  2658, 10475,20161017,   68,    0
  2658, 10475,20161018,   79,    0
  2658, 10475,20161019,   73,    0
  2658, 10475,20161020,   71,    0
  2658, 10475,20161021,   56,    0
  2658, 10475,20161022,   42,    0
  2658, 10475,20161023,   36,    0
  2658, 10475,20161024,   50,    0
  2658, 10475,20161025,   46,    0
  2658, 10475,20161026,   44,    0
  2658, 10475,20161027,   81,    0
  2658, 10475,20161028,   68,    0
  2658, 10475,20161029,   68,    0
  2658, 10475,20161030,   54,    0
  2658, 10475,20161031,   75,    0
  2658, 10475,20161101,   63,    0
  2658, 10475,20161102,   12,    0
  2658, 10475,20161103,    1,    0
  2658, 10475,20161104,    2,    0
  2658, 10475,20161105,   11,    0
  2658, 10475,20161106,  -24,    0
  2658, 10475,20161107,  -57,    0
  2658, 10475,20161108,  -63,    0
  2658, 10475,20161109,  -44,    0
  2658, 10475,20161110,  -25,    0
  2658, 10475,20161111,  -62,    0
  2658, 10475,20161112,  -20,    0
  2658, 10475,20161113,    7,    0
  2658, 10475,20161114,   11,    0
  2658, 10475,20161115,   36,    0
  2658, 10475,20161116,   25,    0
  2658, 10475,20161117,   10,    0
  2658, 10475,20161118,   15,    0
  2658, 10475,20161119,    3,    0
  2658, 10475,20161120,    8,    0
  2658, 10475,20161121,   14,    0
  2658, 10475,20161122,   24,    0
  2658, 10475,20161123,   38,    0
  2658, 10475,20161124,   23,    0
  2658, 10475,20161125,   66,    0
  2658, 10475,20161126,   68,    0
  2658, 10475,20161127,    3,    0
  2658, 10475,20161128,  -26,    0
  2658, 10475,20161129,   13,    0
  2658, 10475,20161130,   19,    0
  2658, 10475,20161201,   45,    0
  2658, 10475,20161202,   -5,    0
  2658, 10475,20161203,  -28,    0
  2658, 10475,20161204,   44,    0
  2658, 10475,20161205,   60,    0
  2658, 10475,20161206,  -19,    0
  2658, 10475,20161207,   18,    0
  2658, 10475,20161208,   99,    0
  2658, 10475,20161209,   77,    0
  2658, 10475,20161210,   40,    0
  2658, 10475,20161211,    9,    0
  2658, 10475,20161212,   -8,    0
  2658, 10475,20161213,   -6,    0
  2658, 10475,20161214,  -44,    0
  2658, 10475,20161215,  -20,    0
  2658, 10475,20161216,    2,    0
  2658, 10475,20161217,    8,    0
  2658, 10475,20161218,   -8,    0
  2658, 10475,20161219,   -7,    0
  2658, 10475,20161220,   29,    0
  2658, 10475,20161221,   28,    0
  2658, 10475,20161222,   33,    0
  2658, 10475,20161223,   33,    0
  2658, 10475,20161224,   23,    0
  2658, 10475,20161225,   57,    0
  2658, 10475,20161226,   31,    0
  2658, 10475,20161227,   33,    0
  2658, 10475,20161228,   31,    0
  2658, 10475,20161229,   54,    0
  2658, 10475,20161230,   71,    0
  2658, 10475,20161231,   81,    0
  2658, 10475,20170101,   20,    0
  2658, 10475,20170102,  -12,    0
  2658, 10475,20170103,   10,    0
  2658, 10475,20170104,   -8,    0
  2658, 10475,20170105,  -99,    0
  2658, 10475,20170106,  -43,    0
  2658, 10475,20170107,   -3,    0
  2658, 10475,20170108,  -17,    0
  2658, 10475,20170109,   21,    0
  2658, 10475,20170110,   17,    0
  2658, 10475,20170111,   26,    0
  2658, 10475,20170112,    8,    0
  2658, 10475,20170113,  -23,    0
  2658, 10475,20170114,  -24,    0
  2658, 10475,20170115,  -95,    0
  2658, 10475,20170116,  -94,    0
  2658, 10475,20170117,  -13,    0
  2658, 10475,20170118,   40,    0
  2658, 10475,20170119,   67,    0
  2658, 10475,20170120,   72,    0
  2658, 10475,20170121,    8,    0
  2658, 10475,20170122,  -14,    0
  2658, 10475,20170123,   -5,    0
  2658, 10475,20170124,   -7,    0
  2658, 10475,20170125,   44,    0
  2658, 10475,20170126,   11,    0
  2658, 10475,20170127,  -16,    0
  2658, 10475,20170128,    5,    0
  2658, 10475,20170129,    6,    0
  2658, 10475,20170130,    6,    0
  2658, 10475,20170131,   -7,    0
  2658, 10475,20170201,   -4,    0
  2658, 10475,20170202,    2,    0
  2658, 10475,20170203,    8,    0
  2658, 10475,20170204,   -1,    0
  2658, 10475,20170205,   -2,    0
  2658, 10475,20170206,  -10,    0
  2658, 10475,20170207,  -54,    0
  2658, 10475,20170208,  -71,    0
  2658, 10475,20170209,  -66,    0
  2658, 10475,20170210,  -40,    0
  2658, 10475,20170211,  -35,    0
  2658, 10475,20170212,  -70,    0
  2658, 10475,20170213,  -99,    0
  2658, 10475,20170214,  -48,    0
  2658, 10475,20170215,  -34,    0
  2658, 10475,20170216,    8,    0
  2658, 10475,20170217,   27,    0
  2658, 10475,20170218,   -9,    0
  2658, 10475,20170219,   43,    0
  2658, 10475,20170220,   68,    0
  2658, 10475,20170221,   34,    0
  2658, 10475,20170222,   27,    0
  2658, 10475,20170223,    3,    0
  2658, 10475,20170224,  -31,    0
  2658, 10475,20170225,  -45,    0
  2658, 10475,20170226,   -8,    0
  2658, 10475,20170227,   21,    0
  2658, 10475,20170228,    9,    0
  2658, 10475,20170301,  -12,    0
  2658, 10475,20170302,   -2,    0
  2658, 10475,20170303,   23,    0
  2658, 10475,20170304,    8,    0
  2658, 10475,20170305,  -15,    0
  2658, 10475,20170306,  -33,    0
  2658, 10475,20170307,  -54,    0
  2658, 10475,20170308,  -78,    0
  2658, 10475,20170309,   24,    0
  2658, 10475,20170310,   30,    0
  2658, 10475,20170311,   13,    0
  2658, 10475,20170312,    8,    0
  2658, 10475,20170313,    8,    0
  2658, 10475,20170314,   41,    0
  2658, 10475,20170315,   52,    0
  2658, 10475,20170316,   40,    0
  2658, 10475,20170317,   19,    0
  2658, 10475,20170318,   -3,    0
  2658, 10475,20170319,  -20,    0
  2658, 10475,20170320,    6,    0
  2658, 10475,20170321,   28,    0
  2658, 10475,20170322,   21,    0
  2658, 10475,20170323,    2,    0
  2658, 10475,20170324,   34,    0
  2658, 10475,20170325,   55,    0
  2658, 10475,20170326,   85,    0
  2658, 10475,20170327,   68,    0
  2658, 10475,20170328,   64,    0
  2658, 10475,20170329,   44,    0
  2658, 10475,20170330,   37,    0
  2658, 10475,20170331,   61,    0
  2658, 10475,20170401,   65,    0
  2658, 10475,20170402,   67,    0
  2658, 10475,20170403,   64,    0
  2658, 10475,20170404,   51,    0
  2658, 10475,20170405,   54,    0
  2658, 10475,20170406,   65,    0
  2658, 10475,20170407,   81,    0
  2658, 10475,20170408,   77,    0
  2658, 10475,20170409,   67,    0
  2658, 10475,20170410,   54,    0
  2658, 10475,20170411,   30,    0
  2658, 10475,20170412,   58,    0
  2658, 10475,20170413,   48,    0
  2658, 10475,20170414,   38,    0
  2658, 10475,20170415,    4,    0
  2658, 10475,20170416,    6,    0
  2658, 10475,20170417,    8,    0
  2658, 10475,20170418,   13,    0
  2658, 10475,20170419,   27,    0
  2658, 10475,20170420,   71,    0
  2658, 10475,20170421,   49,    0
  2658, 10475,20170422,   50,    0
  2658, 10475,20170423,   31,    0
  2658, 10475,20170424,   18,    0
  2658, 10475,20170425,   30,    0
  2658, 10475,20170426,   23,    0
  2658, 10475,20170427,   24,    0
  2658, 10475,20170428,   22,    0
  2658, 10475,20170429,   34,    0
  2658, 10475,20170430,   47,    0
  2658, 10475,20170501,   56,    0
  2658, 10475,20170502,   88,    0
  2658, 10475,20170503,  104,    0
  2658, 10475,20170504,   90,    0
  2658, 10475,20170505,  103,    0
  2658, 10475,20170506,  130,    0
  2658, 10475,20170507,   94,    0
  2658, 10475,20170508,   72,    0
  2658, 10475,20170509,   55,    0
  2658, 10475,20170510,   42,    0
  2658, 10475,20170511,   56,    0
  2658, 10475,20170512,   63,    0
  2658, 10475,20170513,   68,    0
  2658, 10475,20170514,   91,    0
  2658, 10475,20170515,  123,    0
  2658, 10475,20170516,   96,    0
  2658, 10475,20170517,  128,    0
  2658, 10475,20170518,  122,    0
  2658, 10475,20170519,  130,    0
  2658, 10475,20170520,  119,    0
  2658, 10475,20170521,   86,    0
  2658, 10475,20170522,  107,    0
  2658, 10475,20170523,  113,    0
  2658, 10475,20170524,  127,    0
  2658, 10475,20170525,  140,    0
  2658, 10475,20170526,  175,    0
  2658, 10475,20170527,  175,    0
  2658, 10475,20170528,  138,    0
  2658, 10475,20170529,  165,    0
  2658, 10475,20170530,  155,    0
  2658, 10475,20170531,  112,    0
  2658, 10475,20170601,  125,    0
  2658, 10475,20170602,   88,    0
  2658, 10475,20170603,  113,    0
  2658, 10475,20170604,  128,    0
  2658, 10475,20170605,  121,    0
  2658, 10475,20170606,  138,    0
  2658, 10475,20170607,  110,    0
  2658, 10475,20170608,  111,    0
  2658, 10475,20170609,  111,    0
  2658, 10475,20170610,  142,    0
  2658, 10475,20170611,  128,    0
  2658, 10475,20170612,  125,    0
  2658, 10475,20170613,  137,    0
  2658, 10475,20170614,  148,    0
  2658, 10475,20170615,  150,    0
  2658, 10475,20170616,  149,    0
  2658, 10475,20170617,  170,    0
  2658, 10475,20170618,  177,    0
  2658, 10475,20170619,  158,    0
  2658, 10475,20170620,  122,    0
  2658, 10475,20170621,  150,    0
  2658, 10475,20170622,  131,    0
  2658, 10475,20170623,  130,    0
  2658, 10475,20170624,  118,    0
  2658, 10475,20170625,   99,    0
  2658, 10475,20170626,  118,    0
  2658, 10475,20170627,  124,    0
  2658, 10475,20170628,  137,    0
  2658, 10475,20170629,  141,    0
  2658, 10475,20170630,  173,    0
  2658, 10475,20170701,  178,    0
  2658, 10475,20170702,  124,    0
  2658, 10475,20170703,  118,    0
  2658, 10475,20170704,  144,    0
  2658, 10475,20170705,  150,    0
  2658, 10475,20170706,  142,    0
  2658, 10475,20170707,  129,    0
  2658, 10475,20170708,  145,    0
  2658, 10475,20170709,  128,    0
  2658, 10475,20170710,  133,    0
  2658, 10475,20170711,  130,    0
  2658, 10475,20170712,  131,    0
  2658, 10475,20170713,  128,    0
  2658, 10475,20170714,  119,    0
  2658, 10475,20170715,  132,    0
  2658, 10475,20170716,  139,    0
  2658, 10475,20170717,  128,    0
  2658, 10475,20170718,  150,    0
  2658, 10475,20170719,  154,    0
  2658, 10475,20170720,  163,    0
  2658, 10475,20170721,  142,    0
  2658, 10475,20170722,  156,    0
  2658, 10475,20170723,  160,    0
  2658, 10475,20170724,  156,    0
  2658, 10475,20170725,  153,    0
  2658, 10475,20170726,  152,    0
  2658, 10475,20170727,  132,    0
  2658, 10475,20170728,  123,    0
  2658, 10475,20170729,  126,    0
  2658, 10475,20170730,  119,    0
  2658, 10475,20170731,  134,    0
  2658, 10475,20170801,  138,    0
  2658, 10475,20170802,  125,    0
  2658, 10475,20170803,  120,    0
  2658, 10475,20170804,  132,    0
  2658, 10475,20170805,  138,    0
  2658, 10475,20170806,  130,    0
  2658, 10475,20170807,  104,    0
  2658, 10475,20170808,  137,    0
  2658, 10475,20170809,  130,    0
  2658, 10475,20170810,  147,    0
  2658, 10475,20170811,  126,    0
  2658, 10475,20170812,  146,    0
  2658, 10475,20170813,  122,    0
  2658, 10475,20170814,  113,    0
  2658, 10475,20170815,  134,    0
  2658, 10475,20170816,  132,    0
  2658, 10475,20170817,  113,    0
  2658, 10475,20170818,  136,    0
  2658, 10475,20170819,  114,    0
  2658, 10475,20170820,  130,    0
  2658, 10475,20170821,  154,    0
  2658, 10475,20170822,  132,    0
  2658, 10475,20170823,  124,    0
  2658, 10475,20170824,  111,    0
  2658, 10475,20170825,  135,    0
  2658, 10475,20170826,  114,    0
  2658, 10475,20170827,  125,    0
  2658, 10475,20170828,  122,    0
  2658, 10475,20170829,  143,    0
  2658, 10475,20170830,  111,    0
  2658, 10475,20170831,  120,    0
  2658, 10475,20170901,  103,    0
  2658, 10475,20170902,  100,    0
  2658, 10475,20170903,  102,    0
  2658, 10475,20170904,  111,    0
  2658, 10475,20170905,  116,    0
  2658, 10475,20170906,  148,    0
  2658, 10475,20170907,  109,    0
  2658, 10475,20170908,  105,    0
  2658, 10475,20170909,  107,    0
  2658, 10475,20170910,  102,    0
  2658, 10475,20170911,  119,    0
  2658, 10475,20170912,  112,    0
  2658, 10475,20170913,   97,    0
  2658, 10475,20170914,   98,    0
  2658, 10475,20170915,  105,    0
  2658, 10475,20170916,  101,    0
  2658, 10475,20170917,   98,    0
  2658, 10475,20170918,  105,    0
  2658, 10475,20170919,  108,    0
  2658, 10475,20170920,   96,    0
  2658, 10475,20170921,   92,    0
  2658, 10475,20170922,   91,    0
  2658, 10475,20170923,  107,    0
  2658, 10475,20170924,  118,    0
  2658, 10475,20170925,  130,    0
  2658, 10475,20170926,  119,    0
  2658, 10475,20170927,  124,    0
  2658, 10475,20170928,  124,    0
  2658, 10475,20170929,  118,    0
  2658, 10475,20170930,  110,    0
  2658, 10475,20171001,  114,    0
  2658, 10475,20171002,  106,    0
  2658, 10475,20171003,  104,    0
  2658, 10475,20171004,   73,    0
  2658, 10475,20171005,   87,    0
  2658, 10475,20171006,   94,    0
  2658, 10475,20171007,   67,    0
  2658, 10475,20171008,   36,    0
  2658, 10475,20171009,   28,    0
  2658, 10475,20171010,   30,    0
  2658, 10475,20171011,   58,    0
  2658, 10475,20171012,   82,    0
  2658, 10475,20171013,   67,    0
  2658, 10475,20171014,  114,    0
  2658, 10475,20171015,   92,    0
  2658, 10475,20171016,  100,    0
  2658, 10475,20171017,   97,    0
  2658, 10475,20171018,   58,    0
  2658, 10475,20171019,   48,    0
  2658, 10475,20171020,   77,    0
  2658, 10475,20171021,   81,    0
  2658, 10475,20171022,   68,    0
  2658, 10475,20171023,   49,    0
  2658, 10475,20171024,   77,    0
  2658, 10475,20171025,   83,    0
  2658, 10475,20171026,   86,    0
  2658, 10475,20171027,   59,    0
  2658, 10475,20171028,   87,    0
  2658, 10475,20171029,   56,    0
  2658, 10475,20171030,   32,    0
  2658, 10475,20171031,   46,    0
  2658, 10475,20171101,   78,    0
  2658, 10475,20171102,   81,    0
  2658, 10475,20171103,   40,    0
  2658, 10475,20171104,   53,    0
  2658, 10475,20171105,   54,    0
  2658, 10475,20171106,   19,    0
  2658, 10475,20171107,   12,    0
  2658, 10475,20171108,   43,    0
  2658, 10475,20171109,   54,    0
  2658, 10475,20171110,   33,    0
  2658, 10475,20171111,   27,    0
  2658, 10475,20171112,   34,    0
  2658, 10475,20171113,   -3,    0
  2658, 10475,20171114,    8,    0
  2658, 10475,20171115,   32,    0
  2658, 10475,20171116,    9,    0
  2658, 10475,20171117,   38,    0
  2658, 10475,20171118,   26,    0
  2658, 10475,20171119,   16,    0
  2658, 10475,20171120,  -30,    0
  2658, 10475,20171121,  -26,    0
  2658, 10475,20171122,   -9,    0
  2658, 10475,20171123,   49,    0
  2658, 10475,20171124,   13,    0
  2658, 10475,20171125,    2,    0
  2658, 10475,20171126,   10,    0
  2658, 10475,20171127,   -8,    0
  2658, 10475,20171128,  -14,    0
  2658, 10475,20171129,  -67,    0
  2658, 10475,20171130,  -56,    0
  2658, 10475,20171201,  -73,    0
  2658, 10475,20171202,  -18,    0
  2658, 10475,20171203,   29,    0
  2658, 10475,20171204,   12,    0
  2658, 10475,20171205,   64,    0
  2658, 10475,20171206,   50,    0
  2658, 10475,20171207,   55,    0
  2658, 10475,20171208,   21,    0
  2658, 10475,20171209,    4,    0
  2658, 10475,20171210,  -50,    0
  2658, 10475,20171211,  -22,    0
  2658, 10475,20171212,  -64,    0
  2658, 10475,20171213,  -25,    0
  2658, 10475,20171214,    2,    0
  2658, 10475,20171215,  -46,    0
  2658, 10475,20171216, -107,    0
  2658, 10475,20171217,  -93,    0
  2658, 10475,20171218,  -31,    0
  2658, 10475,20171219,   -9,    0
  2658, 10475,20171220,    0,    0
  2658, 10475,20171221,   20,    0
  2658, 10475,20171222,   41,    0
  2658, 10475,20171223,   92,    0
  2658, 10475,20171224,   31,    0
  2658, 10475,20171225,   19,    0
  2658, 10475,20171226,   34,    0
  2658, 10475,20171227,    4,    0
  2658, 10475,20171228,  -21,    0
  2658, 10475,20171229,  -56,    0
  2658, 10475,20171230,  -19,    0
  2658, 10475,20171231,  -10,    0
  2658, 10475,20180101,   15,    0
  2658, 10475,20180102,   -2,    0
  2658, 10475,20180103,   10,    0
  2658, 10475,20180104,    6,    0
  2658, 10475,20180105,   -3,    0
  2658, 10475,20180106,  -67,    0
  2658, 10475,20180107,  -50,    0
  2658, 10475,20180108,  -33,    0
  2658, 10475,20180109,  -37,    0
  2658, 10475,20180110,    2,    0
  2658, 10475,20180111,    3,    0
  2658, 10475,20180112,  -11,    0
  2658, 10475,20180113,  -12,    0
  2658, 10475,20180114,  -19,    0
  2658, 10475,20180115,   -8,    0
  2658, 10475,20180116,  -15,    0
  2658, 10475,20180117,  -51,    0
  2658, 10475,20180118,  -41,    0
  2658, 10475,20180119,  -26,    0
  2658, 10475,20180120,  -13,    0
  2658, 10475,20180121,  -23,    0
  2658, 10475,20180122,  -10,    0
  2658, 10475,20180123,   -3,    0
  2658, 10475,20180124,   32,    0
  2658, 10475,20180125,   25,    0
  2658, 10475,20180126,  -15,    0
  2658, 10475,20180127,  -57,    0
  2658, 10475,20180128,   36,    0
  2658, 10475,20180129,   19,    0
  2658, 10475,20180130,   25,    0
  2658, 10475,20180131,    5,    0
  2658, 10475,20180201,   -5,    0
  2658, 10475,20180202,  -63,    0
  2658, 10475,20180203,  -95,    0
  2658, 10475,20180204,  -85,    0
  2658, 10475,20180205, -113,    0
  2658, 10475,20180206, -112,    0
  2658, 10475,20180207,  -62,    0
  2658, 10475,20180208,  -38,    0
  2658, 10475,20180209,    1,    0
  2658, 10475,20180210,   -9,    0
  2658, 10475,20180211,   -9,    0
  2658, 10475,20180212,   -7,    0
  2658, 10475,20180213,  -47,    0
  2658, 10475,20180214,    4,    0
  2658, 10475,20180215,  -11,    0
  2658, 10475,20180216,  -22,    0
  2658, 10475,20180217,  -31,    0
  2658, 10475,20180218,    3,    0
  2658, 10475,20180219,  -29,    0
  2658, 10475,20180220,  -25,    0
  2658, 10475,20180221,  -24,    0
  2658, 10475,20180222,  -47,    0
  2658, 10475,20180223,  -78,    0
  2658, 10475,20180224,  -36,    0
  2658, 10475,20180225,  -62,    0
  2658, 10475,20180226, -119,    0
  2658, 10475,20180227,  -97,    0
  2658, 10475,20180228, -126,    0
  2658, 10475,20180301, -111,    0
  2658, 10475,20180302,  -65,    0
  2658, 10475,20180303,  -53,    0
  2658, 10475,20180304,  -45,    0
  2658, 10475,20180305,  -45,    0
  2658, 10475,20180306,  -32,    0
  2658, 10475,20180307,  -12,    0
  2658, 10475,20180308,  -19,    0
  2658, 10475,20180309,  -23,    0
  2658, 10475,20180310,  -15,    0
  2658, 10475,20180311,  -22,    0
  2658, 10475,20180312,   -5,    0
  2658, 10475,20180313,  -12,    0
  2658, 10475,20180314,    1,    0
  2658, 10475,20180315,  -33,    0
  2658, 10475,20180316,  -59,    0
  2658, 10475,20180317,  -72,    0
  2658, 10475,20180318,  -76,    0
  2658, 10475,20180319,  -20,    0
  2658, 10475,20180320,  -12,    0
  2658, 10475,20180321,   10,    0
  2658, 10475,20180322,    3,    0
  2658, 10475,20180323,  -13,    0
  2658, 10475,20180324,   28,    0
  2658, 10475,20180325,   -5,    0
  2658, 10475,20180326,   -7,    0
  2658, 10475,20180327,  -22,    0
  2658, 10475,20180328,  -33,    0
  2658, 10475,20180329,  -26,    0
  2658, 10475,20180330,  -42,    0
  2658, 10475,20180331,  -31,    0
  2658, 10475,20180401,  -16,    0
  2658, 10475,20180402,  -25,    0
  2658, 10475,20180403,  -22,    0
  2658, 10475,20180404,   18,    0
  2658, 10475,20180405,   20,    0
  2658, 10475,20180406,   24,    0
  2658, 10475,20180407,   25,    0
  2658, 10475,20180408,   23,    0
  2658, 10475,20180409,   38,    0
  2658, 10475,20180410,   44,    0
  2658, 10475,20180411,   53,    0
  2658, 10475,20180412,   63,    0
  2658, 10475,20180413,   73,    0
  2658, 10475,20180414,   85,    0
  2658, 10475,20180415,   69,    0
  2658, 10475,20180416,   35,    0
  2658, 10475,20180417,   43,    0
  2658, 10475,20180418,   64,    0
  2658, 10475,20180419,   75,    0
  2658, 10475,20180420,   76,    0
  2658, 10475,20180421,   72,    0
  2658, 10475,20180422,   49,    0
  2658, 10475,20180423,   52,    0
  2658, 10475,20180424,   57,    0
  2658, 10475,20180425,   60,    0
  2658, 10475,20180426,   36,    0
  2658, 10475,20180427,   46,    0
  2658, 10475,20180428,   46,    0
  2658, 10475,20180429,   65,    0
  2658, 10475,20180430,   54,    0
  2658, 10475,20180501,   45,    0
  2658, 10475,20180502,   56,    0
  2658, 10475,20180503,   61,    0
  2658, 10475,20180504,   55,    0
  2658, 10475,20180505,  102,    0
  2658, 10475,20180506,  123,    0
  2658, 10475,20180507,  123,    0
  2658, 10475,20180508,  137,    0
  2658, 10475,20180509,  144,    0
  2658, 10475,20180510,  123,    0
  2658, 10475,20180511,  132,    0
  2658, 10475,20180512,  103,    0
  2658, 10475,20180513,  145,    0
  2658, 10475,20180514,  164,    0
  2658, 10475,20180515,  172,    0
  2658, 10475,20180516,  149,    0
  2658, 10475,20180517,  146,    0
  2658, 10475,20180518,  141,    0
  2658, 10475,20180519,  130,    0
  2658, 10475,20180520,  120,    0
  2658, 10475,20180521,  138,    0
  2658, 10475,20180522,  154,    0
  2658, 10475,20180523,  160,    0
  2658, 10475,20180524,  163,    0
  2658, 10475,20180525,  188,    0
  2658, 10475,20180526,  193,    0
  2658, 10475,20180527,  194,    0
  2658, 10475,20180528,  134,    0
  2658, 10475,20180529,  164,    0
  2658, 10475,20180530,  204,    0
  2658, 10475,20180531,  196,    0
  2658, 10475,20180601,  187,    0
  2658, 10475,20180602,  213,    0
  2658, 10475,20180603,  218,    0
  2658, 10475,20180604,  202,    0
  2658, 10475,20180605,  161,    0
  2658, 10475,20180606,  160,    0
  2658, 10475,20180607,  175,    0
  2658, 10475,20180608,  180,    0
  2658, 10475,20180609,  171,    0
  2658, 10475,20180610,  147,    0
  2658, 10475,20180611,  152,    0
  2658, 10475,20180612,  169,    0
  2658, 10475,20180613,  176,    0
  2658, 10475,20180614,  111,    0
  2658, 10475,20180615,  116,    0
  2658, 10475,20180616,  115,    0
  2658, 10475,20180617,  125,    0
  2658, 10475,20180618,  121,    0
  2658, 10475,20180619,  112,    0
  2658, 10475,20180620,   84,    0
  2658, 10475,20180621,  110,    0
  2658, 10475,20180622,  122,    0
  2658, 10475,20180623,  141,    0
  2658, 10475,20180624,  171,    0
  2658, 10475,20180625,  219,    0
  2658, 10475,20180626,  205,    0
  2658, 10475,20180627,  192,    0
  2658, 10475,20180628,  192,    0
  2658, 10475,20180629,  167,    0
  2658, 10475,20180630,  164,    0
  2658, 10475,20180701,  160,    0
  2658, 10475,20180702,  184,    0
  2658, 10475,20180703,  214,    0
  2658, 10475,20180704,  204,    0
  2658, 10475,20180705,  206,    0
  2658, 10475,20180706,  193,    0
  2658, 10475,20180707,  202,    0
  2658, 10475,20180708,  189,    0
  2658, 10475,20180709,  178,    0
  2658, 10475,20180710,  202,    0
  2658, 10475,20180711,  204,    0
  2658, 10475,20180712,  198,    0
  2658, 10475,20180713,  199,    0
  2658, 10475,20180714,  201,    0
  2658, 10475,20180715,  194,    0
  2658, 10475,20180716,  193,    0
  2658, 10475,20180717,  199,    0
  2658, 10475,20180718,  192,    0
  2658, 10475,20180719,  204,    0
  2658, 10475,20180720,  183,    0
  2658, 10475,20180721,  175,    0
  2658, 10475,20180722,  199,    0
  2658, 10475,20180723,  211,    0
  2658, 10475,20180724,  185,    0
  2658, 10475,20180725,  193,    0
  2658, 10475,20180726,  195,    0
  2658, 10475,20180727,  226,    0
  2658, 10475,20180728,  215,    0
  2658, 10475,20180729,  175,    0
  2658, 10475,20180730,  174,    0
  2658, 10475,20180731,  174,    0
  2658, 10475,20180801,  178,    0
  2658, 10475,20180802,  160,    0
  2658, 10475,20180803,  168,    0
  2658, 10475,20180804,  175,    0
  2658, 10475,20180805,  151,    0
  2658, 10475,20180806,  127,    0
  2658, 10475,20180807,  161,    0
  2658, 10475,20180808,  161,    0
  2658, 10475,20180809,  127,    0
  2658, 10475,20180810,  126,    0
  2658, 10475,20180811,  126,    0
  2658, 10475,20180812,  128,    0
  2658, 10475,20180813,  126,    0
  2658, 10475,20180814,  156,    0
  2658, 10475,20180815,  143,    0
  2658, 10475,20180816,  152,    0
  2658, 10475,20180817,  128,    0
  2658, 10475,20180818,  134,    0
  2658, 10475,20180819,  132,    0
  2658, 10475,20180820,  117,    0
  2658, 10475,20180821,  120,    0
  2658, 10475,20180822,  130,    0
  2658, 10475,20180823,  128,    0
  2658, 10475,20180824,  108,    0
  2658, 10475,20180825,   88,    0
  2658, 10475,20180826,  105,    0
  2658, 10475,20180827,  106,    0
  2658, 10475,20180828,  129,    0
  2658, 10475,20180829,  117,    0
  2658, 10475,20180830,  129,    0
  2658, 10475,20180831,  117,    0
  2658, 10475,20180901,  112,    0
  2658, 10475,20180902,  107,    0
  2658, 10475,20180903,  124,    0
  2658, 10475,20180904,  142,    0
  2658, 10475,20180905,  135,    0
  2658, 10475,20180906,  146,    0
  2658, 10475,20180907,  138,    0
  2658, 10475,20180908,  117,    0
  2658, 10475,20180909,  115,    0
  2658, 10475,20180910,  118,    0
  2658, 10475,20180911,  115,    0
  2658, 10475,20180912,  107,    0
  2658, 10475,20180913,   99,    0
  2658, 10475,20180914,   95,    0
  2658, 10475,20180915,   83,    0
  2658, 10475,20180916,   71,    0
  2658, 10475,20180917,  105,    0
  2658, 10475,20180918,  145,    0
  2658, 10475,20180919,  142,    0
  2658, 10475,20180920,  101,    0
  2658, 10475,20180921,   91,    0
  2658, 10475,20180922,   82,    0
  2658, 10475,20180923,   78,    0
  2658, 10475,20180924,   67,    0
  2658, 10475,20180925,   66,    0
  2658, 10475,20180926,  118,    0
  2658, 10475,20180927,   92,    0
  2658, 10475,20180928,   65,    0
  2658, 10475,20180929,   81,    0
  2658, 10475,20180930,   76,    0
  2658, 10475,20181001,   52,    0
  2658, 10475,20181002,   58,    0
  2658, 10475,20181003,   70,    0
  2658, 10475,20181004,   63,    0
  2658, 10475,20181005,   67,    0
  2658, 10475,20181006,   47,    0
  2658, 10475,20181007,   42,    0
  2658, 10475,20181008,   96,    0
  2658, 10475,20181009,  111,    0
  2658, 10475,20181010,  108,    0
  2658, 10475,20181011,  112,    0
  2658, 10475,20181012,  121,    0
  2658, 10475,20181013,  138,    0
  2658, 10475,20181014,  125,    0
  2658, 10475,20181015,   88,    0
  2658, 10475,20181016,   61,    0
  2658, 10475,20181017,   86,    0
  2658, 10475,20181018,   63,    0
  2658, 10475,20181019,   50,    0
  2658, 10475,20181020,   67,    0
  2658, 10475,20181021,   99,    0
  2658, 10475,20181022,   64,    0
  2658, 10475,20181023,   82,    0
  2658, 10475,20181024,   66,    0
  2658, 10475,20181025,   70,    0
  2658, 10475,20181026,   27,    0
  2658, 10475,20181027,    5,    0
  2658, 10475,20181028,  -28,    0
  2658, 10475,20181029,   -4,    0
  2658, 10475,20181030,   21,    0
  2658, 10475,20181031,   38,    0
  2658, 10475,20181101,   53,    0
  2658, 10475,20181102,   54,    0
  2658, 10475,20181103,   36,    0
  2658, 10475,20181104,   68,    0
  2658, 10475,20181105,   64,    0
  2658, 10475,20181106,   73,    0
  2658, 10475,20181107,   79,    0
  2658, 10475,20181108,   74,    0
  2658, 10475,20181109,   63,    0
  2658, 10475,20181110,   74,    0
  2658, 10475,20181111,   86,    0
  2658, 10475,20181112,   73,    0
  2658, 10475,20181113,   58,    0
  2658, 10475,20181114,   43,    0
  2658, 10475,20181115,   76,    0
  2658, 10475,20181116,   48,    0
  2658, 10475,20181117,    9,    0
  2658, 10475,20181118,   23,    0
  2658, 10475,20181119,   -7,    0
  2658, 10475,20181120,  -15,    0
  2658, 10475,20181121,    9,    0
  2658, 10475,20181122,  -33,    0
  2658, 10475,20181123,  -50,    0
  2658, 10475,20181124,  -21,    0
  2658, 10475,20181125,  -26,    0
  2658, 10475,20181126,  -86,    0
  2658, 10475,20181127,  -46,    0
  2658, 10475,20181128,   -1,    0
  2658, 10475,20181129,    9,    0
  2658, 10475,20181130,   40,    0
  2658, 10475,20181201,   23,    0
  2658, 10475,20181202,   27,    0
  2658, 10475,20181203,   34,    0
  2658, 10475,20181204,   17,    0
  2658, 10475,20181205,  -36,    0
  2658, 10475,20181206,   -5,    0
  2658, 10475,20181207,    4,    0
  2658, 10475,20181208,    2,    0
  2658, 10475,20181209,   -2,    0
  2658, 10475,20181210,   26,    0
  2658, 10475,20181211,  -32,    0
  2658, 10475,20181212,  -38,    0
  2658, 10475,20181213,  -28,    0
  2658, 10475,20181214,  -29,    0
  2658, 10475,20181215,   -7,    0
  2658, 10475,20181216,   -3,    0
  2658, 10475,20181217,  -19,    0
  2658, 10475,20181218,  -16,    0
  2658, 10475,20181219,   17,    0
  2658, 10475,20181220,   14,    0
  2658, 10475,20181221,   -1,    0
  2658, 10475,20181222,  -35,    0
  2658, 10475,20181223,  -72,    0
  2658, 10475,20181224,  -15,    0
  2658, 10475,20181225,   53,    0
  2658, 10475,20181226,   51,    0
  2658, 10475,20181227,   47,    0
  2658, 10475,20181228,   13,    0
  2658, 10475,20181229,   27,    0
  2658, 10475,20181230,   21,    0
  2658, 10475,20181231,   31,    0
  2658, 10475,20190101,   34,    0
  2658, 10475,20190102,   -6,    0
  2658, 10475,20190103,  -11,    0
  2658, 10475,20190104,   72,    0
  2658, 10475,20190105,   43,    0
  2658, 10475,20190106,   25,    0
  2658, 10475,20190107,   -7,    0
  2658, 10475,20190108,   18,    0
  2658, 10475,20190109,  -14,    0
  2658, 10475,20190110,   22,    0
  2658, 10475,20190111,   45,    0
  2658, 10475,20190112,  -21,    0
  2658, 10475,20190113,   25,    0
  2658, 10475,20190114,  -16,    0
  2658, 10475,20190115,    6,    0
  2658, 10475,20190116,   18,    0
  2658, 10475,20190117,  -20,    0
  2658, 10475,20190118,  -24,    0
  2658, 10475,20190119,  -37,    0
  2658, 10475,20190120,  -49,    0
  2658, 10475,20190121,  -21,    0
  2658, 10475,20190122,  -32,    0
  2658, 10475,20190123,  -16,    0
  2658, 10475,20190124,  -18,    0
  2658, 10475,20190125,  -28,    0
  2658, 10475,20190126,  -35,    0
  2658, 10475,20190127,  -43,    0
  2658, 10475,20190128,  -78,    0
  2658, 10475,20190129, -102,    0
  2658, 10475,20190130,  -20,    0
  2658, 10475,20190131,  -29,    0
  2658, 10475,20190201,  -19,    0
  2658, 10475,20190202,  -30,    0
  2658, 10475,20190203,  -97,    0
  2658, 10475,20190204,  -35,    0
  2658, 10475,20190205,   -7,    0
  2658, 10475,20190206,  -41,    0
  2658, 10475,20190207,   -7,    0
  2658, 10475,20190208,   -7,    0
  2658, 10475,20190209,   11,    0
  2658, 10475,20190210,   30,    0
  2658, 10475,20190211,    1,    0
  2658, 10475,20190212,   12,    0
  2658, 10475,20190213,   51,    0
  2658, 10475,20190214,   41,    0
  2658, 10475,20190215,   19,    0
  2658, 10475,20190216,   18,    0
  2658, 10475,20190217,   16,    0
  2658, 10475,20190218,   21,    0
  2658, 10475,20190219,   39,    0
  2658, 10475,20190220,   27,    0
  2658, 10475,20190221,   27,    0
  2658, 10475,20190222,   12,    0
  2658, 10475,20190223,   24,    0
  2658, 10475,20190224,   37,    0
  2658, 10475,20190225,   45,    0
  2658, 10475,20190226,   49,    0
  2658, 10475,20190227,   46,    0
  2658, 10475,20190228,   42,    0
  2658, 10475,20190301,    0,    0
  2658, 10475,20190302,   -9,    0
  2658, 10475,20190303,   28,    0
  2658, 10475,20190304,   15,    0
  2658, 10475,20190305,    1,    0
  2658, 10475,20190306,   -1,    0
  2658, 10475,20190307,   10,    0
  2658, 10475,20190308,   14,    0
  2658, 10475,20190309,    5,    0
  2658, 10475,20190310,  -24,    0
  2658, 10475,20190311,  -34,    0
  2658, 10475,20190312,  -11,    0
  2658, 10475,20190313,    2,    0
  2658, 10475,20190314,   -4,    0
  2658, 10475,20190315,   -1,    0
  2658, 10475,20190316,    5,    0
  2658, 10475,20190317,   21,    0
  2658, 10475,20190318,   22,    0
  2658, 10475,20190319,    5,    0
  2658, 10475,20190320,   48,    0
  2658, 10475,20190321,   56,    0
  2658, 10475,20190322,   23,    0
  2658, 10475,20190323,   40,    0
  2658, 10475,20190324,   32,    0
  2658, 10475,20190325,   42,    0
  2658, 10475,20190326,   46,    0
  2658, 10475,20190327,   66,    0
  2658, 10475,20190328,   71,    0
  2658, 10475,20190329,   72,    0
  2658, 10475,20190330,   50,    0
  2658, 10475,20190331,   11,    0
  2658, 10475,20190401,    3,    0
  2658, 10475,20190402,   34,    0
  2658, 10475,20190403,   36,    0
  2658, 10475,20190404,   76,    0
  2658, 10475,20190405,   81,    0
  2658, 10475,20190406,   95,    0
  2658, 10475,20190407,   59,    0
  2658, 10475,20190408,   38,    0
  2658, 10475,20190409,    9,    0
  2658, 10475,20190410,    2,    0
  2658, 10475,20190411,    5,    0
  2658, 10475,20190412,   14,    0
  2658, 10475,20190413,   25,    0
  2658, 10475,20190414,   19,    0
  2658, 10475,20190415,   28,    0
  2658, 10475,20190416,   33,    0
  2658, 10475,20190417,   56,    0
  2658, 10475,20190418,   84,    0
  2658, 10475,20190419,  101,    0
  2658, 10475,20190420,  101,    0
  2658, 10475,20190421,   96,    0
  2658, 10475,20190422,   96,    0
  2658, 10475,20190423,-9999,    9
  2658, 10475,20190424,  101,    0
  2658, 10475,20190425,  103,    0
  2658, 10475,20190426,  127,    0
  2658, 10475,20190427,   90,    0
  2658, 10475,20190428,   86,    0
  2658, 10475,20190429,  130,    0
  2658, 10475,20190430,  143,    0
